-0.514379143715   -0.772892177105   -0.371553122997
-0.0696734264493   0.469498962164   -0.880179703236
0.854727864265   -0.426858723164   -0.295350521803
-0.138881877065   -0.862287759781   0.48700273037
0.711747586727   0.255017668009   0.654508531094
-0.688568949699   0.437522381544   0.578313887119
0.770619750023   0.217934653163   -0.59887367487
0.258308559656   0.752247691154   0.606135368347
0.58259922266   -0.621794104576   0.523402571678
0.949468076229   -0.197475537658   0.243954494596
0.102613732219   0.929855704308   0.353325277567
-0.296615570784   -0.310437977314   0.903132021427
-0.60963255167   0.730689644814   -0.307312220335
0.405359536409   -0.0457905754447   -0.913009762764
-0.681198835373   -0.681172430515   -0.268276572227
0.59928894043   -0.682714164257   0.418036073446
0.534535646439   0.729994356632   0.425887137651
-0.595923185349   -0.0317742712796   0.802412629128
0.228798255324   -0.949201822281   -0.216026052833
-0.819372177124   -0.0679567232728   -0.569219708443
0.525623977184   0.30724221468   -0.793297946453
0.94731014967   -0.195702269673   0.25358247757
-0.113069064915   -0.944998383522   -0.306909441948
0.299697935581   0.262066096067   -0.91733443737
-0.993809938431   0.0813734903932   0.0756315663457
-0.107364743948   -0.528607845306   -0.842049002647
-0.0285410247743   -0.844956874847   0.534072399139
-0.986041843891   0.0764436125755   -0.147911757231
0.0656656697392   0.994910001755   0.0764335244894
0.153001755476   0.0656539276242   -0.986042618752
-0.890142142773   -0.220514714718   -0.398773342371
-0.454837650061   0.376681804657   0.80699044466
-0.0277425963432   0.899713337421   -0.435598760843
0.894754171371   0.0347046069801   -0.445208460093
-0.443794041872   0.179878696799   -0.877889811993
0.0496166981757   0.983076393604   0.176348924637
0.19269990921   0.685388326645   0.702217578888
-0.37629827857   0.712533950806   -0.592195093632
-0.906237483025   -0.150127351284   0.395215690136
-0.442635565996   0.803718686104   0.397630512714
0.865061104298   0.265981733799   0.425350427628
0.236099645495   0.532249927521   -0.812998771667
-0.839343726635   0.521185040474   0.154493361712
-0.48464050889   -0.846178293228   0.221598491073
0.246222749352   0.11112356931   0.96282184124
-0.0174336675555   0.59879386425   -0.800713419914
0.516283512115   0.691202700138   0.505658090115
0.856240272522   -0.404579699039   -0.321197599173
0.733161687851   -0.679885923862   0.0151364952326
0.666557371616   0.714020192623   -0.21418774128
0.134815454483   0.167123585939   0.976675212383
-0.218065798283   -0.918591976166   0.329599916935
-0.962033092976   0.259128659964   0.0857008546591
-0.164132907987   -0.298397600651   -0.940222978592
0.116444803774   0.922312557697   0.368483662605
0.869111537933   -0.274194359779   0.411658316851
0.480713754892   0.272317916155   -0.833521008492
0.916855454445   -0.0117746200413   -0.399045646191
-0.0573087669909   -0.993094146252   -0.102370612323
-0.395084530115   0.116727873683   -0.911198556423
0.816128194332   0.12802644074   0.563510417938
-0.566545665264   -0.0148442247882   0.8238966465
0.113845422864   -0.991659641266   0.0604180321097
0.209908768535   -0.66063117981   -0.720766782761
0.976253211498   0.101240739226   0.191520094872
-0.053553186357   -0.743852615356   0.666194677353
-0.505467951298   0.343535780907   -0.791508257389
-0.845973610878   -0.0167964920402   0.532960116863
0.169796302915   0.938989400864   0.299112290144
-0.299752354622   0.863794803619   0.404977828264
-0.176672667265   -0.467415899038   0.866203844547
0.937515497208   0.18809813261   0.292717933655
0.160907775164   0.747580885887   -0.644384562969
0.642600595951   -0.574902534485   -0.506509184837
-0.74911493063   -0.332580626011   -0.572902202606
-0.222922578454   0.427110403776   -0.876288890839
-0.909849703312   -0.413871049881   0.0297360923141
-0.349970012903   0.803920030594   0.480867475271
0.94878256321   0.185664996505   0.255617201328
-0.0124439299107   0.830429136753   -0.556985318661
-0.315684646368   0.525277078152   0.790207087994
-0.0839505270123   -0.84519225359   -0.527827978134
-0.0280526690185   0.531492471695   -0.84659832716
0.996074974537   -0.0562653914094   -0.0683289691806
0.923596918583   -0.105338469148   0.368608862162
-0.105048201978   0.85516756773   0.507595598698
-0.368691682816   -0.507535457611   0.778764545918
-0.961495578289   -0.266476988792   -0.0672033429146
0.261531472206   -0.962344527245   0.0741231888533
-0.0844248905778   0.0536933280528   0.994982123375
0.206714659929   -0.159933447838   0.965241074562
0.244246840477   -0.946878790855   -0.209198504686
0.947424173355   0.27900147438   -0.156670480967
-0.338788032532   -0.242640182376   0.909037053585
0.837449252605   -0.518141210079   0.173805773258
0.428837329149   0.820155739784   0.378738880157
0.640109658241   0.490802615881   -0.591077327728
0.190816760063   -0.846803843975   -0.496499985456
-0.744210064411   0.205026969314   -0.635700702667
-0.328531891108   0.0868917480111   0.940487444401
0.81273406744   0.533301651478   0.234633177519
-0.481175810099   0.841450631618   -0.245826482773
0.764147818089   -0.261858969927   -0.589498102665
0.503880798817   -0.328245580196   0.798973679543
-0.402718573809   -0.907570779324   -0.118882447481
-0.990414202213   -0.0950805619359   0.100196756423
-0.0692790523171   -0.285618036985   -0.955836176872
0.119499437511   -0.953615248203   0.276293069124
0.744366466999   0.612187922001   0.266729414463
0.248064443469   -0.624350547791   0.740709424019
0.619985997677   -0.485193163157   -0.616607606411
-0.493175297976   0.396711051464   0.774208247662
-0.860880434513   -0.09452688694   -0.499949574471
-0.125152021646   -0.913063526154   0.388139098883
0.386578321457   0.874099731445   -0.294120520353
-0.460897058249   -0.0931293144822   -0.882553577423
-0.798831105232   0.47673535347   0.36686822772
0.717726826668   0.67418295145   0.174199685454
0.591916203499   -0.722470879555   0.357310771942
0.366747051477   -0.153339922428   -0.917596578598
0.622761666775   -0.775224924088   0.105802550912
-0.738562524319   -0.537826240063   0.406532108784
-0.258250445127   -0.33131441474   -0.907489657402
0.473090291023   -0.840203344822   0.265035659075
-0.809809327126   -0.296231925488   0.506414353848
-0.346979022026   -0.454208076   -0.820548951626
0.648741841316   -0.695562064648   -0.308751314878
0.027027240023   -0.384398728609   0.922771453857
-0.760528445244   -0.606985151768   -0.230576440692
-0.161789596081   -0.565080761909   -0.809016644955
0.352611362934   0.73259139061   -0.582215666771
0.921677470207   -0.379464894533   0.08072822541
0.888472795486   0.452192395926   0.078346170485
0.320844084024   -0.489963054657   -0.810552418232
-0.328138917685   0.745290696621   -0.580402135849
-0.227366968989   0.793169915676   0.564965248108
0.626315653324   0.563354313374   -0.538851201534
-0.745676159859   0.231329604983   -0.624862909317
0.108708940446   -0.0751454904675   0.991229295731
0.8816370368   -0.453364610672   -0.131059616804
0.459236830473   0.888151824474   0.016966259107
0.0671271830797   -0.679744005203   -0.730371117592
0.968214809895   0.221154138446   -0.116837419569
0.24094414711   -0.699313163757   0.672983646393
0.14690798521   -0.514758467674   -0.844654798508
0.982822954655   -0.0204671211541   0.183412402868
-0.111700743437   -0.857090890408   0.502909660339
-0.404453754425   0.347499221563   0.845967769623
0.522414445877   0.84702193737   -0.0981680527329
-0.750666618347   0.402241319418   -0.524119794369
-0.115426965058   -0.993081867695   0.0215634889901
-0.964820683002   0.117251694202   0.23531499505
-0.236215412617   0.00635679578409   -0.971679925919
0.464574694633   0.185922145844   -0.865796327591
-0.230212077498   0.969451546669   0.0846524909139
0.855086386204   0.159989371896   0.493184179068
-0.810092389584   -0.369882762432   -0.454903364182
-0.378991007805   -0.261636048555   0.887644290924
-0.447343438864   0.891478180885   0.0717671215534
-0.69767844677   -0.143235236406   -0.70194619894
-0.330837816   -0.804659545422   0.493020683527
-0.635445654392   0.576200246811   0.514005959034
0.0600742548704   -0.324302643538   -0.944043874741
0.672711730003   -0.685564577579   0.278316557407
-0.737461864948   -0.651789069176   0.176977396011
-0.900337517262   0.420967400074   0.110357396305
-0.435062229633   -0.864449739456   -0.251887828112
-0.0106381354854   -0.274796396494   0.961443603039
0.489471822977   -0.866335570812   0.0993979424238
-0.540335714817   -0.211852103472   0.814343869686
-0.684437453747   -0.45230665803   -0.571807742119
-0.587409257889   -0.191436067224   -0.786322236061
-0.433101892471   -0.746413648129   0.505261778831
-0.683646917343   0.63735306263   0.355538934469
-0.34356662631   -0.888269007206   -0.304860860109
0.936279416084   -0.34924069047   -0.0375734753907
-0.0730944648385   -0.298343926668   0.951655447483
0.646514296532   0.356358170509   -0.674557685852
-0.548194408417   -0.397924423218   -0.735621511936
-0.530567705631   0.845378637314   -0.0619102753699
0.761688530445   -0.583696424961   0.281298786402
-0.520744502544   -0.809797227383   -0.270284324884
0.385558992624   0.0593876726925   -0.920769989491
-0.691253721714   -0.345790237188   -0.634505689144
-0.625612974167   -0.153048694134   0.764973521233
-0.361630648375   0.925745785236   -0.110535390675
-0.896919727325   0.193245440722   0.397732585669
0.0960319191217   -0.792862653732   0.601786255836
0.431639760733   0.577948987484   0.692576408386
0.564376652241   0.149499312043   0.811867535114
-0.381919205189   -0.824600756168   0.417338430882
0.731858372688   -0.545603871346   -0.408288747072
-0.444975614548   -0.467137157917   0.764054656029
0.401187062263   -0.866756021976   -0.296281814575
0.800653278828   0.174690663815   0.573094666004
0.810089468956   0.130642876029   0.571565806866
0.170420199633   0.880300819874   -0.442749798298
-0.560991942883   0.456073313951   0.690858304501
-0.622621417046   0.531425476074   -0.57439494133
-0.0291288718581   -0.749260187149   -0.661634802818
-0.781980872154   -0.395216524601   0.481985270977
-0.59012389183   -0.382637530565   0.710874319077
-0.512873411179   0.857712507248   0.0359193459153
-0.623469829559   -0.343391656876   -0.702401220798
0.566159546375   0.485618084669   -0.666061878204
0.0377586260438   -0.822467982769   -0.567556738853
-0.823430418968   0.296178102493   -0.48398438096
0.928043961525   0.354807853699   0.113339059055
0.337617069483   -0.929834246635   0.146366044879
0.157318368554   -0.0975689291954   -0.982716262341
0.682735443115   0.730643689632   -0.00566295627505
0.303687334061   -0.27670827508   0.911705315113
0.664564728737   -0.624173283577   -0.410805761814
0.203513965011   -0.162179142237   -0.965546488762
0.796706438065   0.600636780262   0.0670398846269
0.569070279598   -0.782900631428   0.251447141171
-0.315426647663   0.281190305948   -0.906332194805
-0.251791626215   0.896054923534   0.36563166976
0.914935529232   0.343536823988   -0.211838230491
-0.165844917297   0.0725845694542   -0.983476996422
-0.0489344149828   -0.996664702892   -0.0653060078621
-0.984937012196   0.0372951999307   0.168843656778
0.553465545177   -0.83246833086   -0.0259309560061
0.287503242493   0.16174030304   0.944024324417
-0.781676292419   -0.529940128326   0.328855007887
0.170971482992   0.878432452679   -0.446234434843
0.393463492393   0.354349672794   0.848305821419
0.903302431107   -0.320613056421   -0.285047411919
-0.466338396072   -0.634591042995   0.616297543049
0.202241912484   -0.75472253561   -0.62409299612
0.861177504063   -0.166397348046   0.480297029018
0.167624428868   0.447689682245   -0.878337085247
0.813335895538   0.440689027309   0.379839241505
0.557123601437   -0.778053402901   -0.290251851082
0.259756416082   0.522366046906   -0.812194764614
0.371215552092   0.722425401211   0.583352863789
0.891473829746   -0.453028976917   -0.00625574449077
0.281126409769   0.250029504299   -0.926527500153
0.768776893616   -0.636554718018   0.0614833831787
-0.574412763119   -0.729577541351   -0.371169239283
0.948594331741   0.299701809883   -0.101723238826
0.234722360969   -0.881781995296   -0.409103780985
-0.212306857109   0.364196807146   -0.906800150871
0.754252076149   0.561100184917   0.340984463692
-0.0367036312819   -0.48248654604   0.875134050846
0.655558288097   -0.672586977482   -0.343322068453
0.606565713882   0.0461433976889   0.793693125248
0.334389746189   -0.920524656773   -0.202034279704
0.721291542053   0.38794991374   -0.573788583279
-0.736916661263   0.523110389709   -0.428146421909
-0.208881169558   0.426158338785   0.88020324707
0.642901599407   0.738068163395   -0.2047752738
-0.760538160801   -0.454226016998   -0.463961720467
0.400217443705   -0.890627205372   0.215891540051
-0.511280477047   -0.021491823718   0.85914516449
0.0352227091789   -0.983081519604   -0.179749980569
0.928697288036   -0.0342415571213   0.369254440069
-0.369162142277   -0.179939463735   0.911779105663
-0.632700145245   0.558544516563   0.536394059658
-0.625413954258   0.0399198308587   -0.779271304607
-0.456670463085   -0.828513383865   0.324064254761
0.989589810371   -0.141879335046   0.0241300556809
0.002888050396   -0.148055613041   -0.988974809647
0.143887683749   0.978749096394   -0.146104574203
-0.472738683224   -0.880694568157   0.0299194790423
-0.851073980331   0.447509914637   -0.274605035782
0.22845390439   -0.15528011322   -0.961091518402
0.108218558133   -0.98211055994   -0.154102608562
-0.0630228370428   0.14792355895   -0.986988723278
0.992127418518   0.116522483528   -0.0458873212337
0.34484142065   -0.28086400032   0.895656049252
-0.853729367256   0.302773624659   0.423644125462
-0.390167415142   -0.910737931728   -0.135372951627
0.366960078478   0.262947499752   -0.892299771309
0.440605521202   0.79566603899   0.415670901537
0.819272279739   -0.545686841011   0.176121562719
-0.425991863012   0.22449696064   0.876431405544
-0.897267699242   -0.228972166777   -0.377468407154
0.115937896073   -0.947192072868   0.29897415638
-0.769777059555   0.628041028976   0.114051401615
-0.623674035072   -0.778066515923   0.075121216476
0.135918781161   -0.0133043089882   0.990630626678
-0.58307248354   -0.756286621094   -0.296744048595
0.778544843197   -0.624527215958   0.0619169995189
-0.232151731849   -0.194926455617   0.952947676182
0.0322259962559   -0.742505550385   0.669064283371
0.861654937267   -0.318574428558   -0.395045697689
0.506470382214   0.589233279228   0.629517197609
0.989597558975   0.140959784389   0.0287586320192
-0.0587466098368   0.213469430804   0.975181818008
0.131322324276   -0.966727018356   0.219529733062
-0.766758263111   0.104648247361   -0.63334864378
0.0313373021781   0.991548418999   0.125895380974
0.641170561314   0.0766838937998   -0.763557374477
0.743851900101   -0.551047861576   -0.378193825483
-0.420150578022   -0.825620174408   0.376596391201
-0.519767105579   -0.121233589947   -0.845662236214
0.0894385129213   0.927619695663   -0.362660229206
0.886043787003   0.0921983644366   0.454341113567
0.454892456532   -0.361968457699   -0.813665568829
-0.415620952845   0.847678184509   -0.329698234797
0.906015634537   0.417724341154   -0.0681328475475
0.0799682438374   -0.327029168606   -0.941624641418
-0.961616575718   0.262139052153   -0.0810968205333
0.17850369215   0.373156040907   -0.910434544086
-0.208398669958   -0.889964997768   -0.40562582016
0.598397135735   0.729215979576   -0.331910967827
-0.79952275753   0.516705572605   -0.306233197451
-0.0518099218607   0.448619425297   0.892219901085
-0.643734812737   0.169164463878   -0.746316850185
-0.361855536699   0.792049407959   0.491648584604
0.674289286137   0.586550176144   -0.4486566782
-0.793587327003   0.473971247673   -0.381536930799
0.434588611126   0.00266315368935   -0.900625109673
-0.425854325294   -0.880536317825   -0.208095952868
-0.973829686642   -0.148649483919   0.171927616
0.186466068029   -0.0900430828333   0.978326439857
-0.12994684279   0.984781980515   0.115404710174
-0.573069572449   0.520135819912   0.633285105228
0.694753289223   0.718200087547   0.0388140752912
-0.434636801481   0.462220042944   -0.772944688797
0.934089004993   0.35703766346   -0.00135028571822
-0.34501299262   0.901643574238   -0.26077747345
-0.0918898954988   0.244055226445   0.965398013592
0.997513473034   -0.0702789649367   -0.00527016120031
0.0219245702028   0.380517691374   -0.924513697624
0.0669792592525   0.922099292278   0.381112337112
-0.851967930794   -0.409216105938   0.32663872838
-0.511762201786   0.518940329552   -0.684689998627
0.110680155456   -0.750495254993   -0.651541829109
-0.344498246908   -0.796089708805   0.497556209564
-0.462975382805   -0.316995859146   -0.827748417854
0.816685199738   -0.515514135361   -0.259365409613
0.437673181295   0.30721411109   -0.845021724701
0.31823477149   0.82605445385   0.465145915747
0.840933322906   -0.472497165203   0.263775676489
0.155489742756   -0.411871641874   0.89787787199
-0.96176558733   -0.270565748215   0.0424404256046
0.225454986095   -0.870147049427   -0.438194155693
0.0350377373397   -0.600495696068   -0.798860013485
0.998357474804   0.0572876930237   0.000725001329556
0.0453294850886   -0.797573208809   0.601516604424
-0.996032774448   0.0124369915575   -0.0881139338017
0.0880541875958   -0.00527349719778   -0.996101737022
-0.0128531772643   -0.999908745289   0.00415744679049
-0.563008010387   -0.136031150818   0.815179467201
0.336070656776   0.863443434238   0.376194059849
-0.755035459995   0.485758155584   -0.440409451723
-0.832904338837   0.545082509518   0.0956838726997
0.00398949254304   -0.16697819531   0.985952496529
0.553402543068   0.821585893631   0.136902272701
-0.929185092449   -0.0133276581764   0.369374454021
0.269667059183   0.658995985985   0.702142417431
-0.252774208784   0.752028346062   -0.608735203743
-0.577567815781   0.168903335929   -0.798678338528
0.526198685169   -0.670965492725   -0.522417724133
-0.624123692513   -0.721995174885   0.298651337624
0.300832033157   -0.104601047933   0.947923362255
0.719743847847   -0.627205252647   -0.297627806664
0.625674724579   0.771798014641   -0.113397479057
-0.249356627464   -0.810077667236   -0.530655622482
-0.217187643051   0.580786645412   -0.784548521042
0.943742990494   -0.0803805366158   -0.320761859417
0.948108017445   -0.117612697184   0.2953954041
-0.233512356877   0.372960746288   0.897982358932
-0.215785011649   -0.920362710953   0.326143056154
0.999999701977   -0.00026096162037   0.000735664216336
0.00026124456781   0.999999880791   -0.000384536746424
-0.000735563749913   0.000384728831705   0.999999642372
0.896989881992   -0.403928518295   -0.179585292935
-0.275881528854   -0.828955233097   0.486541479826
-0.345396131277   -0.38687852025   -0.855000913143
0.86595249176   -0.500125825405   0.000703526369762
0.500125467777   0.865952730179   0.000624922860879
-0.000921760627534   -0.000189302008948   0.999999582767
