-0.502426198071   -0.805080631425   -0.315298418005
-0.0862198084574   0.409501098745   -0.9082262905
0.860310444039   -0.429131712917   -0.275157977983
-0.180178346625   -0.857066504238   0.482672529487
0.695062086365   0.236278782598   0.679014751675
-0.696006077204   0.457831130667   0.553142112198
0.789933454874   0.198731267179   -0.580095699274
0.275577283857   0.73005154859   0.625365410799
0.547779424123   -0.653858256694   0.521926319187
0.953468394901   -0.158702518996   0.256342603538
0.0488857002757   0.920372596219   0.387974834799
-0.29750329113   -0.357390255313   0.885304465805
-0.608940616609   0.75441963523   -0.245035384024
0.280034799619   -0.0845585247278   -0.956258525137
-0.742140038299   -0.650923090599   -0.159772631193
0.549786993803   -0.737775730237   0.391690226222
0.557080639493   0.673257847157   0.486194438824
-0.622410975599   -0.0491003372181   0.781148983446
0.238778780062   -0.952226464336   -0.190392895903
-0.782832335728   -0.072742572088   -0.617966060836
0.574593968234   0.296602897531   -0.76280304984
0.946505714871   -0.188061191492   0.262221128002
-0.0960462422545   -0.939974206003   -0.327450166281
0.308061765016   0.284748099736   -0.90775352857
-0.995320275139   0.07946992577   0.0549734553651
-0.0898441729229   -0.551624469333   -0.82923969359
-0.035574913752   -0.83029812461   0.556182928343
-0.986592506372   0.0163331254455   -0.162383667233
0.0112188262627   0.99941323304   0.0323624406051
0.162816965664   0.0301067872383   -0.986196844983
-0.87181846051   -0.260446796156   -0.414849416399
-0.486121715326   0.356041490922   0.798072762742
-0.0601518894323   0.89744187729   -0.437012387792
0.890046047913   0.00852698574938   -0.455790876508
-0.447707322582   0.204714228789   -0.87043106438
0.0858847244916   0.978784641811   0.186022684245
0.228187986746   0.644132886652   0.730084287626
-0.344292901446   0.754802769848   -0.558332496496
-0.910709965202   -0.123958069376   0.394007304904
-0.483470827435   0.773144633962   0.410491576034
0.836830529569   0.270624409938   0.475896095306
0.256847471861   0.573593761927   -0.777830040868
-0.819891563543   0.566482091668   0.0829208288168
-0.547425880869   -0.818099327633   0.176177169577
0.167638685828   0.0990531672673   0.980859694894
-0.00677251952017   0.539592001151   -0.841899403298
0.488069251987   0.736609193471   0.468182978502
0.872778630722   -0.407734433655   -0.268346964522
0.69564469713   -0.710768599109   0.104338170747
0.711560010246   0.661754358143   -0.236143010267
0.0987967973843   0.238514502703   0.966100421709
-0.148889729609   -0.935560553645   0.320247246484
-0.967650576844   0.20455065464   0.147686799748
-0.203676728054   -0.287898385111   -0.935751201068
0.05191670344   0.93282052604   0.356581718687
0.861769612621   -0.222277804503   0.456010649425
0.504636295432   0.283616719928   -0.815416314228
0.942617873288   0.0510093246399   -0.32995392672
0.00313331565885   -0.989568175501   -0.144031275661
-0.333858843362   0.134732604945   -0.93294447738
0.827201133983   0.151703866995   0.541039943698
-0.5477219088   0.00271478670918   0.836656046744
0.125455149587   -0.98842226132   0.085337206247
0.159289765   -0.691497714893   -0.704597531264
0.985647102241   0.0709702698133   0.15317640369
-0.0559156562235   -0.718883948284   0.692877556491
-0.459805978446   0.392973386443   -0.796335594917
-0.848086858486   0.0715635155565   0.525002232094
0.263300479771   0.916760918009   0.300370232486
-0.243401115057   0.890666352392   0.384017377089
-0.178465609667   -0.430290538975   0.884872916432
0.953365576972   0.146845159218   0.263686510575
0.134682678627   0.772264942019   -0.620860238223
0.634099864586   -0.548647880239   -0.544887938242
-0.761431505659   -0.32030042591   -0.563586461292
-0.132871732977   0.454159991689   -0.880956187631
-0.924849227776   -0.376401025382   -0.0545543213128
-0.356369202455   0.80750292262   0.470042574137
0.934949410371   0.138658244918   0.326563150344
0.0621969449795   0.842149513856   -0.535645158988
-0.349286615949   0.521112355859   0.778743072194
-0.0588745099607   -0.870947933578   -0.487835514363
-0.0216640629776   0.489682822723   -0.871631459681
0.998030290348   -0.0407483757492   -0.0476981071073
0.922406814554   -0.145875194092   0.357611655588
-0.0669086820417   0.851572064531   0.51995023529
-0.38037993734   -0.503532964819   0.775735558428
-0.963716424646   -0.227418856705   -0.139754486448
0.209016950567   -0.968576207579   0.13480372579
-0.166019779675   0.100701508062   0.980967195696
0.180650596008   -0.114121878891   0.976904068433
0.268627727512   -0.949757102325   -0.160625622471
0.946152475119   0.291440634334   -0.140917885612
-0.346888581745   -0.239627327851   0.906778393877
0.856010389152   -0.475995308623   0.20167964655
0.383294306662   0.846172092376   0.370240819691
0.619586284316   0.524360301105   -0.58408827322
0.192298313545   -0.822854721243   -0.534725599103
-0.761008669396   0.218989457175   -0.610663100859
-0.359185739155   0.094151367299   0.928504779106
0.79454329383   0.552759061573   0.251313298651
-0.489577939676   0.828005398464   -0.273350509598
0.73857279568   -0.303568751813   -0.601960329593
0.488385127684   -0.374600725891   0.788133404456
-0.464747450276   -0.876082364327   -0.12841144177
-0.992380132874   0.00704235300759   0.123012508064
-0.120300176943   -0.271211696332   -0.954972294467
0.0266371789719   -0.962493958961   0.269992295556
0.716753988576   0.624695131486   0.309870477068
0.277727970868   -0.663337509764   0.694874465165
0.63963340599   -0.411994345638   -0.648945117174
-0.504338186909   0.395616153641   0.767548599246
-0.851114570394   -0.0777014490963   -0.519197913008
-0.145763442909   -0.915123130396   0.375902480605
0.37473098278   0.874576089822   -0.307722852023
-0.429745071269   -0.130250089387   -0.893506624449
-0.821520458823   0.467066994474   0.327036020048
0.724905442255   0.666963540497   0.172254856058
0.565144824789   -0.718808074871   0.404878103279
0.393857114703   -0.196149400071   -0.897998878646
0.607811569151   -0.793035443128   0.0407416537334
-0.737558301143   -0.544793021203   0.399009168395
-0.294232644044   -0.272571733661   -0.91604137526
0.489208323814   -0.844056886882   0.219643319084
-0.792257331493   -0.324758147928   0.516585390861
-0.364696499308   -0.426731903028   -0.827584646022
0.635469932108   -0.690993788761   -0.344536716883
0.0464632857317   -0.411188014702   0.910365629648
-0.770726364196   -0.594518292787   -0.22919177794
-0.187698732337   -0.589931213395   -0.785334546128
0.330930712533   0.714816805978   -0.61605340466
0.924799464414   -0.375523764034   0.0610561484594
0.886278667814   0.450790199942   0.10629354926
0.339248740823   -0.475610101322   -0.811606630931
-0.315310029698   0.755369596394   -0.574453094704
-0.241299681968   0.78962157537   0.564156211694
0.630422965931   0.569509498587   -0.527471150913
-0.737794922393   0.228378411262   -0.635218036395
0.103746170835   -0.019114317772   0.994420119916
0.876674862052   -0.470467749952   -0.10050513669
0.469763683444   0.88221014453   -0.0320521856629
0.00665503571383   -0.723234009228   -0.690570979983
0.966835120176   0.180974411003   -0.180216849811
0.255314631178   -0.666468926851   0.700452431396
0.108215115194   -0.528160488852   -0.842220865842
0.992944880882   0.0161126429181   0.117477003145
-0.0484763073403   -0.848991684738   0.526177885199
-0.398741205134   0.310732794186   0.862815497048
0.542442536441   0.838525092654   -0.0513007178133
-0.739433259995   0.447572116655   -0.502909191014
-0.0764922914485   -0.996797027489   -0.0233369950353
-0.952047467581   0.066064375434   0.29873251877
-0.296233942723   0.0450686619152   -0.954051501174
0.481045229861   0.0896450867232   -0.872100478875
-0.227519690467   0.973441206897   -0.0254363355185
0.846658300188   0.210656058876   0.488665271511
-0.833670192394   -0.457995792469   -0.308599845097
-0.206294775216   -0.260084765682   0.943291248967
-0.512285541502   0.850056332686   0.122342777588
-0.696795150102   -0.122332457813   -0.70676112553
-0.342252562982   -0.809234684955   0.477495976735
-0.630348873186   0.57460768741   0.522002206549
0.0791042327808   -0.269965179631   -0.959615194827
0.665003644407   -0.702844284218   0.252547154146
-0.742638992568   -0.658125150658   0.12392987045
-0.890404446027   0.4372316099   0.126524471149
-0.455117237847   -0.850972557189   -0.262133566575
-0.00694422856149   -0.290988360961   0.956701390965
0.488333066818   -0.868764070577   0.0823395744916
-0.551865876503   -0.234351028749   0.800327214129
-0.675999164351   -0.436266644381   -0.593882601864
-0.593157497372   -0.145054238351   -0.791911264756
-0.466118513824   -0.740133281089   0.484702235703
-0.656427996342   0.656629266909   0.371403138728
-0.34864733933   -0.8993318522   -0.263907658843
0.937046073482   -0.340397115455   -0.0779388219098
-0.0197405407502   -0.27446679837   0.961393929481
0.64096796632   0.380372808943   -0.666690777174
-0.533930955925   -0.403046615785   -0.743284037101
-0.55143249855   0.832388101621   -0.0552471521645
0.750203740659   -0.559796006255   0.351884610181
-0.484611013575   -0.827562864022   -0.283358203717
0.449829426587   0.0420492267738   -0.892124066206
-0.678351437304   -0.400969120608   -0.615680998428
-0.637126162228   -0.0963308301045   0.764716041794
-0.365936580451   0.911012697766   -0.190121759927
-0.898511953455   0.209775546113   0.385578124058
0.0720759438701   -0.795980831467   0.601015452591
0.432991140573   0.567810475591   0.700078521306
0.577623992813   0.165220342532   0.799407756617
-0.362708794297   -0.82537334064   0.432667515651
0.731295325751   -0.539871361506   -0.416828573349
-0.451411496984   -0.473657141039   0.756225213236
0.422411019308   -0.859943510659   -0.286471794848
0.786000376055   0.190121201393   0.588266383217
0.769046506582   0.118485406595   0.628115179834
0.202923379718   0.886577779468   -0.415694530775
-0.606126696886   0.447147681842   0.65777608496
-0.651939995555   0.51427416651   -0.557221970005
-0.0459158070199   -0.760284718438   -0.647965188552
-0.756879105843   -0.396849125703   0.519273329344
-0.579447109082   -0.377391368073   0.722368882968
-0.548738225453   0.83598723937   -0.00341987381046
-0.602600537423   -0.398373054955   -0.6914994587
0.588363725781   0.531380238234   -0.609477783516
0.0674905808729   -0.783390078733   -0.617855165906
-0.805774874068   0.322389557767   -0.496781466406
0.912233010255   0.398991874083   0.092932337845
0.382475027371   -0.910745218959   0.155743377325
0.146778024374   -0.106529951463   -0.983416280627
0.673593901635   0.73740410261   -0.0500644098599
0.313037944138   -0.223276317974   0.923122381574
0.669536034288   -0.637481666628   -0.381233030446
0.227419472207   -0.195368600858   -0.953997638079
0.792898197699   0.60588417534   0.0649370014593
0.565325421105   -0.77119094644   0.292697270881
-0.273037057441   0.224369243957   -0.935472718806
-0.33822797008   0.887947930944   0.31168944831
0.900584590985   0.401505808549   -0.166554736294
-0.169389068753   0.123743918778   -0.977749858579
0.0391417566357   -0.990458822841   -0.132133429322
-0.984771682307   -0.0606528055591   0.162929343286
0.561529943826   -0.81907927028   -0.117444758014
0.365530810731   0.118210989444   0.923262361618
-0.742341800381   -0.561369139669   0.365777719981
0.202897730532   0.888736946322   -0.411070737449
0.326979236488   0.334212548038   0.88396071838
0.922993548109   -0.313765219513   -0.222787560635
-0.476388630899   -0.598712488366   0.643892249235
0.14420061292   -0.775619250573   -0.614508715459
0.867329265956   -0.199895308638   0.455830900665
0.165233292375   0.483356650804   -0.85968849429
0.787374881258   0.460265823519   0.410117261358
0.593918138681   -0.744662151465   -0.304531648144
0.222894148422   0.535438493319   -0.814631093484
0.351916552458   0.735107246887   0.579458433091
0.909105570715   -0.415840059934   -0.0245785648284
0.25734405342   0.263004959913   -0.929840001952
0.782254270956   -0.621630278123   0.0406700490787
-0.567320274396   -0.737837508116   -0.365709608675
0.946074013579   0.318365420663   -0.0598950728924
0.273058938115   -0.883182843859   -0.381348765082
-0.174306560825   0.344429271752   -0.922488861512
0.735536136951   0.597228364184   0.319851328358
0.00167260282791   -0.473714753821   0.880676747968
0.677483426837   -0.647234588867   -0.349433245893
0.604665969414   0.0144049429052   0.796348895305
0.367776170487   -0.891913436097   -0.263118055123
0.706484078982   0.451976680958   -0.544607497208
-0.751380671624   0.525213854616   -0.399471517419
-0.198499774822   0.397436008006   0.895903152654
0.629305113363   0.752459318807   -0.194370902748
-0.78296417091   -0.397509498063   -0.478490654058
0.365403166324   -0.91639790696   0.163387276616
-0.503435828196   -0.0469156164766   0.862757956682
0.0288032176683   -0.970383225001   -0.239847391667
0.907321400588   -0.0753066723068   0.413638466709
-0.419449938237   -0.229532790127   0.87828039234
-0.623378004871   0.565315398196   0.540202150685
-0.649395158193   0.010506473246   -0.760378552127
-0.435529323419   -0.824807925873   0.36056357811
0.993889685489   -0.109635741059   0.0127787855605
-0.00214523335991   -0.134937814633   -0.99085174681
0.110357106939   0.984769917526   -0.134348496395
-0.451250435335   -0.891697695219   0.0353307932557
-0.868188209438   0.429505471712   -0.248544327559
0.206451635021   -0.142829514146   -0.967975956461
0.109547348863   -0.987004651374   -0.117563585019
-0.021826691693   0.115858248346   -0.993025911958
0.993741905067   0.111349380132   -0.00885108227484
0.375832355855   -0.352082711037   0.857197646335
-0.841674885836   0.257334658274   0.474723351232
-0.387728547887   -0.89989812659   -0.199624484754
0.432578662859   0.214046987619   -0.875819380655
0.451359127905   0.789503358826   0.415883858859
0.78048102994   -0.575211555424   0.244910245621
-0.449367918675   0.206831632975   0.869073730628
-0.880262153012   -0.268408078983   -0.391274385963
0.152338490342   -0.9408388697   0.302680038361
-0.777669449622   0.621478046978   0.0948433669212
-0.612829174792   -0.783050093267   0.106174168039
0.140252021906   0.0244456245385   0.989814013738
-0.614243860238   -0.73586381139   -0.284971807809
0.743010371708   -0.660957080582   0.105220364772
-0.265781992795   -0.147106045814   0.952743272656
0.0216778025354   -0.7238653971   0.689600579871
0.839594248803   -0.361297347714   -0.405642359613
0.542781328211   0.587778115802   0.599921091752
0.992502471463   0.107214751069   0.0586842508051
-0.0821875009664   0.230053232955   0.969701358508
0.090465788142   -0.96725410682   0.237140114733
-0.751202739375   0.107713949518   -0.651223578684
-0.026424729542   0.980897072498   0.192724328597
0.659542400474   0.161983450524   -0.734006255922
0.723240280711   -0.572602684812   -0.386069503721
-0.360120125996   -0.78971739281   0.496648703155
-0.589268182757   -0.220164949161   -0.777361179858
0.0503743040383   0.91171127051   -0.407731515482
0.864599914251   0.164546199422   0.474754185376
0.499929412787   -0.376440045001   -0.779976586027
-0.381995725563   0.842317470971   -0.380237483356
0.914123602247   0.404866539938   -0.0214738132105
0.135857666206   -0.355786962853   -0.924639568479
-0.97256669442   0.22885559793   -0.0417029999117
0.136436742472   0.415980611208   -0.899080166839
-0.188411889776   -0.88010524734   -0.435793200264
0.589167877177   0.73672466187   -0.33184030059
-0.80194861561   0.482946393287   -0.351626505162
-0.0987908418025   0.473285911267   0.875351823995
-0.654537288371   0.190202728198   -0.731712963065
-0.381345792893   0.752634296834   0.536765313217
0.652806498416   0.630368572675   -0.42009420159
-0.80516260842   0.475549703216   -0.354352442877
0.410976775689   0.01663974805   -0.911493943276
-0.427564338838   -0.879531465359   -0.208837586651
-0.975482751863   -0.142728623425   0.167516986818
0.178511914438   -0.0679813373654   0.981586488382
-0.128712459464   0.987424466896   0.0917933818612
-0.605655386077   0.484233930374   0.63142620629
0.648240268362   0.760456986861   0.0385969637221
-0.461482510817   0.432692352381   -0.774474802948
0.937961246121   0.346164916597   -0.0199637494564
-0.342943407375   0.917655032162   -0.20074626095
-0.0511714775292   0.195138649337   0.979439833488
0.997261577114   -0.0546960485056   -0.0497763908939
-0.0244165507449   0.391813958996   -0.919720421425
0.0698081575625   0.918417205748   0.389405517839
-0.84443850331   -0.404064518766   0.351646809742
-0.526893091438   0.508341144814   -0.681155599466
0.0964742676688   -0.760474289614   -0.642161638931
-0.343106798186   -0.766487621754   0.54293134993
-0.411072310331   -0.397195137965   -0.820521528088
0.844569287103   -0.504710558711   -0.178801485472
0.411784566972   0.251588038067   -0.875863533609
0.388713780474   0.820814200152   0.418527950915
0.824217851829   -0.512803576362   0.240202882575
0.200558180024   -0.383495903236   0.901502805668
-0.94704833925   -0.311419320136   0.0782141302405
0.250750592319   -0.86945321855   -0.42564685034
0.0473271089359   -0.578874455013   -0.814042081279
0.998148533733   0.0585777053641   0.0163755012526
0.038205357828   -0.813309914957   0.58057500193
0.979452118708   -0.0888055632252   0.181072137832
0.170646341527   0.843442214972   -0.509396757083
-0.107486619085   0.529829030862   0.841265608933
-0.624122739889   -0.125912869877   0.771113970015
0.316633891061   0.861496117697   0.396947626551
-0.71429250632   0.491904857052   -0.497811035457
-0.819971776562   0.568557063353   0.0662506705903
-0.0313367264742   -0.160155882454   0.986594193622
0.571545532059   0.806903314547   0.149140020642
-0.946867189305   -0.0347449379386   0.319742576311
0.221249272034   0.651181345644   0.725955656159
-0.233433685321   0.758126403954   -0.608894958252
-0.594773393122   0.188961216251   -0.781369483399
0.520271859051   -0.650488262635   -0.553337340918
-0.612830974669   -0.735634881532   0.288581907886
0.282458466044   -0.109821742261   0.952972402479
0.754777569881   -0.587685092214   -0.291439620495
0.592054081115   0.801601782256   -0.0831056419199
-0.21799453745   -0.829478948943   -0.514240269623
-0.230441639929   0.555761308868   -0.798765308556
0.948353853911   -0.0556241029208   -0.31229941874
0.956541334758   -0.151720098481   0.249017442395
-0.174663646386   0.385713724549   0.905934618682
-0.233497934747   -0.910058203859   0.342451135284
0.996933962544   -0.0439738277349   0.0647223052726
0.0505958261564   0.993235667881   -0.104513015572
-0.0596886647615   0.107467253257   0.992415262265
0.896020925039   -0.375740175938   -0.23657096626
-0.189087634174   -0.804982942963   0.562359607494
-0.4017366905   -0.459153331387   -0.792329382127
0.829373904123   -0.558431181694   0.0171330812137
0.558083719926   0.829511285624   0.0212976190341
-0.0261053387887   -0.00810199574926   0.999626364674
