-0.501690220001   -0.806239908774   -0.313503002626
-0.0867132774227   0.407457142631   -0.909098170957
0.860690264075   -0.42890078855   -0.274328968406
-0.181521595461   -0.857273621834   0.481800630643
0.694387985337   0.235185261393   0.680083243907
-0.69632983291   0.458006364727   0.552589299271
0.789737887421   0.197848205427   -0.580663548693
0.276650333597   0.729972851891   0.624983382517
0.547520467282   -0.654213820636   0.521752445894
0.95362315406   -0.158746803199   0.255738797436
0.0489650817197   0.920118552402   0.388566944421
-0.296993772346   -0.358024163987   0.885219406243
-0.609161509547   0.754977331082   -0.242758078831
0.277311266471   -0.0839981603472   -0.957101233176
-0.74298096663   -0.650348782278   -0.158195273683
0.548241199929   -0.739914241352   0.389818550283
0.558258327306   0.670838755892   0.488183370863
-0.622719219788   -0.0500227851936   0.780844731216
0.239360036879   -0.952389650147   -0.188840480402
-0.781343296407   -0.0734852234031   -0.619760094796
0.576376114968   0.295895042599   -0.761732694493
0.946534745642   -0.186958685758   0.262903832442
-0.0945518927361   -0.939934307911   -0.327999140841
0.308434620095   0.285604528382   -0.90735777866
-0.995248516387   0.0801403517983   0.0552984144673
-0.0905099691945   -0.552106766723   -0.828846224347
-0.0358933991894   -0.829913032885   0.556736941241
-0.986555344792   0.0134459272744   -0.162873443821
0.00857018837045   0.999494922632   0.0306014951314
0.163202645609   0.0287942124864   -0.986172292145
-0.871082249318   -0.261833241416   -0.415522645125
-0.487300719848   0.355219906572   0.797719766842
-0.0612676371138   0.897364012909   -0.437017282242
0.89027514993   0.00759340485941   -0.455359745279
-0.447116547397   0.204666440689   -0.870745910757
0.0865849320691   0.978802323382   0.185604583134
0.229255672649   0.642753232812   0.730965196345
-0.343568088815   0.756065180404   -0.557069485189
-0.91071554555   -0.123424975959   0.394161731277
-0.484892816001   0.772290251824   0.410422616249
0.835851613222   0.271133317432   0.477324632565
0.257353915193   0.574503691125   -0.776990650663
-0.818901171506   0.568141892238   0.0813367173548
-0.549354820059   -0.816948712902   0.17551091751
0.166163031337   0.0990433782344   0.981111745035
-0.00713343893399   0.53748060996   -0.843245935636
0.487283940306   0.738240390007   0.46642843833
0.873214449932   -0.407572963381   -0.2671718622
0.693720107413   -0.712308183492   0.106627690119
0.713486708765   0.659405877044   -0.236897880397
0.0984333733386   0.240418262722   0.965665537318
-0.146410333578   -0.936083965252   0.319860632495
-0.967798719403   0.202476387509   0.14956253282
-0.20476731415   -0.287663210195   -0.935585498261
0.0497843751213   0.933163920904   0.35598681537
0.86137082267   -0.220525710545   0.457611971917
0.505531227371   0.283854729945   -0.814778908932
0.943024971812   0.0533440774689   -0.328417892231
0.00544332805289   -0.989405463556   -0.145076527618
-0.332677430431   0.135023102042   -0.933324428694
0.827805878983   0.152016785143   0.540026225063
-0.546797099427   0.00329047016044   0.837258684556
0.12550043338   -0.988372434784   0.0858462077241
0.15703771702   -0.69222653313   -0.704387380824
0.985972720157   0.0690566476288   0.151950566057
-0.0565415823968   -0.718368711909   0.693360976123
-0.458076863535   0.393794877699   -0.796926082766
-0.848625842937   0.0731040162353   0.523917914859
0.264574688499   0.916286743934   0.300697251563
-0.241751146635   0.891442369934   0.383258247384
-0.178845525362   -0.429141916746   0.885353880293
0.953714140169   0.145491293136   0.263176029424
0.133339534289   0.773043260988   -0.620181171302
0.634353502875   -0.547360220147   -0.545886822328
-0.761456631717   -0.320625803769   -0.563367457324
-0.130006507294   0.454783830873   -0.881061845297
-0.925150209006   -0.375268022857   -0.0571926725833
-0.356644639435   0.807679130718   0.469530641135
0.934700580053   0.136540487688   0.328163862833
0.064654547376   0.842553241294   -0.534718454038
-0.349506244796   0.521018935171   0.778707039934
-0.0582765921215   -0.871895837806   -0.486211360242
-0.0216282583147   0.488027480636   -0.872560253843
0.998066158756   -0.0403339331197   -0.0472981668367
0.922358042846   -0.147817637963   0.356939191885
-0.0649825328779   0.851385238246   0.520500188777
-0.380831867387   -0.503282348194   0.775676457538
-0.964023016209   -0.225609717544   -0.140569838758
0.207008529381   -0.968920572944   0.135426703751
-0.166754589089   0.101455303829   0.98076486904
0.179395016919   -0.112629819153   0.977308524337
0.269789283695   -0.949706186837   -0.158971384487
0.946060870297   0.29218604094   -0.139986239224
-0.347782105909   -0.239288900447   0.906525470647
0.856261011857   -0.474923909339   0.2031363087
0.381922356485   0.846869589997   0.370063793359
0.61905964527   0.525789178481   -0.583361719168
0.192822376074   -0.821834122272   -0.536104660262
-0.761304595338   0.219395568009   -0.610148258913
-0.36064868897   0.0941075601369   0.927941964925
0.793733774687   0.553444640091   0.252360308439
-0.489815493901   0.827552292897   -0.2742954328
0.737489366787   -0.304524924117   -0.602805113173
0.488358328712   -0.376065141505   0.787452317364
-0.466492847376   -0.875122608517   -0.128626760086
-0.992201633277   0.0103334158609   0.124214087116
-0.122353340825   -0.27088939202   -0.954802910176
0.0237819030032   -0.962555015471   0.270041225153
0.715515662892   0.625667996246   0.310768232979
0.278911184641   -0.663699334907   0.694054568406
0.640504400639   -0.409930178588   -0.649393071602
-0.504109259417   0.395789674544   0.767609528403
-0.85115257532   -0.0770866721525   -0.51922725131
-0.146332320753   -0.915100092067   0.375737505983
0.374631193545   0.874721706485   -0.307430325485
-0.429124220833   -0.130344541246   -0.893791196903
-0.821890425737   0.46676786176   0.326533139682
0.724561158925   0.667348585118   0.172212057993
0.564952981003   -0.718209962191   0.406205095322
0.394764811291   -0.197028719099   -0.897407615087
0.607942394848   -0.793061944418   0.0381941993158
-0.736980198797   -0.545746312864   0.398774558587
-0.295408583368   -0.270580328757   -0.916253269878
0.490028760032   -0.84404783315   0.217841845603
-0.791366731852   -0.32596044169   0.517192890681
-0.365527714489   -0.425832180334   -0.827681366308
0.635080903479   -0.690563054034   -0.346114019421
0.0474092036435   -0.412384337563   0.909775535801
-0.770989373108   -0.59419005927   -0.229158373223
-0.18842854586   -0.591054438126   -0.784314563346
0.330044256074   0.714061168454   -0.617403787434
0.924967822217   -0.375195014462   0.0605246147034
0.8858146782   0.451418736899   0.107487114869
0.340514736401   -0.474975238101   -0.81144823463
-0.315249219158   0.755393703421   -0.574454769892
-0.241595960581   0.789139735406   0.564703346753
0.630282985885   0.57008865031   -0.527012607525
-0.737817558434   0.228598794377   -0.635112463801
0.102514877995   -0.0175017006231   0.994577493343
0.876585945172   -0.471027474984   -0.0986417687215
0.47019972407   0.881944900935   -0.0329455793475
0.00452493402213   -0.724604390672   -0.68915020278
0.966562331266   0.179865335612   -0.182772319632
0.256391857809   -0.665279593904   0.701189187869
0.106823881443   -0.529373158501   -0.84163692731
0.993163373676   0.0167419803733   0.115525838159
-0.0470656089164   -0.848223888576   0.527542475357
-0.400379133309   0.309924763121   0.862347488438
0.54266698123   0.838494163399   -0.0493972208657
-0.738382757853   0.448189891844   -0.503901502037
-0.0744802185582   -0.996938938125   -0.023779207175
-0.951870552566   0.0639634633586   0.299751774827
-0.297313215651   0.0449603047756   -0.953720830639
0.481337519544   0.0865591738645   -0.872250939638
-0.226818990756   0.973518154838   -0.028557794597
0.846680186204   0.21158901583   0.488224078338
-0.833659545992   -0.459119425909   -0.306954579912
-0.203634584016   -0.261101643538   0.943588304259
-0.513366065852   0.849137965524   0.124177284301
-0.696221315403   -0.12126397944   -0.707510372552
-0.343391895533   -0.809269729586   0.476617782775
-0.630363296886   0.574784787608   0.521789767889
0.0790007627086   -0.268102003277   -0.960145923977
0.66495022278   -0.703404515206   0.251124051441
-0.742697839445   -0.658288237649   0.122704993613
-0.889797900756   0.438487327298   0.126445876205
-0.456298179357   -0.850489734999   -0.261647056503
-0.00718799875654   -0.290510024715   0.956844949934
0.489008090952   -0.868442132643   0.0817272857329
-0.552129131447   -0.235631857046   0.799769373103
-0.675295867892   -0.43621770963   -0.594718084989
-0.59274719898   -0.14352500377   -0.792496896772
-0.467424159036   -0.740011853996   0.483629105301
-0.655869967029   0.657101993025   0.371552899481
-0.349257338682   -0.899377773387   -0.262942830506
0.936838177505   -0.340787817702   -0.0787266948045
-0.0188026739091   -0.27383075803   0.961594080374
0.640890377624   0.381505432887   -0.666117953929
-0.533440468609   -0.402653302292   -0.743849167912
-0.551997092673   0.832060047611   -0.054546190061
0.749764919505   -0.558946389917   0.354163096155
-0.483561039197   -0.828180384098   -0.283347794707
0.45168715595   0.041184761668   -0.891225296183
-0.677578329607   -0.40261122602   -0.615460646939
-0.637660209142   -0.0953511770443   0.764393622889
-0.366438350783   0.910391319005   -0.192121267319
-0.898797626513   0.210433133846   0.384552626768
0.0708435709451   -0.795985885969   0.601155269289
0.432601450564   0.5675600105   0.7005223904
0.577704443446   0.166287404292   0.799128322109
-0.361798555676   -0.825434659018   0.433312160922
0.731682568559   -0.539449833502   -0.416694727589
-0.45209440882   -0.473798791078   0.755728358001
0.42260132686   -0.859906391416   -0.286302491324
0.785505419491   0.189936051278   0.588986869442
0.767439483601   0.11775506118   0.6302145544
0.204277988433   0.886842786736   -0.414463961107
-0.607706460762   0.446814969737   0.656543403262
-0.652855403526   0.514193967397   -0.556223323836
-0.0466691713493   -0.760214285166   -0.647994003888
-0.756043524231   -0.397087905282   0.52030701028
-0.578746414083   -0.377732037491   0.722752444506
-0.550085049866   0.835098891447   -0.00403477608435
-0.602045701006   -0.399910426667   -0.691095235509
0.588696427948   0.532718103205   -0.607986791172
0.0682240473984   -0.782188978336   -0.619294664539
-0.805470046047   0.323097237203   -0.496816042649
0.911480556905   0.400895159643   0.0921209279111
0.384494293583   -0.909930730277   0.1555320041
0.146175690821   -0.106344426612   -0.983526069986
0.672582950565   0.73822702767   -0.0515075744574
0.313998457086   -0.221664891105   0.923184512976
0.670102338122   -0.637091462561   -0.380890174164
0.227127453441   -0.196754498279   -0.953782358455
0.793062165589   0.605780997486   0.0638888456296
0.565212810722   -0.770919613509   0.293628043797
-0.271522704818   0.222271864774   -0.9364137114
-0.341065701322   0.887600121221   0.30958070384
0.899972004092   0.403436789273   -0.165194276267
-0.169803039918   0.124788668331   -0.977545250048
0.0415879114101   -0.990159265981   -0.13362287834
-0.984600108297   -0.063343636203   0.162942353283
0.560967756487   -0.819097889428   -0.119974262721
0.367762344052   0.116736895819   0.922563469606
-0.74166436781   -0.561650375846   0.366718994371
0.2031481745   0.888595993544   -0.411251722739
0.326172677799   0.334606727485   0.884109564578
0.923223810056   -0.313744319757   -0.221860988832
-0.476793676457   -0.597512522601   0.644706580877
0.143349737764   -0.776477636807   -0.613623119041
0.867247740138   -0.200153103582   0.455872890565
0.164144583067   0.483712982419   -0.859696636314
0.786716424868   0.461570003549   0.409915111538
0.595091440614   -0.743622809268   -0.304780732402
0.221589015322   0.535116324167   -0.815198643215
0.351902838501   0.735766169615   0.578629878165
0.90942987665   -0.415088741428   -0.02527125237
0.255856713398   0.263966122343   -0.929978079561
0.782787052401   -0.621061431535   0.0390784960395
-0.567258118322   -0.737973295259   -0.365531999533
0.945698316645   0.319764870661   -0.058353417942
0.274934701812   -0.882674553074   -0.381177836574
-0.173394358713   0.344435858829   -0.922658298353
0.734924071113   0.59858187181   0.318726140188
0.00339162420409   -0.473232423194   0.880931081597
0.678140919414   -0.646336457566   -0.349820063801
0.604298185225   0.0146007138049   0.796624455117
0.369517439094   -0.890939457538   -0.263976789145
0.705889910354   0.453887323196   -0.543788315709
-0.751511069894   0.524904223215   -0.399633167138
-0.198684081557   0.397560129009   0.895807222319
0.629091207666   0.752609792836   -0.194480724404
-0.783908218515   -0.395392783963   -0.478698706219
0.363650384677   -0.917311217806   0.162168207154
-0.503235832061   -0.0469539782905   0.86287254056
0.0282595696159   -0.969873037297   -0.241966295689
0.906825825027   -0.0769676646147   0.414418751587
-0.420557154009   -0.231132581277   0.877330844142
-0.622703713347   0.565689005301   0.5405886002
-0.650131445024   0.0103826762273   -0.759750817193
-0.435395440463   -0.824553302896   0.361306879409
0.993934462706   -0.109150984032   0.013429316091
-0.00146246537598   -0.13522144212   -0.990814323063
0.109964289843   0.984784861925   -0.134560880955
-0.449789741371   -0.892429103053   0.0354892178187
-0.868912542014   0.428054506988   -0.248516263808
0.206591826768   -0.142617092494   -0.967977366492
0.109926654328   -0.987136386598   -0.116094293237
-0.0206334228699   0.114510605775   -0.993207724006
0.993725511662   0.111575424798   -0.00778023471695
0.377080942566   -0.353958140332   0.855875924212
-0.841158578439   0.255882723492   0.476420274271
-0.387636696756   -0.89957638181   -0.201246427588
0.433716880726   0.212593764853   -0.875610391966
0.45189711969   0.789397537389   0.415500326331
0.779537465802   -0.575895319577   0.246304527568
-0.449118724714   0.207036525307   0.869153754119
-0.88023619673   -0.269350295356   -0.390684855553
0.153220785398   -0.940524478991   0.303211304772
-0.777513156311   0.621762242247   0.0942603091385
-0.612996694961   -0.782790740227   0.107115400306
0.140386408638   0.0255023750133   0.989768298714
-0.615444501014   -0.735004306036   -0.284599255585
0.741835205713   -0.662168051667   0.105896170453
-0.266286675852   -0.145952531529   0.952779756714
0.0208605091453   -0.723605248022   0.689898749233
0.839241209153   -0.362352238192   -0.405431928117
0.543359026811   0.587448976944   0.599720491121
0.992553758058   0.106530834928   0.0590611426845
-0.0824096408337   0.23024433024   0.969637148365
0.0896977617521   -0.967284203118   0.237309043095
-0.750838538241   0.106585539582   -0.651828974689
-0.0288557717647   0.980657361891   0.193593602699
0.659855161326   0.164166565786   -0.733239732113
0.723027097564   -0.572577237573   -0.38650630422
-0.357953461785   -0.789040327629   0.499284168156
-0.590847810679   -0.222644713364   -0.775453542275
0.0490410909193   0.911336641842   -0.408730347096
0.863915949401   0.166662969053   0.475260651766
0.501242659569   -0.376415966694   -0.779144926343
-0.381790889904   0.841730143957   -0.381740856001
0.914077943447   0.40498304034   -0.0212191032143
0.136737813682   -0.357042156882   -0.924025794293
-0.972882617959   0.227804101622   -0.0400587438337
0.134457394976   0.416081951231   -0.899331428783
-0.188203667896   -0.880330109189   -0.435428844068
0.589743632929   0.736199821089   -0.331982335146
-0.801432131613   0.482841334833   -0.352945865247
-0.0995438890061   0.474208887312   0.874766794841
-0.654559818659   0.190091005692   -0.731721841516
-0.382148796729   0.751924064705   0.537189443378
0.652314142845   0.631249245919   -0.419536230344
-0.805765305062   0.475459906107   -0.353100765849
0.410005925498   0.0176069662665   -0.911912899237
-0.427360988176   -0.87956118174   -0.209128461385
-0.975721606237   -0.142662310816   0.166177050746
0.177024889222   -0.0669659739422   0.981925530236
-0.128955557143   0.987503429567   0.0905949274264
-0.607128114562   0.482363428749   0.631443564472
0.646015765869   0.762338101974   0.0387846429248
-0.4626651951   0.431469745039   -0.774451274361
0.938458621785   0.34481324503   -0.019981022218
-0.341732948093   0.918564480674   -0.19864009422
-0.0501398781838   0.193243682681   0.97986880332
0.997231135391   -0.0548266156075   -0.050240470019
-0.0247657648631   0.392177172518   -0.919556263774
0.0701193232814   0.918254380647   0.389733463954
-0.844020805779   -0.404056506716   0.352657367415
-0.527563608472   0.507240410598   -0.68145711888
0.0964651150837   -0.761213179889   -0.641286968786
-0.343353299995   -0.764778120552   0.545181563984
-0.410816910525   -0.399702186247   -0.819431283474
0.844593379922   -0.505324241091   -0.176944720059
0.41011000489   0.249587340693   -0.877220578449
0.390389657638   0.821220009352   0.416165365508
0.824260698504   -0.513131421378   0.239354225568
0.202438726759   -0.382715574525   0.90141408405
-0.946599839507   -0.312333498575   0.0799783065136
0.250932871009   -0.869469133831   -0.425506897198
0.0470688188829   -0.578727379206   -0.814161622066
0.998191889573   0.0577544008161   0.0166547524118
0.0373828554353   -0.813473447473   0.580399407629
0.978507723219   -0.0938120374447   0.183635337642
0.177263192259   0.837660819691   -0.516625697991
-0.105358418129   0.538074021659   0.836287002736
-0.626026906827   -0.125929323547   0.769566187796
0.315520998709   0.8615777835   0.39765590949
-0.713117670025   0.491757591146   -0.499637528863
-0.819514816084   0.569389306019   0.0647401298322
-0.0328606254989   -0.159479443541   0.986654187839
0.572115063174   0.806450324124   0.149406255591
-0.947398283368   -0.0353536808354   0.318098428043
0.219617812958   0.651167879899   0.726462943596
-0.232818618035   0.758109826766   -0.609151033536
-0.59538248895   0.189787324595   -0.780705106474
0.519711476001   -0.650056678881   -0.554370179532
-0.612715001909   -0.735803700497   0.28839771284
0.281670367177   -0.10944453951   0.953249021518
0.755680892372   -0.586902150309   -0.290675514735
0.591276748366   0.802226750199   -0.0826077968924
-0.216840898082   -0.829927385126   -0.514004436106
-0.231237967997   0.555214672316   -0.798915308279
0.948424497299   -0.0543801715919   -0.312303970294
0.956775234434   -0.1529029069   0.24739008031
-0.172581779189   0.386175276642   0.9061369572
-0.234086907507   -0.909664419867   0.343094685125
0.996797410232   -0.0458003606129   0.0655534127414
0.0526465759518   0.992881588388   -0.106838614183
-0.0601935295099   0.109947616653   0.992113028136
0.896371454298   -0.374260125694   -0.23758698246
-0.186497297742   -0.80458006174   0.56379932794
-0.402165356357   -0.461064293311   -0.791001102136
0.828197628721   -0.560178409491   0.0169952146188
0.559838506096   0.828334051553   0.0210605349001
-0.0258753719256   -0.00792770950091   0.999633741202
