-0.501475684632   -0.806572262148   -0.312990932228
-0.0868505575553   0.406871124553   -0.909347496097
0.860801439575   -0.4288322212   -0.274087226418
-0.181910733247   -0.857333644945   0.481546992903
0.694190714792   0.234868784418   0.680393934131
-0.696424968411   0.458056410664   0.552427903009
0.789677763017   0.19759190273   -0.580832566729
0.276962785363   0.729952577319   0.624868666513
0.547449217847   -0.654313896262   0.52170171462
0.953668493116   -0.158764071661   0.255558945819
0.0489953409138   0.920045662751   0.388735687868
-0.296843160284   -0.358203779995   0.885197260609
-0.609225169278   0.755135471922   -0.24210558061
0.276537111354   -0.0838312449198   -0.95733982912
-0.743217275877   -0.650186697357   -0.157750877709
0.54779626034   -0.740527827816   0.389278555006
0.558597835297   0.670141634981   0.488752132953
-0.622806322671   -0.0502864325107   0.780758323136
0.239527002827   -0.952436357124   -0.188392676462
-0.780912941999   -0.0736995416675   -0.620276837047
0.576889757177   0.295691330928   -0.761422908034
0.946543843625   -0.186636146753   0.263100172597
-0.094117329027   -0.939923638965   -0.328154660626
0.308539593038   0.285850488262   -0.907244629573
-0.99522749461   0.0803330345306   0.0553970896014
-0.0907058378384   -0.552246075153   -0.828731997367
-0.0359817308538   -0.829801708868   0.556897152986
-0.986543681499   0.0126115908067   -0.163010773483
0.00780496319647   0.999516616415   0.0300934554209
0.163311503096   0.0284162152123   -0.98616523548
-0.870870844797   -0.26222762811   -0.415717022431
-0.487638501642   0.354984143   0.797618298395
-0.0615846035871   0.897342147274   -0.437017628164
0.89034301055   0.00732745937653   -0.455231404787
-0.446943069065   0.204651119173   -0.870838568528
0.0867825822382   0.978807553996   0.185484650739
0.229559991431   0.642358689723   0.731216468682
-0.343362088285   0.756425010587   -0.5567078944
-0.910716578669   -0.123274154207   0.39420654008
-0.48529840683   0.77204720537   0.410400498304
0.835571166225   0.271277932837   0.477733303559
0.25750006311   0.574762034094   -0.776751132386
-0.818616275395   0.568616171911   0.0808890765184
-0.54990482418   -0.81661896907   0.175322969682
0.165747030144   0.0990409430316   0.981182354918
-0.00724030730903   0.536873940648   -0.843631406364
0.487058915547   0.738708283671   0.465922401718
0.873339104092   -0.407524776534   -0.266837714303
0.693165418901   -0.712750002595   0.107280640565
0.714039142239   0.658729339281   -0.237115501226
0.0983351686366   0.240962842303   0.965539798889
-0.145699952123   -0.936233389492   0.319747657305
-0.967840124711   0.201881121123   0.15009832089
-0.205078075257   -0.287595294355   -0.935538310126
0.0491760065339   0.933260428932   0.355818341532
0.861254910601   -0.220027255453   0.458069848193
0.505788196132   0.283924248079   -0.814595189039
0.943139024535   0.0540148414271   -0.327980452627
0.00610760026262   -0.989357980903   -0.145373597473
-0.332342410202   0.135104339415   -0.933432022084
0.827981029891   0.152101481446   0.539733780194
-0.546529384583   0.00345287298383   0.83743280892
0.12551113866   -0.988358850322   0.0859868423782
0.156390142449   -0.692432278482   -0.704329229169
0.98606521863   0.0685043375193   0.151599935186
-0.056723081299   -0.718223290807   0.693496789171
-0.457582408484   0.39402691076   -0.797095435342
-0.848781183952   0.0735384397059   0.523605385433
0.264931767091   0.916152220694   0.300792731468
-0.241278454292   0.891663804681   0.383040946788
-0.178954010408   -0.428813137894   0.885491250622
0.953813487876   0.145103246661   0.263030184874
0.132954705693   0.773264699769   -0.619987701753
0.634427461124   -0.546991373437   -0.54617051729
-0.761462305571   -0.320721283167   -0.563305437324
-0.129187195336   0.454962320732   -0.881090208364
-0.925235551261   -0.374941876989   -0.0579462126778
-0.356720959918   0.80773007595   0.469385003128
0.934628951782   0.135934808734   0.328619004723
0.0653554120121   0.842668343886   -0.534451805436
-0.349567436429   0.520991161141   0.778698155514
-0.0581039480734   -0.872166584821   -0.485746208982
-0.0216168535678   0.487553338517   -0.872825557453
0.998076471449   -0.0402143061967   -0.047182271215
0.922343083906   -0.148376406394   0.356745956664
-0.0644290324357   0.851330204787   0.520658988396
-0.380962117998   -0.503211013834   0.775658778205
-0.964112355116   -0.225087556573   -0.140794028954
0.206430732319   -0.969019469824   0.135600958166
-0.166954243634   0.10167034463   0.980708632345
0.179032318654   -0.112202231777   0.977424210904
0.270124126636   -0.949690376802   -0.158496512325
0.946034029561   0.292401859423   -0.139716740297
-0.348038663071   -0.239191769621   0.906452638781
0.856332760181   -0.474615230899   0.203554873289
0.381527578098   0.847070056102   0.370012198727
0.61890838078   0.526199655881   -0.583152071377
0.192973701536   -0.821540399525   -0.536500253927
-0.761389234699   0.219511489674   -0.610000933758
-0.361069230416   0.0940952152629   0.927779662049
0.793500317017   0.553642320845   0.252660696316
-0.489883922721   0.827421459133   -0.274567789854
0.737178278698   -0.304795183986   -0.603048987425
0.488352544661   -0.376484631486   0.787255431469
-0.466990339878   -0.874848111431   -0.128688788895
-0.992147956676   0.0112725836545   0.124560671651
-0.122942697412   -0.270795423879   -0.954753859149
0.0229679171317   -0.962570915447   0.27005500832
0.71516124489   0.625946522234   0.311023062024
0.279249069841   -0.663799541991   0.693822834048
0.640752956139   -0.409342300961   -0.649518690911
-0.504041115332   0.395839226542   0.767628725873
-0.851165237993   -0.0769112418811   -0.519232509099
-0.146493316187   -0.91509342015   0.375691017606
0.374603168284   0.874764629356   -0.307342332813
-0.428947632212   -0.130366274964   -0.893872789144
-0.821995374154   0.466681344795   0.326392596866
0.72446078955   0.66746058281   0.172200275261
0.564899689505   -0.718037305395   0.406584270302
0.395025195654   -0.197278479454   -0.897238149179
0.607983045364   -0.79306573333   0.0374614357449
-0.736811683376   -0.546023992597   0.398705834857
-0.29574509259   -0.270008411213   -0.916313427864
0.490264061617   -0.844044737994   0.217323791037
-0.791110063147   -0.326305542028   0.517367916698
-0.365767710266   -0.425573934241   -0.827708166337
0.634968940061   -0.69043822184   -0.346568185181
0.0476810087763   -0.412729383209   0.909604846974
-0.771064826432   -0.594095546236   -0.229149548073
-0.188635436193   -0.591376994666   -0.78402163388
0.329788565475   0.713844743835   -0.617790566276
0.925016850816   -0.375098562884   0.0603729560986
0.885679706024   0.451601458671   0.107831261064
0.340881137951   -0.474792734104   -0.811401201275
-0.315232466801   0.755399220391   -0.574456708296
-0.241680006758   0.789002139038   0.56485962763
0.630242320461   0.570253929289   -0.526882409679
-0.737824770412   0.228661498121   -0.635081512441
0.102157748148   -0.0170385032905   0.994622282024
0.87655965913   -0.471188825682   -0.0981032850503
0.470326438209   0.881867779181   -0.0332003247476
0.00391543937029   -0.724997208592   -0.688740674614
0.966481215571   0.179551167667   -0.183508686817
0.256707478041   -0.664936407278   0.701399205157
0.106427049301   -0.529725847408   -0.841465275436
0.993224871267   0.0169197194657   0.114969901235
-0.0466651719576   -0.848000147218   0.527937602416
-0.400859595601   0.309699496554   0.862205199734
0.542729109099   0.838485892426   -0.0488520453957
-0.738076350218   0.448361048751   -0.504198047608
-0.0738972574412   -0.996979456217   -0.023898937699
-0.951821101917   0.0633577711324   0.30003730232
-0.297616843087   0.0449194469868   -0.953628050129
0.48142163017   0.0856783695067   -0.872291482822
-0.226613323629   0.973539598482   -0.0294457423206
0.846687436755   0.211848689365   0.488098880613
-0.833658236825   -0.459435682191   -0.306484580531
-0.202871900333   -0.261396289158   0.943671008387
-0.513670065537   0.84887621827   0.124708579605
-0.696056078594   -0.120954769142   -0.707725850365
-0.343719539156   -0.809280635362   0.476363025045
-0.630367205568   0.574834582336   0.521730188024
0.0789637099805   -0.267571506899   -0.960296944284
0.664934739473   -0.703565447172   0.250713888301
-0.742715641917   -0.658332097228   0.122361452307
-0.889622676781   0.438849778543   0.126421378058
-0.456638615169   -0.850351744697   -0.261501597371
-0.00725727869662   -0.29036663404   0.956887950464
0.489205032543   -0.868347837075   0.0815504137379
-0.552204258894   -0.236003047609   0.799608040216
-0.675091766054   -0.436204763117   -0.59495925242
-0.592627790424   -0.143086317355   -0.792665508145
-0.467800430555   -0.739975381981   0.483321002269
-0.655709584488   0.657238723636   0.371594134727
-0.34943229356   -0.899390506674   -0.262666687498
0.936778194536   -0.340901588535   -0.0789475849896
-0.0185387825588   -0.273647260973   0.961651438986
0.640867514031   0.381833687972   -0.665951848251
-0.533298482081   -0.402539123953   -0.74401275708
-0.552160808524   0.831964715849   -0.0543429214646
0.749638421066   -0.558702990685   0.354814325897
-0.48326277102   -0.82835702234   -0.28334032132
0.452216023387   0.0409342367684   -0.890968605761
-0.677356282729   -0.403080997405   -0.615397575375
-0.637812243585   -0.0950750704915   0.764301166363
-0.366584244315   0.91021230518   -0.192690298973
-0.898880221271   0.210621766324   0.384256189746
0.070489006571   -0.795986610362   0.601195988075
0.432487742901   0.567489019872   0.700650101381
0.577724756099   0.16659391229   0.799049794806
-0.361538603117   -0.825451916183   0.433496219737
0.731795015457   -0.539328844452   -0.416653876611
-0.452293266812   -0.473838869345   0.755584228723
0.422652411586   -0.859897071696   -0.286255069946
0.785363444386   0.189878255699   0.58919479651
0.76697483703   0.117546405767   0.630818866121
0.204666448055   0.886918772424   -0.414109570238
-0.608162185937   0.446719076841   0.656186575588
-0.653118743632   0.51417334232   -0.555933162138
-0.0468868906497   -0.760191483934   -0.648005036431
-0.755802570915   -0.397158257879   0.520603296183
-0.578543828377   -0.377830567142   0.722863127556
-0.55047156179   0.834843304525   -0.00420910326059
-0.601887114256   -0.4003507455   -0.690978423881
0.588788967611   0.533099350208   -0.607562864589
0.0684312566792   -0.7818456741   -0.619705175871
-0.805384824   0.323299280389   -0.496822765754
0.911262900445   0.401443459997   0.0918862051586
0.385076517821   -0.909695460252   0.155467826315
0.146000005806   -0.106288842415   -0.983558173309
0.672288917473   0.738466085972   -0.0519177359975
0.314275504162   -0.221206467589   0.923200198321
0.670267498038   -0.636973734596   -0.380796458109
0.227039101858   -0.197154467048   -0.95372079895
0.7931080903   0.605753141462   0.0635821414369
0.565183866833   -0.770839313821   0.29389445204
-0.271083813253   0.221670788827   -0.936683312317
-0.341883025462   0.887496961013   0.308974337273
0.899794178184   0.40399406626   -0.164800580501
-0.16992346515   0.125079610201   -0.977487139099
0.0422891013983   -0.990072979762   -0.134041510917
-0.984549464422   -0.06411385075   0.162947127154
0.560800788862   -0.819106230027   -0.120695729599
0.36840132184   0.116315349014   0.922361754221
-0.741473493308   -0.561725665708   0.366989557353
0.203215941835   0.888552165617   -0.411312934347
0.325954373799   0.334725623534   0.884145069065
0.923285994254   -0.313741622879   -0.221605881889
-0.476908693044   -0.597164956856   0.644943495821
0.143113120866   -0.776728435842   -0.613360882018
0.867223577364   -0.200217260138   0.455890683835
0.163832618998   0.48380965283   -0.85970174641
0.786531002363   0.461941278688   0.409852702035
0.59542241751   -0.743329317916   -0.304850241682
0.221218459284   0.535020179773   -0.815362373738
0.351900982161   0.735955216008   0.578390541749
0.909520803515   -0.414877484646   -0.0254672477509
0.255426408397   0.264243785001   -0.930017511653
0.782938381952   -0.620899535526   0.0386167949268
-0.56724319296   -0.738010154993   -0.365480739804
0.945588500983   0.320169654005   -0.05791182489
0.275474873985   -0.882525708226   -0.381132481065
-0.173135728868   0.344441238783   -0.922704856612
0.734748480367   0.598970633287   0.318400457063
0.00388750270999   -0.473092444826   0.881004214503
0.678328502955   -0.646078725163   -0.349932454869
0.604191235547   0.0146609164789   0.796704467426
0.370020936664   -0.890658244264   -0.264220359465
0.705717689533   0.454436958723   -0.543552751099
-0.751546321123   0.524814616184   -0.399684557928
-0.198738021791   0.397601905258   0.895776715275
0.629032054748   0.752650213296   -0.194515630541
-0.784179804983   -0.394785754643   -0.478754886542
0.363145195087   -0.91757234682   0.161822605456
-0.503177504209   -0.0469595174837   0.862906253874
0.0281026736024   -0.969725853456   -0.242573718435
0.906685358833   -0.0774443733011   0.414637225924
-0.420870407388   -0.231590453566   0.877059839465
-0.622508656084   0.565796925194   0.540700298262
-0.650341226298   0.0103527977711   -0.759571661501
-0.435361071384   -0.824479629233   0.361516359939
0.993946885696   -0.109014016945   0.0136210324104
-0.00126237702571   -0.135308215611   -0.99080275191
0.109854425576   0.984788114722   -0.134626796306
-0.449366233989   -0.892640575675   0.0355357623912
-0.869121648158   0.42763340495   -0.248510023287
0.206633851179   -0.142556913651   -0.967977261054
0.110034118176   -0.987174060434   -0.115671376074
-0.0202935483251   0.114122426711   -0.993259403992
0.993720617042   0.111639805298   -0.0074759039134
0.377440124919   -0.354493272355   0.855496038539
-0.841009318458   0.255466682163   0.476906804912
-0.387610988451   -0.899483904336   -0.201708768953
0.434039530037   0.212177475272   -0.875551486409
0.45205241077   0.789367158504   0.415389103122
0.779267800106   -0.576090451286   0.246701211296
-0.449044549801   0.2070984245   0.869177332231
-0.880230365087   -0.269618316511   -0.390513082727
0.153471484887   -0.940434051899   0.303364957363
-0.777465836251   0.621846776957   0.0940928235919
-0.613047600391   -0.782713617073   0.107387305126
0.140426183873   0.0258065812652   0.989754771267
-0.615791162972   -0.734755255433   -0.284492457229
0.741496797708   -0.662516722541   0.1060853022
-0.266427743666   -0.145623854391   0.952790612064
0.0206255822321   -0.723536275766   0.689978146762
0.839143513539   -0.362647571799   -0.405370080734
0.543518858039   0.587351680273   0.599670955305
0.99256802152   0.106336669097   0.0591712384654
-0.0824759901074   0.230301956968   0.96961782145
0.0894786774151   -0.967291849145   0.237360579848
-0.750732645917   0.106256672412   -0.652004611888
-0.0295560378856   0.98058838693   0.193837189525
0.65994464539   0.164790579179   -0.73301918804
0.722965747964   -0.572568421666   -0.386634103231
-0.357333207911   -0.788847633189   0.500032389086
-0.591298153045   -0.223349085787   -0.774907530021
0.0486592602116   0.91122861224   -0.409016738814
0.863718414667   0.167270063675   0.475406379809
0.50162015167   -0.376408211962   -0.778905694809
-0.381739265196   0.841558353367   -0.382170997443
0.914063083483   0.405019772196   -0.0211580609627
0.13698106738   -0.357405262985   -0.923849373637
-0.972972931441   0.227500624444   -0.0395871261926
0.133886763948   0.416100961554   -0.899407763049
-0.18814358645   -0.880399599995   -0.435314294742
0.589913070758   0.736046666816   -0.332020892744
-0.801281405767   0.482818837766   -0.353318664481
-0.0997530837666   0.474469466002   0.874601651102
-0.654564931323   0.190055588807   -0.731726467914
-0.382378691455   0.751723896261   0.537305983692
0.652174276558   0.631498263619   -0.419378893178
-0.805939575309   0.475430052264   -0.352743059968
0.409728161139   0.0178850017051   -0.912032324363
-0.427298765409   -0.879571709481   -0.209211311743
-0.975791127995   -0.142642021204   0.165785790446
0.176591295224   -0.0666752795848   0.982023381363
-0.129023986058   0.987526030482   0.0902504855532
-0.607552101136   0.481823117688   0.631448277903
0.645374188898   0.762878461755   0.0388408148093
-0.46300388844   0.43111823883   -0.77444461612
0.938603559108   0.344418441579   -0.019982390484
-0.341377757789   0.918827741879   -0.198032338877
-0.0498456148125   0.192695401747   0.979991784062
0.997222441353   -0.0548678996374   -0.0503678076919
-0.0248589583698   0.392282702812   -0.91950873474
0.0702099327095   0.918206836537   0.389829155765
-0.843901470331   -0.404051845675   0.352948175204
-0.52775461511   0.506919573917   -0.681547952686
0.0964643696092   -0.761429347731   -0.641030400067
-0.343423829698   -0.764282670163   0.545831542955
-0.410752821005   -0.400421245895   -0.819112291369
0.84459587569   -0.505504526117   -0.176417065057
0.409623579894   0.24901017268   -0.877611791567
0.390866900456   0.821339937137   0.415480172561
0.82427640323   -0.513219876433   0.239110370983
0.202979663683   -0.382491102919   0.901387714759
-0.946470886518   -0.312593476169   0.0804871395276
0.250982304364   -0.869474481997   -0.425466811927
0.0469925927692   -0.578688490004   -0.814193667233
0.998204331969   0.0575161007326   0.0167334931935
0.0371457650718   -0.813517995925   0.580352188282
0.978226058006   -0.0918409244132   0.186115620086
0.177226314368   0.836314754372   -0.518814480441
-0.108002837615   0.540502429432   0.834381513964
-0.626574299757   -0.125936869844   0.769119335147
0.315195961503   0.861602870752   0.397859270301
-0.712780578254   0.491711702044   -0.500163422631
-0.819381182593   0.569631029717   0.0643037136996
-0.0333008510111   -0.159283295176   0.986671112985
0.572280989492   0.806318374999   0.149482932821
-0.947550594035   -0.0355257292997   0.317625241915
0.21915049234   0.651162870007   0.726608545526
-0.232639062607   0.758106087089   -0.609224283222
-0.595556361559   0.190022526052   -0.780515252765
0.519550986841   -0.649934007433   -0.554664365229
-0.612682129884   -0.735851361061   0.288345941788
0.281442850455   -0.10933393621   0.953328910881
0.755937950671   -0.586681106537   -0.290453256081
0.591056458102   0.802403495521   -0.0824675312543
-0.216508577426   -0.830054329851   -0.513939534767
-0.23147856297   0.555060612816   -0.798952683822
0.94844172767   -0.054014124044   -0.312315167127
0.956841634804   -0.15324156563   0.246923284581
-0.171983599905   0.386311540478   0.906192603732
-0.234255687804   -0.909549567785   0.343283929822
0.996757699383   -0.0463257868238   0.06578761431
0.0532359941756   0.99277883576   -0.107499359026
-0.0603325587522   0.11065308284   0.992026147646
0.896472537566   -0.373834048198   -0.237876215284
-0.185755819109   -0.804465396784   0.564207586837
-0.402283190125   -0.461609715869   -0.790622985473
0.827862160269   -0.560675251187   0.016956010774
0.560337749688   0.827998387574   0.0209827655288
-0.0258040669141   -0.00786974467833   0.999636042392
