-0.514267267604   -0.772731459826   -0.372042025134
-0.0699669448964   0.470158108988   -0.879804511909
0.85477119985   -0.426424018493   -0.29585258552
-0.138468462991   -0.862174242372   0.487321311402
0.711647850689   0.25558628284   0.654395131884
-0.688755269574   0.437414251955   0.578173806757
0.770268633304   0.217871705381   -0.599348106314
0.258925615951   0.752031934042   0.60613983171
0.58278963439   -0.622077077359   0.522854044522
0.949743475751   -0.197040611446   0.24323307281
0.102509583138   0.929958680058   0.353084464044
-0.295768686024   -0.310405945216   0.903420740044
-0.609596501446   0.731068006828   -0.306482747992
0.405010293839   -0.0451211116634   -0.913198087584
-0.681438748024   -0.680811027139   -0.268584396451
0.599078112678   -0.682635079788   0.418467158513
0.534383843507   0.730078231314   0.425933896233
-0.596271182189   -0.0315455861336   0.802163046572
0.228790287367   -0.949188346545   -0.216093700023
-0.81945825286   -0.0679592545404   -0.569095520577
0.525493269439   0.307283293567   -0.793368641471
0.947334970317   -0.195778843289   0.253430658236
-0.113274498134   -0.945059085185   -0.306646724394
0.299541887031   0.261789934929   -0.917464270631
-0.99379243677   0.081327246215   0.0759109454675
-0.10758837768   -0.528956288821   -0.841801630733
-0.0283078364913   -0.844743229354   0.534422625694
-0.985989721339   0.0759562156479   -0.148508998779
0.0650322762806   0.994901370015   0.0770848038528
0.153606876329   0.0663469460315   -0.985902130182
-0.890335974009   -0.220740261978   -0.398215507141
-0.45443965951   0.376962141751   0.807083725242
-0.0280437024976   0.899540594097   -0.435936085134
0.894911558141   0.0353985978562   -0.444837321249
-0.443550782792   0.179906740362   -0.878006986223
0.0489490162369   0.983046542155   0.176701697126
0.192663958976   0.685318984887   0.702295157228
-0.376242933775   0.712596562575   -0.592154873146
-0.906268091514   -0.150146688144   0.395138100344
-0.442630319681   0.803634645723   0.397806179305
0.864890828264   0.265495665243   0.425999890754
0.236732455071   0.532619383736   -0.812572665541
-0.839463952781   0.520963699872   0.154586853898
-0.48425162819   -0.846242285294   0.222203409458
0.246577842835   0.111672816728   0.962667413714
-0.0169786912375   0.599024319732   -0.800550803143
0.51638434439   0.690873604133   0.506004814188
0.856188608259   -0.404800602127   -0.321056910227
0.732885510771   -0.680187719305   0.0149497360858
0.666785210451   0.71373147772   -0.214440809631
0.135189908001   0.167128825219   0.976622570165
-0.217408321169   -0.918800827886   0.3294520611
-0.962232593331   0.258400295536   0.0856605136428
-0.163835460805   -0.29838620267   -0.940278477813
0.116298655228   0.922177211637   0.368868286966
0.86946564878   -0.274051855791   0.411004946357
0.480108433986   0.272918981887   -0.833673269897
0.916860472627   -0.0115987074785   -0.399039275911
-0.0573859012839   -0.99302563939   -0.102989989067
-0.395061681346   0.117326678548   -0.911131559344
0.816294691758   0.127668901082   0.563350359815
-0.56637191543   -0.0147587454147   0.82401761683
0.113515768153   -0.99170702888   0.0602605945077
0.209658780745   -0.660433575094   -0.721020588156
0.976308221928   0.101029986415   0.191350980246
-0.0535299117553   -0.744056741609   0.665968553172
-0.505595080782   0.343547949767   -0.79142177156
-0.845777809828   -0.0161964833205   0.53328938704
0.170392226028   0.938995463322   0.298754094818
-0.299332699908   0.863752375259   0.405378550248
-0.176559689115   -0.467663738047   0.866093126803
0.937670843604   0.187676483211   0.292490900207
0.160930950353   0.747543486011   -0.644422195258
0.642364191541   -0.575044936117   -0.506647379222
-0.749312668147   -0.332418498236   -0.572737695098
-0.222627472766   0.426555208908   -0.876634280714
-0.909783716807   -0.414026759452   0.0295876847804
-0.350329269406   0.804134625677   0.480246714498
0.94900787543   0.185945623293   0.254574699353
-0.0133613416963   0.830525150339   -0.556820841207
-0.314969088833   0.525025903964   0.790659391424
-0.0840321022879   -0.845799788402   -0.526840890331
-0.027632978191   0.530485546671   -0.847243473442
0.996079828278   -0.0566374673903   -0.067949782827
0.923319705379   -0.104951813749   0.369412829297
-0.10592365473   0.855019528974   0.507663061924
-0.369135342424   -0.507864865751   0.778339499903
-0.961567609705   -0.266084295675   -0.0677265056096
0.261154834389   -0.962487008809   0.0735996626946
-0.0847695962113   0.0530839473761   0.994985532603
0.206192378654   -0.160244409576   0.965301213189
0.243910479042   -0.946943678019   -0.209297273926
0.9476245993   0.278602584085   -0.156167278719
-0.338273934095   -0.2428058586   0.909184283048
0.837627161929   -0.518020280698   0.17330818326
0.428895655272   0.820183091642   0.378613540531
0.639962728649   0.491270119959   -0.5908480136
0.19110311311   -0.846523829318   -0.496867192071
-0.744262928071   0.20506358924   -0.635626948978
-0.327796816861   0.0864692616722   0.940782819593
0.812614587301   0.533725102635   0.234083419579
-0.481878386484   0.841225642502   -0.245219573111
0.76442188781   -0.261958859491   -0.589098237454
0.503498553363   -0.328134011663   0.799260456391
-0.402676525512   -0.907582297274   -0.118936913856
-0.990351645565   -0.0953626997748   0.100546375465
-0.0694660157068   -0.286187280601   -0.955652297169
0.119908676873   -0.953416381186   0.276801577483
0.74423970663   0.612158469699   0.267150270543
0.247965423915   -0.624629756176   0.740507134498
0.620177722607   -0.484870782452   -0.616668400931
-0.493393057331   0.396735076654   0.774057213603
-0.860710582587   -0.0943299441662   -0.500279076772
-0.125461484131   -0.913073458483   0.38801581851
0.386498765351   0.874198817887   -0.293930487
-0.460745399893   -0.0930648152442   -0.882639573462
-0.798957058208   0.476566225166   0.366813647743
0.717588269771   0.674318762684   0.174244889107
0.591876191401   -0.722294408262   0.357733646511
0.367082618956   -0.153574067103   -0.917423215737
0.622500914316   -0.775562533679   0.104858800436
-0.738542993097   -0.537816222299   0.406580814082
-0.25893408239   -0.330539660836   -0.907577365072
0.473261088717   -0.84027255648   0.264510817799
-0.809686063757   -0.296630416137   0.506378193034
-0.34703374485   -0.453819817823   -0.820740612427
0.648496965941   -0.69550400576   -0.309395964966
0.0276728090655   -0.384640413311   0.922651596263
-0.760714072963   -0.606898616261   -0.230191591454
-0.161745926527   -0.564984826751   -0.809092331439
0.352428875692   0.732748461611   -0.582128490615
0.92175492558   -0.379304412772   0.0805978884405
0.888895384905   0.451349207106   0.0784148451464
0.320293200943   -0.489929103135   -0.810790811079
-0.327532074954   0.745823951845   -0.580059800995
-0.227271994756   0.793112348558   0.565084279524
0.626207667311   0.563414623955   -0.538913646992
-0.745795815087   0.231380128961   -0.624701399166
0.108524359497   -0.0744156929491   0.991304578845
0.881644213705   -0.453494188372   -0.130562251637
0.459266745841   0.888147130692   0.016392998769
0.0662544377909   -0.67996942519   -0.730241008353
0.968396719463   0.220183157328   -0.117163010211
0.240454035537   -0.699400427535   0.673068271989
0.147955095945   -0.514426184052   -0.84467448804
0.982656901388   -0.0200647435328   0.184344298046
-0.111779710767   -0.857299893403   0.502535758958
-0.404260547673   0.347364205774   0.846115546567
0.522139502442   0.847172874257   -0.0983283332147
-0.750961882911   0.402040084656   -0.52385114369
-0.114757790487   -0.993158651379   0.0215995998557
-0.964873969639   0.116609451406   0.235415501947
-0.236323659917   0.00617487119446   -0.97165477343
0.464795278442   0.185607869254   -0.865745382898
-0.229705136659   0.969581037196   0.0845468065732
0.855102858919   0.159569204988   0.493291769127
-0.810144353161   -0.369203056538   -0.455362745605
-0.379769309973   -0.261206626219   0.887438093402
-0.446588623058   0.891885755836   0.0714030832184
-0.697826806477   -0.143134931927   -0.701819164333
-0.331067607118   -0.804426934698   0.493245928771
-0.635162961515   0.576549822647   0.513963339476
0.0603086533329   -0.324198347771   -0.944064774068
0.672861914407   -0.685401472489   0.27835528673
-0.737305710322   -0.652012463694   0.17680508113
-0.900244119269   0.421202691121   0.11022167987
-0.435258204388   -0.864542691995   -0.251229435438
-0.0105271664644   -0.274142712305   0.961631401347
0.488893732006   -0.866642223867   0.0995699483579
-0.541085995935   -0.211731983293   0.813876840962
-0.684257892763   -0.451775190844   -0.572442410318
-0.587554669742   -0.191553153084   -0.786185028863
-0.432584935546   -0.74673302962   0.505232675124
-0.683849240406   0.636943617613   0.355883470223
-0.34421641055   -0.888166579426   -0.304426000693
0.936100269335   -0.349630477304   -0.0384033213618
-0.0723280613537   -0.298192314674   0.951761522132
0.646478128251   0.356126767092   -0.674714573322
-0.548644916742   -0.397521432077   -0.735503546132
-0.530146003499   0.84566567673   -0.0616017708682
0.761414036271   -0.583994608142   0.28142310323
-0.521114445169   -0.809608184592   -0.270137599156
0.385601349071   0.0590329154245   -0.920775061831
-0.691564211271   -0.345660250832   -0.63423807256
-0.625419636805   -0.152741551085   0.765192979889
-0.361371304323   0.925845024595   -0.110552118229
-0.896880290405   0.192688212052   0.398091694989
0.096509000119   -0.793146156023   0.601336168945
0.431615288861   0.577745989274   0.692761008068
0.564076187564   0.150114186978   0.811962921254
-0.381266007679   -0.824886202258   0.417371518809
0.732430396701   -0.545003196497   -0.408065227379
-0.444647774784   -0.46715060548   0.764237311428
0.401264464243   -0.86670618267   -0.296322835193
0.80079659472   0.174901986039   0.572829912945
0.810201747289   0.13036571825   0.571469953886
0.170459436348   0.880412910302   -0.442511794118
-0.560817893125   0.45593627502   0.691090011411
-0.622115183518   0.531268103437   -0.575088602484
-0.0290516085615   -0.749696406574   -0.661143934412
-0.782386542878   -0.394600431122   0.481831710541
-0.589744330798   -0.383404354315   0.710776142948
-0.513398190053   0.85737369761   0.0365053570948
-0.623397082718   -0.343382357932   -0.702470379105
0.566391838219   0.485477610832   -0.665966797205
0.0387080679276   -0.822857627075   -0.566927694721
-0.823226561207   0.295324931126   -0.484851744329
0.928064906994   0.354721149901   0.113439121204
0.337442666465   -0.9298212092   0.14685014733
0.157568953973   -0.0980072687836   -0.982632484711
0.68319060881   0.730216949909   -0.00581361322124
0.303474394168   -0.276671305417   0.911787409895
0.66419416146   -0.624688878422   -0.410621384074
0.20360391057   -0.161748982468   -0.965599665633
0.796599311892   0.600745571475   0.0673371713605
0.569188003997   -0.782906140622   0.251163275743
-0.315815402593   0.281043698347   -0.906242280577
-0.25190446917   0.896012787287   0.365657248567
0.914770337242   0.343766671795   -0.2121784755
-0.166009218975   0.0732906408082   -0.983396878775
-0.0489573061866   -0.99661712081   -0.0660113375001
-0.984908179165   0.0371859715152   0.169035742186
0.554239455713   -0.831957232861   -0.0258028762159
0.286909475601   0.161851878468   0.944185851539
-0.781346004368   -0.530708142133   0.328401110431
0.170998966099   0.878550449836   -0.445991547774
0.39268111268   0.354384188885   0.848653869615
0.903637591813   -0.320251391506   -0.284390838286
-0.466413493854   -0.633855129225   0.616997672529
0.201631201585   -0.755334347328   -0.623550224355
0.86128004232   -0.166426256648   0.480103103302
0.167951966401   0.448028049787   -0.878101932344
0.813600637447   0.439974704499   0.380100331685
0.556638248531   -0.778262890034   -0.290621290114
0.259830803775   0.52253969524   -0.812059246797
0.371435807962   0.722161522958   0.583539351992
0.891360417549   -0.45324938131   -0.00645014492826
0.281144522076   0.249642871878   -0.926626243006
0.768842189719   -0.636444489739   0.0618069477342
-0.574316502475   -0.729806034505   -0.370868854158
0.948634893702   0.299640770829   -0.101524612328
0.234749898739   -0.881794743659   -0.409060527426
-0.212095081256   0.364216197489   -0.906841903528
0.754436322035   0.560982105933   0.340771056306
-0.0363333960386   -0.482684249551   0.87504045596
0.655366859344   -0.672543672974   -0.343772144911
0.606411128408   0.0461422039872   0.793811338011
0.334536533328   -0.92046656235   -0.202055971118
0.721353485617   0.388087882582   -0.573617419699
-0.736846894173   0.523161092819   -0.428204537001
-0.209400116935   0.425622876025   0.880339001994
0.6428127609   0.738341139559   -0.204068900276
-0.760538499449   -0.453810185973   -0.464367856298
0.399949921987   -0.890831794563   0.215542974133
-0.51148924794   -0.0217951577859   0.859013224775
0.0348733998268   -0.983141014212   -0.179492596388
0.928518718484   -0.0345557221112   0.369674034109
-0.369644201103   -0.179554025973   0.911659759092
-0.63298818162   0.558172447637   0.536441497862
-0.625192198736   0.040103362775   -0.779439821239
-0.456574940803   -0.82875523467   0.323580105132
0.989677972185   -0.141280059122   0.0240303197479
0.00279911104497   -0.148593028264   -0.988894472089
0.143281807464   0.978754339375   -0.146663788319
-0.472256932093   -0.880979906557   0.0291169080087
-0.851110986107   0.447154230612   -0.275069415556
0.229310879415   -0.154685158591   -0.960983362132
0.10876109479   -0.982038772395   -0.154178058661
-0.0624976169386   0.148036153702   -0.987005240652
0.992101341667   0.116983531787   -0.0452745088709
0.344536399626   -0.281065003941   0.895710406824
-0.853844305962   0.302746877069   0.423431493399
-0.390185302785   -0.910684792881   -0.135678434197
0.366979488286   0.26327402618   -0.892195517987
0.440497000136   0.795580151862   0.41595025524
0.819321944079   -0.545654661028   0.175990178275
-0.42629361003   0.224858359084   0.87619203169
-0.897163032634   -0.228920529219   -0.377748440337
0.115638449151   -0.947118846636   0.29932196616
-0.770091918753   0.627666337313   0.113988620818
-0.623292427054   -0.778370790846   0.075136291727
0.135885933961   -0.0131863930621   0.990636730588
-0.583497251051   -0.756032226389   -0.296557297461
0.778374842285   -0.62479716927   0.0613278254165
-0.231653972369   -0.195048122096   0.953043895711
0.0320332977546   -0.742766580909   0.668783727464
0.861539363335   -0.318686974082   -0.395206955878
0.50667918179   0.58884328886   0.629714052491
0.989592385094   0.140969222316   0.0288892665659
-0.0588869459548   0.213539317227   0.975158083387
0.131298282393   -0.966710214262   0.219618129221
-0.766996222899   0.104372764858   -0.633105931116
0.0312880550803   0.99159161758   0.125567199359
0.640888330108   0.0765009143843   -0.763812646158
0.744226493322   -0.55096766747   -0.377573245928
-0.420255212745   -0.825637333811   0.376441959906
-0.519145916674   -0.121480954966   -0.846008212006
0.0887458061659   0.927646932474   -0.362760734589
0.886103613429   0.0928067162595   0.454100539183
0.454911604773   -0.36174311616   -0.813755091999
-0.415343140992   0.84766619664   -0.330078921327
0.90614277013   0.417436470225   -0.068206110186
0.0799709658053   -0.327427568172   -0.941485970277
-0.961558076681   0.262295550542   -0.0812841272005
0.178867613606   0.373664274724   -0.910154594889
-0.208356526108   -0.8897055996   -0.406216080513
0.597777144656   0.729342557364   -0.332749033574
-0.800016167619   0.516147291778   -0.305885770735
-0.0513479977687   0.44905612924   0.892026891925
-0.643736334632   0.168717740605   -0.74641667685
-0.361232650986   0.792883775962   0.490760929249
0.674621748342   0.585550716694   -0.44946173902
-0.793860194252   0.473581509889   -0.381453202206
0.434813101829   0.00354101027707   -0.900513757654
-0.425115935316   -0.880742876632   -0.20873051239
-0.973901447121   -0.14879361691   0.171395539216
0.185999758485   -0.0904310534213   0.978379432746
-0.130077135346   0.984724674284   0.115746510601
-0.572859086013   0.519927885741   0.633646164039
0.694507470538   0.718462189378   0.0383595594406
-0.435306605669   0.462046616764   -0.77267139393
0.934005172588   0.357253231008   -0.00211341263792
-0.345470265604   0.90166096466   -0.260111130848
-0.0910199602388   0.243675262885   0.965576373518
0.997503097644   -0.0704154840928   -0.00540645821475
0.0218383592805   0.380350419641   -0.924584579334
0.0671614193893   0.922157913743   0.380938480423
-0.85193306268   -0.40900403572   0.326995038919
-0.511794398328   0.518218776614   -0.685212225084
0.110799596357   -0.751109178701   -0.650813683874
-0.344044597103   -0.795967816946   0.498064804609
-0.462571822779   -0.317928876365   -0.827616178155
0.817105026282   -0.5151276191   -0.258810571782
0.437417297513   0.307550712475   -0.845031755079
0.317688841072   0.826254706761   0.46516336895
0.841272790535   -0.471927662688   0.263712671472
0.155290421613   -0.411826708217   0.897932986004
-0.961894668222   -0.270101222452   0.0424732489425
0.2250411789   -0.870312640394   -0.438078047578
0.0341960213656   -0.600634781687   -0.79879189477
0.998365987728   0.0571428274991   -0.000227625084814
0.0457819469936   -0.797478875139   0.601607394433
-0.995982183763   0.0129952699383   -0.0886036826893
0.0885400215207   -0.00539606567926   -0.996058003865
-0.0134221539256   -0.999900997816   0.00422378379895
-0.562520564362   -0.136605706457   0.815419827839
0.336367094775   0.863132207215   0.376643027841
-0.755266702709   0.486149847097   -0.439579951711
-0.83283606732   0.545227253105   0.0954532736037
0.00380146323976   -0.16680969735   0.985981781651
0.553506670102   0.82152405159   0.136852470972
-0.929208379171   -0.0129846287335   0.369328021541
0.269713994307   0.659376426768   0.701767118849
-0.252638376645   0.75170082296   -0.609195964701
-0.577713243856   0.168981139197   -0.798556687073
0.526470575817   -0.670489687739   -0.522754542241
-0.623759681826   -0.722418821205   0.29838717482
0.301479714719   -0.104167952457   0.947765276476
0.719674627936   -0.627175726419   -0.297857412357
0.625442572518   0.771880590423   -0.114113726652
-0.248817280555   -0.810078881096   -0.530906929037
-0.218223794065   0.580939913556   -0.784147430361
0.943646298462   -0.0792529068268   -0.321326376381
0.947991118988   -0.11782227523   0.295686911747
-0.233660831389   0.373204736986   0.89784232478
-0.216137581632   -0.920236999773   0.326264325441
0.999998937573   0.00024591107076   0.0014367949282
-0.000244309411256   0.999999348751   -0.00111481387094
-0.00143706813756   0.00111446166401   0.999998346404
0.896935326658   -0.403974158182   -0.179755109282
-0.27602407849   -0.829156569061   0.486117364509
-0.345423982789   -0.386399098737   -0.855206412868
0.865766101144   -0.500448263838   0.000770280557393
0.500448155605   0.865766439123   0.000341232840504
-0.000837652437894   9.00576583407e-05   0.999999645114
