-0.50071063667   -0.80773868532   -0.311202626214
-0.0873177321352   0.404813977472   -0.910220444342
0.861199437982   -0.428583550641   -0.273224574553
-0.183291216074   -0.857546190986   0.480644213983
0.693484192494   0.233747526601   0.681499646786
-0.696766822453   0.458232063625   0.551850859377
0.789452841288   0.196681572224   -0.581446962783
0.278075976524   0.72988904256   0.624448346007
0.547209249431   -0.654658952965   0.521520558214
0.953831031033   -0.15883916037   0.254904855528
0.0491258842388   0.919789530452   0.389324886398
-0.296298855442   -0.358827731375   0.885126910369
-0.609449271392   0.755684841509   -0.239816608919
0.273841725326   -0.0832248563727   -0.958167173698
-0.744031111628   -0.64962607983   -0.156216712723
0.546227725978   -0.742683016295   0.387372183668
0.559795825897   0.66768229804   0.490743295617
-0.623108260804   -0.0512082629179   0.78045743582
0.240114279535   -0.952599904421   -0.186811549056
-0.779389999847   -0.0744565987008   -0.622099222833
0.57870230767   0.294973959879   -0.760324931914
0.946578549746   -0.185480716498   0.263791495253
-0.0925698528864   -0.9398889267   -0.328693820756
0.308901070729   0.286715380253   -0.906848619798
-0.995152099549   0.0810103192267   0.055764029113
-0.0914114706306   -0.552738385515   -0.828326155699
-0.0362800468752   -0.829407984864   0.557464037264
-0.986498914235   0.00966111372409   -0.163482583458
0.00509965185987   0.999586507695   0.0282985368062
0.16368838005   0.027082771573   -0.986140272842
-0.870127218683   -0.263602319888   -0.416404178962
-0.488823945067   0.354155683021   0.797260875067
-0.0626879098105   0.89726672129   -0.437015625384
0.890588469732   0.00639894018337   -0.454765028499
-0.44632022038   0.204592163685   -0.871171801334
0.0874667849029   0.978826389164   0.185063398369
0.23062233014   0.64097700251   0.732094135405
-0.342645117118   0.75768102365   -0.555440176901
-0.910718213585   -0.122751572917   0.394365803272
-0.486714230929   0.771200550312   0.410315693837
0.834587960663   0.271780481388   0.479164174218
0.258015878055   0.57566056069   -0.775914122527
-0.817613227008   0.570275216488   0.079339703049
-0.551825088716   -0.815462275265   0.174672118791
0.164309715125   0.0990325960396   0.981424914314
-0.007626589739   0.53473923573   -0.844982712781
0.486270079634   0.740351195747   0.464135235259
0.873775282771   -0.40735004201   -0.265674045574
0.691207572161   -0.714302658927   0.109561871276
0.715979000248   0.656342364694   -0.23788394547
0.0980110370918   0.242871183465   0.965094516019
-0.14320726837   -0.936755547341   0.319344207418
-0.967981608724   0.199789310806   0.151973143874
-0.206163244681   -0.287355660833   -0.935373423147
0.0470518079536   0.933592067723   0.355235103069
0.860842495328   -0.218292291765   0.45967235461
0.50669154878   0.284173057203   -0.813946772187
0.943530469899   0.0563742618552   -0.326453970681
0.00844660876789   -0.98918838345   -0.14640695628
-0.331178059619   0.135381995284   -0.93380555159
0.82860195773   0.152381541506   0.538700901665
-0.545580810177   0.00401485299325   0.838048602721
0.125540333012   -0.98831358726   0.0864631599211
0.154110369401   -0.693142973568   -0.704132666645
0.98638686116   0.0665531292936   0.150371676564
-0.0573668386306   -0.717721045515   0.693963649373
-0.455851338263   0.394829555242   -0.797689901974
-0.84932902551   0.0750389135665   0.522502983606
0.266157404237   0.915684871426   0.301133612225
-0.23961969993   0.89243729867   0.382280090179
-0.179332872509   -0.427661361414   0.88597148983
0.95416042689   0.143740835865   0.262519431398
0.131604869228   0.774035165635   -0.619313911321
0.634691553193   -0.545698531634   -0.54715605167
-0.76147671711   -0.321064907663   -0.563090165396
-0.126317872651   0.455587695091   -0.881183095123
-0.925531818022   -0.3737922679   -0.0605821284443
-0.356979899823   0.807910386454   0.468877551801
0.934376262551   0.133814055426   0.330204177065
0.0678030654965   0.843069856856   -0.533512849677
-0.349776706328   0.520890597949   0.778671458754
-0.0574927305228   -0.873113303096   -0.484115426209
-0.0215729891835   0.485890794998   -0.873753249764
0.998112815304   -0.039790643279   -0.046770852384
0.922286819421   -0.150344646367   0.35606672132
-0.0624817738662   0.851131809088   0.521220367496
-0.381422404504   -0.502962355318   0.775593848916
-0.964430820305   -0.223243101845   -0.141547554995
0.20439600765   -0.969366841811   0.136199111797
-0.167617018538   0.102422865981   0.980517257176
0.177749795952   -0.11070168674   0.977829303402
0.271305192155   -0.949630843569   -0.156827145777
0.94593789582   0.293166160216   -0.138762746281
-0.348939760735   -0.238850280095   0.90619621886
0.856584569575   -0.473525969978   0.205026902925
0.380136710336   0.847775736533   0.369827503034
0.618375925543   0.527643421907   -0.582411910959
0.193508006245   -0.820505327727   -0.537890006126
-0.761686199316   0.219916862676   -0.609483968028
-0.362549069097   0.0940531594629   0.927206652096
0.792675907184   0.554340599288   0.253715206779
-0.490125574386   0.826958586131   -0.275529341736
0.736084547589   -0.305730540544   -0.6039109002
0.488338753567   -0.377956075615   0.786558622526
-0.468726786695   -0.873886744083   -0.12890755583
-0.99195099204   0.0145556293548   0.125782999824
-0.125012911852   -0.270459130675   -0.954580342614
0.0201246431297   -0.962621416907   0.270101844589
0.713919281713   0.626922433162   0.311909477248
0.280429588519   -0.664139420429   0.693020978121
0.641621777282   -0.407292392552   -0.649949537954
-0.503793575604   0.396012681931   0.7677017578
-0.851215499473   -0.0762980425081   -0.519240582165
-0.14705171416   -0.9150697047   0.375530596494
0.37450642722   0.874919179358   -0.307020138691
-0.428331996438   -0.130425566762   -0.894159310393
-0.822360405661   0.466374957653   0.325910665791
0.724102853098   0.667858948308   0.172161213111
0.564717487691   -0.717427230724   0.407912156858
0.395940926441   -0.198147908848   -0.896642732078
0.608136140293   -0.793066079257   0.0348802064565
-0.736210829995   -0.547013791003   0.398458939228
-0.296924314714   -0.267996467113   -0.916522691998
0.491090273053   -0.844032148363   0.21549959685
-0.790204309613   -0.327518332636   0.517985415679
-0.366616274572   -0.424666309374   -0.827798908493
0.634574677125   -0.689995194422   -0.348168940066
0.0486371446594   -0.41394756115   0.909000464674
-0.77132963596   -0.593762619481   -0.229121243878
-0.189353479763   -0.592510966353   -0.78299170778
0.328885098725   0.71308607806   -0.619146862314
0.925191791759   -0.374751917978   0.0598426974132
0.885199240978   0.452251413211   0.109045692355
0.342178748718   -0.474150339965   -0.811230644784
-0.315176153443   0.755413869584   -0.574468343725
-0.241971378952   0.788521142042   0.56540627899
0.630099184014   0.570830748593   -0.526428793632
-0.737851523054   0.228881333913   -0.634971231564
0.10088989862   -0.0154091370237   0.994778260143
0.876463908619   -0.471759415342   -0.096198081715
0.470778339822   0.881592656805   -0.0340902071225
0.00178028635358   -0.726376373356   -0.687294838341
0.966185933453   0.178462240334   -0.186107417294
0.257840207449   -0.663723280445   0.702132348221
0.105040713083   -0.530981429112   -0.840847887869
0.99343693645   0.017535714647   0.113028987472
-0.0452714246757   -0.847201995188   0.529338528219
-0.402582798503   0.308932590949   0.861677285646
0.542940836031   0.838457960986   -0.0469414127212
-0.736981912206   0.448941980559   -0.505280871568
-0.0718297958351   -0.997120981064   -0.0242946403961
-0.951652257902   0.0612201887497   0.301015063608
-0.298661113069   0.0447418999501   -0.95330986669
0.481718075691   0.0825996723177   -0.872424775947
-0.225874661719   0.973612783456   -0.0325389779104
0.846716205553   0.212733264967   0.487664049558
-0.833644733587   -0.460487642764   -0.304938664362
-0.200330057641   -0.262411657257   0.943932195733
-0.51468857202   0.847992484045   0.126508580086
-0.695474434595   -0.119859765765   -0.708483554767
-0.344871341879   -0.809322627182   0.475458350102
-0.630380098333   0.575004801443   0.521526998288
0.0788083299262   -0.265722675272   -0.960822932168
0.664878567957   -0.704132254278   0.249267443436
-0.742782429118   -0.658474926122   0.121181824802
-0.889003130176   0.440129890279   0.126329387791
-0.457839734601   -0.849868938588   -0.260970428676
-0.00749746342494   -0.289842141355   0.9570450988
0.489907218152   -0.868010429984   0.0809247245424
-0.552467029823   -0.237319452875   0.799036706444
-0.674367183781   -0.436162092263   -0.59581165708
-0.592202537978   -0.141545226627   -0.793259795295
-0.469127975794   -0.739841657165   0.482237767756
-0.655145095638   0.65772279202   0.371733281424
-0.350045589133   -0.899434165398   -0.261698810933
0.936566757031   -0.341305907028   -0.079705629994
-0.0176293832423   -0.272999010883   0.961852766749
0.640784951949   0.382998261546   -0.665362290041
-0.532794971053   -0.402134063384   -0.744592313879
-0.552742403093   0.831625232132   -0.0536219088092
0.749192532721   -0.557848191805   0.357093746536
-0.482224019742   -0.828976290137   -0.283298967831
0.45406006618   0.040046289347   -0.890070643831
-0.676574674912   -0.404727779881   -0.61517650594
-0.638342687481   -0.0941218675675   0.76397623483
-0.367103967027   0.909580396798   -0.194674546756
-0.89917289134   0.211280095067   0.383208602341
0.0692438507081   -0.795987443669   0.601339570176
0.432080317324   0.567243079243   0.701100483834
0.577786225532   0.167671589793   0.798779891811
-0.360630516654   -0.825510953047   0.434139720433
0.732194446881   -0.538904355499   -0.41650136564
-0.453002361961   -0.473977903366   0.755072054296
0.422819534216   -0.859868937155   -0.286092733919
0.784864638994   0.189658530091   0.589929775838
0.765329343101   0.116815781315   0.632949500217
0.206031341747   0.887185582317   -0.412859332881
-0.609772156471   0.446380796815   0.654921446761
-0.654046361712   0.514109366484   -0.554900816385
-0.0476580446127   -0.760102486598   -0.648053177333
-0.754951698796   -0.397411334967   0.521643713012
-0.577826712018   -0.378178894228   0.723254460642
-0.551829753784   0.833942887677   -0.00481486572388
-0.601332032838   -0.40189548897   -0.690564842885
0.589104312416   0.534429415792   -0.60608688208
0.0691478606573   -0.780644245518   -0.621138579792
-0.805092965103   0.324005804696   -0.496835542272
0.910491717485   0.403378075802   0.0910547107665
0.387132573103   -0.908863037521   0.155229990243
0.145372635779   -0.10608537595   -0.98367306041
0.671241259642   0.73931694613   -0.0533443953872
0.315252652907   -0.219608729797   0.923248488021
0.67085835777   -0.636539440225   -0.380482069024
0.226713570177   -0.198567935546   -0.953504972232
0.793264524382   0.605662581428   0.0624838524401
0.565094993302   -0.770547605558   0.294828825106
-0.269525870647   0.219561803646   -0.937629148134
-0.344766526293   0.887122081516   0.306839461011
0.899161747073   0.405964317232   -0.163404791041
-0.165853777122   0.125656476328   -0.978111943783
-0.00443279642872   -0.991933669903   -0.126680483219
-0.986140393114   -0.0166746654981   0.165072955387
0.560194742908   -0.819145622172   -0.123216474934
0.370643282499   0.114839375023   0.921648238257
-0.740814016577   -0.56197185661   0.367943236413
0.203439867562   0.888386370233   -0.411560296276
0.325234173137   0.335163122162   0.884244544324
0.923490634988   -0.313744065646   -0.220748065365
-0.477308458687   -0.595931064033   0.645788511966
0.142308458777   -0.777626661122   -0.612409241009
0.867136054969   -0.200406943078   0.455973814314
0.162740229407   0.484131411327   -0.859728093236
0.785891804958   0.463233489134   0.409620318641
0.596564907308   -0.742314967592   -0.305088184394
0.219930818227   0.534670520807   -0.815939868725
0.351901177333   0.736618657288   0.577545249419
0.909832949824   -0.414150199705   -0.0261460417389
0.253902605631   0.265225320327   -0.930155361384
0.783463728556   -0.620336417952   0.0369772173167
-0.567201950712   -0.738131599392   -0.365299451256
0.945195448336   0.321603328806   -0.0563636704404
0.277379680747   -0.881992529771   -0.380985157372
-0.172238431115   0.344471299719   -0.922861553277
0.734131682286   0.600338248883   0.317245425486
0.00563899186688   -0.472593894088   0.881262283909
0.678983707341   -0.645173618648   -0.350331453008
0.603811020132   0.0148848552714   0.796988515006
0.371802770421   -0.889663809702   -0.265067926414
0.705106340827   0.456373472925   -0.542723042938
-0.751662863884   0.524497699126   -0.399881360743
-0.198929965762   0.397769732533   0.895659594155
0.628832098242   0.752782441009   -0.194650426993
-0.785136300136   -0.392654476446   -0.478939925602
0.361362826507   -0.918486362797   0.16062287812
-0.502969082378   -0.0469602329977   0.863027716061
0.0275486045327   -0.969205807394   -0.244706308261
0.906197942774   -0.0791194674561   0.415385842779
-0.421955403923   -0.233195653441   0.876112677865
-0.621817926921   0.566178734472   0.541095284023
-0.651073025063   0.0102671361385   -0.758945651513
-0.435254387452   -0.824218555086   0.36223941207
0.993989101053   -0.108539508379   0.0143123061787
-0.000544662972819   -0.135632059277   -0.990759127053
0.109477716133   0.984795978676   -0.134875906126
-0.447862523187   -0.893389229337   0.0357049748429
-0.869860923248   0.426136318036   -0.24849509584
0.206787655651   -0.142350003004   -0.967974866469
0.110406183844   -0.987306027221   -0.114180923022
-0.0191087582374   0.11275337306   -0.993439244354
0.993702837838   0.111863691504   -0.00641752254542
0.378705256447   -0.356363373391   0.85415892833
-0.840480945448   0.254006812632   0.478615001306
-0.387523043287   -0.899158320454   -0.203322909873
0.435159908672   0.210717430035   -0.875347941429
0.452601037524   0.78926024677   0.414994655027
0.778323939447   -0.576772422666   0.248083489445
-0.448775693611   0.20732679424   0.869261742638
-0.880214926796   -0.27055251455   -0.389901294581
0.154343964798   -0.940115385078   0.30390953139
-0.777291176375   0.622154005925   0.0935030482989
-0.613236128891   -0.782433311102   0.108349268117
0.140569830877   0.0268794826959   0.989705822988
-0.617016361669   -0.733871830938   -0.284117836801
0.740303457785   -0.663745896842   0.106734131448
-0.266911220866   -0.144476711551   0.952829932357
0.0197988607937   -0.723315439122   0.690233859383
0.838812541705   -0.36365885423   -0.405149056051
0.544060221841   0.586998307722   0.599526030913
0.992616416898   0.105661813825   0.0595670211071
-0.08272041655   0.230515232362   0.969546316756
0.0887129167043   -0.967314999754   0.237553593241
-0.750355735951   0.105084219504   -0.65262820682
-0.0320262215474   0.980344986847   0.19467415827
0.66025797281   0.166976086839   -0.732242033596
0.722748804421   -0.572532927831   -0.387091994566
-0.355158414861   -0.788175376224   0.502635132744
-0.592871542631   -0.225799962055   -0.772992697944
0.0473197872875   0.910847215197   -0.410022180253
0.863018966596   0.169403075241   0.475921066349
0.502950396189   -0.376377401909   -0.778062304899
-0.381582389597   0.840943357588   -0.383678445156
0.914005025683   0.40515972742   -0.0209859072586
0.137803094944   -0.358691879758   -0.923228272108
-0.973288775362   0.226429191415   -0.0379312671808
0.131873587562   0.416133142102   -0.899690260561
-0.187931680827   -0.88066056419   -0.434877746064
0.590521912653   0.735500048847   -0.332149889089
-0.800743962718   0.482765215363   -0.354608027272
-0.100463808641   0.475370828913   0.874030662032
-0.654578662336   0.189920332443   -0.731749302793
-0.383183552469   0.751033305832   0.537698185461
0.651687916054   0.632360056341   -0.41883602903
-0.806557293083   0.475314155022   -0.351485116344
0.408749140254   0.0188640989766   -0.912451799336
-0.427070805976   -0.879613892458   -0.209499228823
-0.976038762993   -0.142566370101   0.164387235669
0.175043577072   -0.0656562976106   0.982369073572
-0.12925973565   0.987605225128   0.0890384188952
-0.609046441669   0.479912403358   0.631463789139
0.643109719919   0.764777845115   0.0390478650715
-0.464189961153   0.429882463849   -0.774421556544
0.939120631499   0.343006480849   -0.0199748238421
-0.340101909135   0.919760979773   -0.195883719309
-0.0488173216679   0.190751917901   0.980423671135
0.997192019977   -0.0550261245563   -0.0507956780662
-0.025162662115   0.39265876386   -0.919339945613
0.0705330825157   0.918036611896   0.390171582115
-0.843483235854   -0.404027583151   0.353974212178
-0.52842228703   0.50577529705   -0.681880660719
0.0964671830351   -0.762202768919   -0.640110163683
-0.343670334194   -0.762524082717   0.548131119962
-0.410559907462   -0.402947527322   -0.817969346987
0.844589405439   -0.506152460728   -0.174580705461
0.407893421175   0.246970967189   -0.878992774901
0.392531809607   0.821773105148   0.413046900607
0.824343214571   -0.513511737958   0.238251882617
0.204884904249   -0.381699853944   0.901292071146
-0.946016879774   -0.313498566179   0.0822843374336
0.251145852432   -0.869496331506   -0.425325628552
0.0467183745429   -0.578562870213   -0.814298715884
0.998247947528   0.0566731830632   0.0170054572997
0.0363101740088   -0.813666489129   0.580196876699
0.977308634645   -0.0947303464628   0.18945710361
0.182543301577   0.8303812931   -0.526445487319
-0.107451271275   0.549083845627   0.828831197997
-0.628500972741   -0.125973207277   0.767539756828
0.314034078229   0.861696770487   0.398574050136
-0.711596181113   0.49153781826   -0.502017378431
-0.81890241759   0.570491083272   0.0627594962709
-0.0348589325889   -0.158587410502   0.986729389473
0.572873184294   0.805847353497   0.149754324074
-0.948085548322   -0.0361215090613   0.315957322508
0.217511013987   0.651140471087   0.727121066747
-0.231997310022   0.758097172859   -0.609480044502
-0.596162956707   0.190842947777   -0.779851715607
0.518988353997   -0.649507541442   -0.555689699406
-0.612569030776   -0.736015572454   0.288167068971
0.280638692023   -0.108937947538   0.953611266778
0.756833541597   -0.585916941595   -0.289662437789
0.590292228353   0.803015480011   -0.0819830714743
-0.215335979724   -0.830494547565   -0.513720957623
-0.232367789281   0.554528666727   -0.799063932538
0.948491236829   -0.052695011545   -0.312390155762
0.957072587371   -0.154428085161   0.245283568584
-0.169878785835   0.386805069021   0.906379080023
-0.234847313434   -0.909139046072   0.34396647261
0.99661627479   -0.0481762401631   0.0665961763653
0.0553101894187   0.992413560222   -0.109800311627
-0.060801182301   0.113112224674   0.991720142409
0.896828964782   -0.372333069996   -0.238884685392
-0.183156736024   -0.804064622697   0.565626813876
-0.402680292511   -0.463517170679   -0.789303753006
0.826691112864   -0.562404546904   0.0168205092855
0.562076286918   0.826826944842   0.0206748873727
-0.0255353009683   -0.00763733624726   0.999644746647
