-0.499581494413   -0.809411339508   -0.308661001611
-0.087947800165   0.401861741048   -0.911467128057
0.861790876539   -0.428206053855   -0.271948635879
-0.185312419278   -0.85785539557   0.479315582423
0.692432334944   0.232110252484   0.683126849287
-0.697278114375   0.458485497027   0.550993902171
0.789093569726   0.195347820237   -0.582383522556
0.279716012854   0.729817473154   0.623799172837
0.546891479518   -0.655137912968   0.521252361743
0.954073262432   -0.158981563278   0.253907606127
0.0493731003815   0.919420961547   0.39016328944
-0.295476745058   -0.359708156712   0.885044369014
-0.609772252518   0.756457647908   -0.23653673495
0.270029771129   -0.0823041693855   -0.95932786179
-0.745158857401   -0.648843471589   -0.154079286776
0.543956495778   -0.745778640342   0.384610907685
0.56153105449   0.664120517857   0.493585668962
-0.623533644276   -0.0525181622941   0.780030535995
0.240960673356   -0.952832991188   -0.184518955124
-0.777170540882   -0.0755552828969   -0.624737824701
0.581329428364   0.293939943068   -0.758719582974
0.946635971358   -0.183758544815   0.264788849724
-0.0902885678712   -0.939846454684   -0.329448958306
0.309399922822   0.287960828629   -0.906283757403
-0.995039612264   0.0819864913185   0.0563416832004
-0.0924702119674   -0.553454848788   -0.827730022563
-0.0366801025527   -0.828834088099   0.558290806374
-0.986423634505   0.00537258996322   -0.164132716323
0.00117007328175   0.999669264013   0.0256903389502
0.164216455384   0.0251495102129   -0.986103675035
-0.869054329953   -0.265551895599   -0.417404794335
-0.490527089104   0.352964444807   0.796742916854
-0.0642475403829   0.897161240495   -0.437005677433
0.890959191038   0.00507719186594   -0.454054998903
-0.445390245431   0.204495394322   -0.871670329297
0.0884265185386   0.978854358842   0.184458382827
0.23213154983   0.639002225629   0.733342416075
-0.341632088428   0.759465192355   -0.55362454584
-0.910715356042   -0.122019577287   0.394599496995
-0.488727887777   0.770001676854   0.410173706313
0.833178099107   0.272489553222   0.481210659227
0.258764964549   0.576928817989   -0.774721777218
-0.816167791545   0.572638192187   0.077172773003
-0.554551800069   -0.813806389868   0.173756901589
0.1623035338   0.0990184864508   0.98176010423
-0.00820918742629   0.531660788829   -0.846917596265
0.485142999505   0.742709067483   0.461540367801
0.874396294178   -0.407087271602   -0.26402854775
0.688367500379   -0.716536131489   0.11281026856
0.718765907258   0.652881934617   -0.238999477017
0.0975999743077   0.245603647616   0.964444448008
-0.139630350727   -0.9374981645   0.318748422295
-0.968173667568   0.196780569706   0.154651727486
-0.207709206787   -0.287009754095   -0.935137576226
0.0440320496514   0.934048277454   0.354422056294
0.860232231969   -0.215843762736   0.461965341957
0.507997722126   0.284543995671   -0.813002477759
0.944069090903   0.0597720724766   -0.324285138349
0.0118215426286   -0.988936885514   -0.14786509933
-0.329535738171   0.135761319314   -0.93433134457
0.829509057037   0.152738047253   0.537201836571
-0.544196532559   0.00480356486011   0.838944014649
0.125558186687   -0.988255035244   0.0871041162626
0.150821619254   -0.694130526189   -0.70387190012
0.986839980582   0.0637210701627   0.148615200915
-0.0583068768776   -0.717023317494   0.694606269968
-0.4533804516   0.395950403564   -0.798542074048
-0.850121014351   0.077128272398   0.5209083322
0.267844034963   0.915027052887   0.301637307739
-0.23723944776   0.893536223075   0.381196094523
-0.179869894085   -0.426016883633   0.886654631783
0.954654003097   0.141783754051   0.261788276015
0.129671834956   0.77512131093   -0.618362489614
0.635081607076   -0.543850276761   -0.548541911635
-0.761483136762   -0.321580207428   -0.562787351153
-0.122215883473   0.456482188649   -0.881298637961
-0.925947940903   -0.372129611972   -0.0643425413863
-0.357328544291   0.8081729786   0.468158891932
0.934009572116   0.130785365585   0.3324474505
0.071283189059   0.843638535342   -0.532158555925
-0.350064031504   0.520739099583   0.778643669474
-0.0565984479976   -0.874461599465   -0.481781617277
-0.0215006279749   0.483510787549   -0.875074306171
0.998165486621   -0.0391692402936   -0.0461674336938
0.922194794983   -0.153188332471   0.355091671124
-0.0596763170322   0.850832835983   0.522036610208
-0.382093571383   -0.502610007866   0.77549189725
-0.964899963167   -0.220569631022   -0.142538061414
0.201462565003   -0.969864304115   0.137025787742
-0.168466305186   0.103500094082   0.980258554945
0.175884830453   -0.108547360104   0.978407888884
0.27301459061   -0.949534930912   -0.154422952609
0.94579467102   0.294280284071   -0.137373777252
-0.350230961117   -0.238358106378   0.905827625434
0.856947074618   -0.471945791356   0.207144590384
0.378126943207   0.848794782704   0.369550310074
0.617605318987   0.529723545343   -0.581340378323
0.194282146837   -0.819008889037   -0.539887846777
-0.762114241685   0.220493549083   -0.608740073787
-0.364681634568   0.093998165148   0.926375544991
0.791479211729   0.55535586748   0.255226405092
-0.490477280625   0.826283368709   -0.276925679175
0.734509862859   -0.307037769485   -0.605163671639
0.488336404681   -0.380065006999   0.785543217346
-0.471192972385   -0.872512692495   -0.129223775716
-0.991644978541   0.0192319753433   0.127555351353
-0.127990784333   -0.269957442233   -0.954327689271
0.0160809098048   -0.962680170414   0.270163457619
0.712142747957   0.628316367218   0.313163294813
0.282106494328   -0.664597929732   0.691899933266
0.642859729949   -0.404386120536   -0.650540723651
-0.503416689225   0.396261222301   0.767820734749
-0.851302460898   -0.0754239721101   -0.519225716332
-0.14783692732   -0.915034572097   0.375307840031
0.374370914312   0.875150539384   -0.30652561383
-0.427458044774   -0.130470176242   -0.894570932386
-0.822876684854   0.465928177435   0.325245899277
0.723575090136   0.668443057969   0.172113239433
0.564466583246   -0.716542338759   0.409810386844
0.397261331284   -0.199376415405   -0.895785956379
0.608382302867   -0.793032605665   0.0311489953481
-0.735324889889   -0.548475149091   0.3980858163
-0.298610582311   -0.265092997234   -0.916819187708
0.492276757242   -0.844008993683   0.212867124897
-0.788891646309   -0.329262603564   0.518879666472
-0.367849921385   -0.423361496215   -0.827919971289
0.634006012691   -0.68934630679   -0.350482588992
0.0500142825306   -0.415713640205   0.908119342868
-0.771709108029   -0.593282258847   -0.229087786498
-0.19036134507   -0.594142876093   -0.781509309663
0.327570946767   0.712000905714   -0.621089353553
0.925451151135   -0.374231149225   0.0590864943335
0.884491898371   0.453206877082   0.110804369417
0.344070041024   -0.47322297438   -0.81097214711
-0.315102980923   0.755422757854   -0.574496795752
-0.242377772646   0.787836760826   0.566185705946
0.629897676653   0.571646969924   -0.525783851715
-0.737890189848   0.229200741857   -0.634811064536
0.0990317538982   -0.0130607507452   0.994998557039
0.876314924774   -0.47259322521   -0.0934226744635
0.471449747416   0.881183896968   -0.0353564051663
-0.00127158474609   -0.728357680028   -0.685195937682
0.965732621871   0.176938802925   -0.189876704927
0.259535905274   -0.661957513715   0.703173779311
0.103068182829   -0.532830644288   -0.839921695276
0.9937315287   0.0184033521794   0.110267699245
-0.0432966344713   -0.846021761621   0.531387410753
-0.405149993896   0.307901639565   0.860842646945
0.543232174951   0.838417614261   -0.0442120820115
-0.735358610845   0.449724898633   -0.506946968632
-0.0688086707304   -0.997321645069   -0.0247972399515
-0.951422519764   0.0581243003702   0.302352037521
-0.300100909227   0.0443970943123   -0.952873728412
0.482146957356   0.0782153021083   -0.87259193099
-0.224769398435   0.973712442651   -0.0369160744552
0.846766218646   0.213930936384   0.487052897967
-0.833629507685   -0.461892473065   -0.302848455902
-0.196854845326   -0.26383911595   0.944265370945
-0.516052336287   0.846784662249   0.129018300995
-0.694638223094   -0.118262376379   -0.709571525183
-0.346527802184   -0.809391943139   0.474134121
-0.630393703435   0.575237944433   0.521253379801
0.0785176386659   -0.263107251364   -0.961566198812
0.664789136223   -0.704953506893   0.247175964607
-0.742893252613   -0.658646435806   0.119559557638
-0.888101840999   0.441987230427   0.126184024953
-0.459580009231   -0.849179773318   -0.260153661712
-0.00783167471942   -0.289034601262   0.957286615463
0.490941073861   -0.867510657975   0.0800132507573
-0.552842259305   -0.239243348052   0.798203017245
-0.673306986688   -0.436105352768   -0.597050938333
-0.591578505338   -0.1393288022   -0.79411734454
-0.471050773863   -0.73963402979   0.480679384226
-0.654328694515   0.658429181351   0.371920653743
-0.350920256507   -0.899495433456   -0.26031315519
0.936262275787   -0.341895980465   -0.0807470710282
-0.016368399767   -0.272057169973   0.962141866751
0.640659937463   0.384702190774   -0.664499111318
-0.532057694576   -0.401543504915   -0.745437739387
-0.5535968336   0.831123960714   -0.0525690760264
0.748548765366   -0.556617052774   0.360350110905
-0.48075333267   -0.829865142473   -0.283196183653
0.456673821228   0.0387466368841   -0.888790030961
-0.675449548474   -0.407087188148   -0.614856022751
-0.639091957623   -0.0927948239529   0.763512010612
-0.367871413905   0.908663382058   -0.197487926057
-0.899597575143   0.212220749389   0.381689083319
0.0674530400119   -0.795982959664   0.60154901323
0.431479188594   0.566898122641   0.701749405669
0.577847177996   0.169222531077   0.798408650916
-0.359341608014   -0.825590274582   0.435056671325
0.732779808422   -0.538297718267   -0.416256313919
-0.454050711789   -0.474174746729   0.754318408027
0.423027471594   -0.859840071758   -0.28587201555
0.784146484657   0.189297016784   0.590999940809
0.762926718976   0.115769530002   0.636034776876
0.207996261334   0.887569140024   -0.411045711507
-0.612111408767   0.445890611698   0.653070582446
-0.655386168791   0.514040573028   -0.553381657664
-0.0487846313216   -0.759950817668   -0.648147216667
-0.753716809886   -0.397790200994   0.5231385347
-0.576780685337   -0.378683999029   0.723824888976
-0.553782947113   0.832641767259   -0.00566876552811
-0.600540163944   -0.404111514677   -0.689960430167
0.589531847956   0.536315381408   -0.604001665488
0.0701475356864   -0.778930734518   -0.623174320764
-0.804693434473   0.325011880534   -0.496825677707
0.909364356005   0.406184045355   0.0898386850193
0.390119038737   -0.907648870363   0.154856913772
0.14444238866   -0.105773576224   -0.983843659801
0.669693479272   0.740571775763   -0.0553542118017
0.316663447262   -0.217343974341   0.923301607269
0.671740206471   -0.635857721319   -0.380065853833
0.22620701778   -0.200622627062   -0.953195125154
0.793473046745   0.605555880649   0.0608489893134
0.565005229353   -0.770099108506   0.296169637002
-0.267241785008   0.216538196368   -0.938985110563
-0.348946960314   0.886547703734   0.303758436741
0.898230397634   0.408832946957   -0.161362245426
-0.166389925838   0.127122279376   -0.977831436734
-0.00295885087709   -0.991714976561   -0.128423714575
-0.986055595685   -0.0184751549397   0.16538751727
0.559272249216   -0.819228058822   -0.126806698937
0.373863190379   0.112730651761   0.920607470659
-0.739892469306   -0.562278567787   0.369326340885
0.203723822015   0.888116069116   -0.412002975864
0.324327914846   0.335844298188   0.884318953221
0.92374672286   -0.313780903103   -0.219621348809
-0.477870068436   -0.594120210803   0.647040472311
0.141223710641   -0.778966505184   -0.610955847303
0.86700407222   -0.200580056127   0.456148637879
0.161186574751   0.484550254226   -0.859784821481
0.785005908597   0.465052411132   0.409257838493
0.59815099397   -0.740903034162   -0.305414607349
0.21811960493   0.534139215993   -0.816773613606
0.35191827024   0.737568180272   0.576321707488
0.910262252879   -0.413144620428   -0.0270952688699
0.251680987714   0.266651178931   -0.930351454666
0.784198500874   -0.619546133107   0.0345731135338
-0.567176684686   -0.738281611397   -0.365035437488
0.944610417358   0.323695969215   -0.0541486743438
0.280137355535   -0.881199245584   -0.380803035199
-0.17098017854   0.344541447574   -0.923069319959
0.733245643626   0.602309733945   0.315553181729
0.00818187998688   -0.471855269077   0.881638056055
0.679914614451   -0.643875445595   -0.350913846431
0.603254391162   0.0152356521828   0.79740329473
0.374396362887   -0.888216324141   -0.266268896018
0.704209843016   0.459172774054   -0.541524570603
-0.751812089063   0.524037854656   -0.400203585225
-0.19920834658   0.398065769839   0.89546617889
0.628565523547   0.752946193144   -0.194877943436
-0.786517483335   -0.389594093297   -0.479172923772
0.358780711747   -0.919791123075   0.158936121734
-0.502659575943   -0.0469119641633   0.8632106454
0.0267460614032   -0.96844984307   -0.247769145893
0.905513914291   -0.0815269909206   0.416410735664
-0.423472784514   -0.235495756243   0.874764282288
-0.620810863019   0.566734958334   0.54166904966
-0.652110489006   0.0101950061664   -0.758055388463
-0.435138808297   -0.823837088781   0.36324464024
0.994046098117   -0.107873122579   0.0153539650478
0.000527260047196   -0.136149490249   -0.990688164006
0.108959060268   0.984797799414   -0.135281992355
-0.445658400818   -0.894480466453   0.0359622706893
-0.870936879003   0.423937926885   -0.248486593083
0.207020633206   -0.142061005494   -0.967967524323
0.110924183433   -0.987494897295   -0.112025235307
-0.0174320837198   0.110770262529   -0.993693147504
0.993675977362   0.112177434251   -0.00492699280282
0.380531770444   -0.359026024291   0.852229948761
-0.839710883651   0.251912658422   0.481067193232
-0.387403153782   -0.898688114091   -0.205617290204
0.436736670607   0.208626355454   -0.875063497329
0.453397441134   0.789105296154   0.414419584425
0.77697608774   -0.577743780055   0.250040564084
-0.448370249458   0.207684325979   0.86938561073
-0.880204583169   -0.271877110693   -0.389002221652
0.155576383715   -0.939654222267   0.304706303522
-0.777019011039   0.62262143503   0.0926499062349
-0.613531493551   -0.782006422661   0.109749994709
0.140785520935   0.0284341970007   0.989631716113
-0.618796149374   -0.732579620297   -0.283581426481
0.738575850992   -0.665523807439   0.107627942763
-0.267576228114   -0.142846636842   0.95288918584
0.0186083376857   -0.723060738819   0.690533777412
0.838368618034   -0.365039324542   -0.40482632305
0.544786003918   0.586454993598   0.599398657339
0.992680871945   0.104711828193   0.0601674289879
-0.0831097213135   0.230854335454   0.969432333907
0.0876211201577   -0.96733743277   0.23786725387
-0.749800480981   0.103355641686   -0.653541773763
-0.0356047160782   0.979990994105   0.195831447079
0.660705337434   0.170103682511   -0.73111777046
0.722430464599   -0.572472766261   -0.387774619732
-0.352043681899   -0.787219384218   0.506311057697
-0.595112989149   -0.229260927766   -0.770246685904
0.0453990337416   0.91029374942   -0.411465937232
0.861996153428   0.1724722345   0.476671752679
0.504877766604   -0.376322492145   -0.776839637696
-0.381420789038   0.840028641241   -0.385836835443
0.913906739262   0.405388322702   -0.0208513728152
0.138897997183   -0.360572031239   -0.922331370315
-0.973738737429   0.224874003758   -0.0355605633161
0.12896280327   0.416085443469   -0.900134156171
-0.18762053886   -0.881081486678   -0.434158896294
0.591428850989   0.734693014046   -0.33232226728
-0.799953791852   0.482751833991   -0.356405103331
-0.101419155582   0.476630718577   0.873233824923
-0.654588197706   0.189699208896   -0.731798128973
-0.384329998832   0.750074962874   0.538217430103
0.651002875126   0.633562751599   -0.418083121359
-0.807458300158   0.475111778157   -0.349685418288
0.407339553545   0.0202663244196   -0.913051895684
-0.426714871576   -0.879692033811   -0.209896031465
-0.976403667529   -0.142443875296   0.162313340258
0.172753967831   -0.0641978498252   0.982870643918
-0.129583735992   0.98771877499   0.0872907606675
-0.611206783245   0.47713240033   0.63148312778
0.639829177162   0.767507769317   0.0393757297066
-0.465880770334   0.428108043131   -0.7743891859
0.939885273311   0.340908253193   -0.0199307781323
-0.338191302757   0.921125436772   -0.192755213864
-0.04735309654   0.187908202686   0.981044439162
0.99714856233   -0.0552886846805   -0.0513605489697
-0.0255374407236   0.393216278733   -0.919091288861
0.071011152402   0.917782174313   0.390683115515
-0.842885714628   -0.403969006599   0.355461269033
-0.529371860566   0.504085414885   -0.682395287016
0.0964837049275   -0.763352432503   -0.638736219793
-0.344019063742   -0.759945440165   0.551483283296
-0.410369363939   -0.406583272065   -0.816264067577
0.844540033937   -0.507122244483   -0.17198593032
0.405347441766   0.244007126739   -0.880996012224
0.394896050764   0.822426473645   0.40947747745
0.824469866365   -0.513882493912   0.237011016425
0.20763727429   -0.380553748737   0.901146828573
-0.945361314455   -0.314777534996   0.0848945734107
0.251353829209   -0.869536628202   -0.425120341501
0.0463100219987   -0.578410785426   -0.814430073834
0.998310061466   0.0554509252951   0.0173843625259
0.0351055983995   -0.81385880728   0.580001240321
0.976091563931   -0.0958926969884   0.195063706226
0.188218424142   0.821748572765   -0.537869043516
-0.10871560898   0.561724019269   0.820150621862
-0.631279520258   -0.126052338028   0.765243082544
0.312310179347   0.861847081191   0.399602252895
-0.709893315351   0.491253922855   -0.504698983653
-0.818187737046   0.571758230274   0.0605091155243
-0.0371315000616   -0.157569247356   0.986809598652
0.573750885534   0.805148718189   0.150151466685
-0.948853949232   -0.0369556177243   0.313544997321
0.215160774962   0.651092794956   0.727862633519
-0.23104550189   0.758097918922   -0.609840570462
-0.597020748168   0.19200659266   -0.778909298078
0.518185447394   -0.648905762487   -0.557140156083
-0.612413314981   -0.736243695923   0.287915181691
0.279469970567   -0.108351319094   0.954021240435
0.75810042926   -0.584851373875   -0.288500623277
0.589220056266   0.803871172594   -0.0813072147273
-0.213635138814   -0.831112533715   -0.513431576518
-0.233768668046   0.553787700119   -0.799169189244
0.948531621668   -0.0507064049044   -0.312596582192
0.957398792528   -0.156122731738   0.242926418284
-0.166843339566   0.387558108707   0.906621206689
-0.235692282665   -0.908528703459   0.344999627365
0.996407660728   -0.0508474590404   0.0677222972965
0.0583005236984   0.991876210429   -0.113060303035
-0.0614233064762   0.116602397467   0.991277488056
0.897343157842   -0.370167802314   -0.24031449229
-0.17943695416   -0.803490866047   0.567630872717
-0.403209172213   -0.466238379275   -0.787428814011
0.825029277112   -0.564845094287   0.0166346435842
0.564532228563   0.825165343722   0.0201374882646
-0.0251008928484   -0.00722322497184   0.9996588269
