-0.499002047119   -0.81024946108   -0.307396759565
-0.0882464150362   0.400381075331   -0.912089669249
0.862096008113   -0.428007950086   -0.271292586443
-0.186343734912   -0.858012257976   0.478634492721
0.691888071072   0.231276545981   0.683960566397
-0.697543482205   0.458613262392   0.550551510752
0.788897841913   0.194667903962   -0.582876146529
0.280556235785   0.729789433346   0.62345455451
0.546743444028   -0.655371490182   0.521114014653
0.954198638326   -0.159066114917   0.253382970426
0.0495206760318   0.91923550921   0.390581337564
-0.29504687977   -0.360144484469   0.885010332733
-0.609934472568   0.756838510498   -0.234894461834
0.268141007627   -0.0818225271514   -0.959898679069
-0.745707944977   -0.648460132219   -0.153033060874
0.542807077554   -0.747332379997   0.383216375387
0.562408055356   0.662319760953   0.49500476111
-0.62374486437   -0.0531681112916   0.779817604388
0.24138768518   -0.952948672889   -0.183359789164
-0.776041908485   -0.0761117143735   -0.626071851476
0.582658512097   0.293420915706   -0.757900537345
0.946668127765   -0.182866385872   0.265291049213
-0.0891176139452   -0.939828222385   -0.32981959204
0.309640931983   0.28858759039   -0.906002039685
-0.994981312535   0.0824780916525   0.0566529090529
-0.0930207990225   -0.553819129602   -0.827424620516
-0.0368689389054   -0.828541933812   0.558711862465
-0.986380732422   0.00319966310295   -0.164446991045
-0.000819619303053   0.999702731425   0.0243675399997
0.164476074041   0.0241704558804   -0.986084889921
-0.868512860065   -0.266521206293   -0.417913697428
-0.491383542522   0.352366073938   0.796479983475
-0.0650201971759   0.897109021543   -0.436998601172
0.891152641367   0.00441769345768   -0.453682106512
-0.444908718876   0.204442417083   -0.871928626646
0.0888999530532   0.978868623505   0.184154870328
0.232881826762   0.638014918349   0.733963908328
-0.341130776913   0.760352366639   -0.552715181254
-0.910711725963   -0.121660357185   0.394718772905
-0.489731020719   0.769406668675   0.410093776526
0.832470776395   0.27284039696   0.482234926394
0.259144619458   0.577556487268   -0.774126972932
-0.815441107889   0.573814587186   0.0761092576354
-0.555906270217   -0.812978413535   0.173304119569
0.161319615356   0.0990096897221   0.981923145181
-0.00851283124819   0.530109649465   -0.847886366943
0.48458108811   0.743891072614   0.460225206971
0.874704922102   -0.406951878764   -0.263213729923
0.686929159797   -0.717658721896   0.114430277057
0.720165505891   0.651130192354   -0.239564431271
0.0974164952466   0.246972531856   0.964113372463
-0.137835576134   -0.937867473099   0.318443019794
-0.968264882658   0.195268319732   0.155991667472
-0.208481344402   -0.286835991836   -0.935019060139
0.0425303563383   0.934268381987   0.35402508274
0.859917217599   -0.214634743185   0.463113707306
0.508658576716   0.284735873113   -0.812521959639
0.94432937545   0.0614807573285   -0.323206044407
0.0135217932609   -0.988807181718   -0.148585054735
-0.328723579577   0.135942906625   -0.934590998442
0.829970661958   0.152897355594   0.536443006238
-0.543492825739   0.00519335062568   0.839397746888
0.125555759169   -0.988228428938   0.0874089444965
0.149165277663   -0.694610980733   -0.703750883044
0.987063368177   0.0622876677709   0.147736771481
-0.0587845825319   -0.716683913513   0.694916211473
-0.452147604053   0.396499519914   -0.7989685068
-0.850520138763   0.0781491466813   0.520104032317
0.268659706151   0.91470259734   0.301895877266
-0.236044913418   0.894082042564   0.380657457583
-0.180135086316   -0.425196961054   0.886994303808
0.954900073059   0.140800729667   0.261421125769
0.128704627268   0.775656710914   -0.61789302127
0.635281808758   -0.542927417889   -0.549223854512
-0.761480231116   -0.32184854469   -0.562637869238
-0.120164655327   0.456929409957   -0.881348949013
-0.926152457431   -0.371290410289   -0.0662197615753
-0.357494169471   0.808306220157   0.467802280083
0.933823644436   0.129272793435   0.333559508888
0.0730151970975   0.843919996837   -0.531477017312
-0.35020305836   0.520660718526   0.778633568567
-0.0561410102767   -0.875132981205   -0.480614660797
-0.0214605124619   0.482320354033   -0.875731992387
0.998192182583   -0.0388502418668   -0.0458587542014
0.922143142481   -0.154623298948   0.35460352536
-0.0582648395166   0.850676390488   0.522450846629
-0.382435920451   -0.502435382999   0.77543629826
-0.965140105211   -0.21921952449   -0.142994326448
0.199987602822   -0.970112503816   0.137428849437
-0.168847671087   0.104041001641   0.980135671194
0.174939210711   -0.107465935413   0.978696758594
0.273877724111   -0.949482385538   -0.153212896937
0.945720500355   0.2948461841   -0.1366691733
-0.350876273378   -0.238109887527   0.90564315392
0.857129974329   -0.471144953364   0.208208165128
0.377112778737   0.849309198338   0.36940470724
0.6172148576   0.530770465146   -0.580799907788
0.194672818581   -0.818253461776   -0.540891639793
-0.762330842393   0.220780401351   -0.60836477636
-0.365754562581   0.0939740619954   0.925954899346
0.790872889423   0.555871614059   0.255982072533
-0.490656369292   0.82593923769   -0.277634116992
0.733717729431   -0.307678476675   -0.605798851525
0.488342599497   -0.381121747052   0.785027209363
-0.472419092581   -0.871825767522   -0.129383275775
-0.991481173601   0.0215628187619   0.128452821074
-0.129488111912   -0.269696856304   -0.954199368357
0.0140680939845   -0.962703822859   0.270191484294
0.711254206576   0.629011850168   0.313785828197
0.282938857063   -0.664816266846   0.691350081001
0.643477316455   -0.402943449736   -0.65082526036
-0.503218647645   0.396386077152   0.767886105163
-0.851352148261   -0.0749877649113   -0.519207429421
-0.148224533444   -0.91501634573   0.375199379973
0.374303743792   0.875270427525   -0.306265221799
-0.427023206657   -0.130477230658   -0.894777555181
-0.823132971251   0.465700945865   0.324922668739
0.723304476304   0.668740901108   0.172093700479
0.564344275965   -0.716094869306   0.410759876739
0.397927346063   -0.199984362737   -0.895354724071
0.608516289037   -0.793001606274   0.0292639440852
-0.734870988379   -0.54922609751   0.397888582712
-0.299453763401   -0.263626907316   -0.916966900888
0.492872009365   -0.843995109235   0.211540629602
-0.788227792872   -0.330139008831   0.519331475449
-0.368475411566   -0.422706151405   -0.827976678799
0.633719789188   -0.689015063835   -0.351649641831
0.0507067665232   -0.416606946421   0.907671458195
-0.771898991203   -0.593040381426   -0.229074340287
-0.190856505593   -0.594963242613   -0.780764070774
0.326903744452   0.711458536241   -0.622061647325
0.925585077741   -0.373959210541   0.0587092217205
0.884129157271   0.453696339124   0.111692726389
0.345030661026   -0.472754654152   -0.810837147601
-0.315070589257   0.75542217921   -0.574515321765
-0.24257539256   0.78749622879   0.566574680484
0.629800977584   0.572050029904   -0.525461218285
-0.737907790689   0.229365326343   -0.634731155303
0.0980827256349   -0.0118782165122   0.99510737456
0.876233914124   -0.473019955306   -0.0920122253894
0.471798586974   0.880971639643   -0.0359869903488
-0.00279651293128   -0.729353032234   -0.684131810316
0.965491687089   0.176192942305   -0.191785946418
0.260418858144   -0.661059907613   0.703691563734
0.102086324865   -0.533778963594   -0.839439336879
0.993875182958   0.0188337424704   0.108891739106
-0.0423143353536   -0.845414281976   0.532432332653
-0.406476866019   0.307418142981   0.860389820231
0.543375219751   0.838395588564   -0.0428509934177
-0.734520202548   0.450096570129   -0.507831812322
-0.0672718514035   -0.997420884031   -0.0250215528621
-0.951312696005   0.0565610785975   0.3029933973
-0.300796696172   0.0441862477109   -0.952664118714
0.482363676183   0.0760305186776   -0.872665253192
-0.224195193572   0.973760174524   -0.0390850059545
0.846795015974   0.214500542519   0.486752214357
-0.833623288129   -0.462541236363   -0.301873844764
-0.195219773822   -0.264525162726   0.944412874856
-0.516683126682   0.846216309786   0.130217140399
-0.694219637311   -0.117450088767   -0.710115886191
-0.347359247713   -0.809430318098   0.473459727085
-0.63039721462   0.575350360034   0.52112504738
0.0783424534397   -0.261813290012   -0.961933605382
0.664738361679   -0.705370204118   0.246121485559
-0.742957179453   -0.658715929909   0.118776905094
-0.887644660709   0.442926823197   0.126106247297
-0.460459618014   -0.848835888394   -0.259720185493
-0.00799352822376   -0.288606070391   0.957414559969
0.491469485191   -0.867254018283   0.079550065356
-0.553030198707   -0.240222732568   0.797778564563
-0.672766931741   -0.436077408873   -0.597679804767
-0.591260656563   -0.13821505101   -0.794548573515
-0.472022511164   -0.73952255258   0.479897013098
-0.653915579379   0.658789035959   0.372009974523
-0.351355004466   -0.899526207633   -0.259619457317
0.936109744056   -0.342194565397   -0.0812491630519
-0.0157546158517   -0.271579603788   0.962287021052
0.640594262795   0.385570810364   -0.664058838258
-0.531681136977   -0.401244117051   -0.745867499705
-0.554034438512   0.830865999261   -0.0520339525234
0.748224763958   -0.555996068472   0.361978002707
-0.480023038444   -0.830312001676   -0.283125170966
0.457971161933   0.0380834835074   -0.888150923617
-0.674884166412   -0.408270504228   -0.61469224601
-0.639461624187   -0.0921458293825   0.763281060501
-0.368266470262   0.908198404263   -0.19888555849
-0.899813005815   0.212689524372   0.380919572598
0.0665537956456   -0.795978404478   0.60165519352
0.431169510577   0.566728811538   0.702076425556
0.577865457952   0.170002019568   0.798229807667
-0.358702508939   -0.825627191265   0.435513778341
0.733078455956   -0.537995403686   -0.416121284034
-0.454590294118   -0.474273127496   0.753931472369
0.423118209826   -0.859830240487   -0.285767279543
0.783784820603   0.189095103263   0.591544078589
0.761702392534   0.115244612959   0.637595596278
0.208985511669   0.887762168738   -0.410126063143
-0.613298068741   0.445642245463   0.652126113522
-0.656062107133   0.514016187133   -0.552602814822
-0.0493593331401   -0.759864491168   -0.648204914586
-0.753091075379   -0.397986575686   0.523889795432
-0.576248502304   -0.378938823762   0.724115344015
-0.554764434393   0.83198516829   -0.0060911475318
-0.600145054071   -0.4052234539   -0.6896519894
0.589735736778   0.537250630795   -0.602970580109
0.0706360772182   -0.778076504173   -0.624185467829
-0.804501277415   0.3255130003   -0.4968087975
0.908789206047   0.407605486173   0.0892185329058
0.391633795544   -0.907030700776   0.154655352438
0.143962318543   -0.105608122278   -0.983931794053
0.668896669457   0.741216928796   -0.0563445654433
0.317372387554   -0.216218937978   0.923322337257
0.67219938501   -0.635489445487   -0.379869913874
0.225936796813   -0.201664935872   -0.953039252857
0.793569146122   0.605514342852   0.0600032576112
0.564978383808   -0.769859489933   0.296843042011
-0.266074170784   0.215023273782   -0.939664582377
-0.351063414286   0.886242831042   0.302205432737
0.897752201218   0.410290916495   -0.160319521738
-0.166668404598   0.127831747703   -0.977691509213
-0.00222505696304   -0.991606697791   -0.129271829946
-0.98601049286   -0.0193701103563   0.16555393923
0.558786903675   -0.81928004617   -0.128597831354
0.375481915805   0.111676676517   0.920076980924
-0.739439332999   -0.562413127398   0.3700283056
0.203849734787   0.887966460083   -0.412263085172
0.323929917291   0.336208736718   0.884326350415
0.923858589997   -0.313814039079   -0.219102840159
-0.478145835474   -0.593194044424   0.647686178391
0.140710441537   -0.779661092371   -0.610187801161
0.866935482987   -0.200622547844   0.456260300306
0.160416190059   0.484742605684   -0.859820476729
0.784576245477   0.465946090496   0.409065221921
0.598921331229   -0.740215405802   -0.30557223698
0.217228162164   0.533860964003   -0.817192998426
0.351934042911   0.738042271967   0.575704815188
0.910469304811   -0.412657334727   -0.0275602810748
0.250551783346   0.267373040017   -0.930449064342
0.784557018354   -0.619159438793   0.0333447792773
-0.567180825499   -0.738344937563   -0.364900896629
0.944307590577   0.324761121131   -0.0530413855356
0.281531082736   -0.880789132467   -0.380723986086
-0.170362624514   0.344587751277   -0.923166213549
0.732800752403   0.603302229191   0.314689493836
0.00947001527487   -0.471474876957   0.881828645038
0.680377377702   -0.643224580261   -0.351210425899
0.602970836609   0.0154228221187   0.797614134
0.375712284756   -0.887481167015   -0.266865991233
0.703751695758   0.460585838635   -0.540919805486
-0.751879572342   0.523805563663   -0.400380868887
-0.199347481821   0.398237838895   0.895358701954
0.628440681517   0.7530168359   -0.195007575918
-0.787213906568   -0.388058191699   -0.479275604597
0.357474943918   -0.920442494378   0.158105278263
-0.502499681371   -0.0468663461242   0.863306212084
0.0263411856275   -0.968066153525   -0.249307168649
0.905177674506   -0.0827355461846   0.416903114612
-0.424216359321   -0.236649005486   0.874092517236
-0.620299048925   0.567017764982   0.5419593565
-0.652625022772   0.0101806087047   -0.757612654896
-0.435097310443   -0.823642646663   0.363734959886
0.994073180202   -0.107544284683   0.0158977745402
0.00108304592029   -0.136432029658   -0.99064884207
0.10870758674   0.98479466292   -0.135506946205
-0.444532072422   -0.895035293568   0.0360979203848
-0.871483796995   0.422813147118   -0.248485480862
0.207140599988   -0.141918518495   -0.967962760619
0.11117595705   -0.987589504826   -0.110936362527
-0.0166021634635   0.109767131091   -0.993818668118
0.993662052582   0.112330525187   -0.00419265654234
0.381452093034   -0.360352847191   0.851257966918
-0.839319704278   0.250862410797   0.482297091905
-0.387345756051   -0.898450820229   -0.206759253478
0.437514899531   0.207580024703   -0.874923565823
0.453800907235   0.789026212828   0.414128448748
0.776302421277   -0.578228474579   0.251010720699
-0.448159989643   0.20787643818   0.869448106636
-0.880203590112   -0.272535689557   -0.388543353914
0.156186630786   -0.939420930343   0.305113178995
-0.776873828103   0.622866624522   0.0922183456015
-0.61368967611   -0.781782132446   0.110461209593
0.140897255635   0.0292209761095   0.989592895038
-0.619697555221   -0.731921244137   -0.283312958464
0.737702839037   -0.666421223578   0.108061436426
-0.267898229427   -0.142035365828   0.95291998275
0.018010500714   -0.722962723888   0.690652243703
0.838158631669   -0.365699660382   -0.404665128909
0.545129094823   0.586164361134   0.599371013408
0.992710737709   0.104243836256   0.0604864765043
-0.083325649143   0.231040236591   0.969369509151
0.0870759865409   -0.967343595461   0.238042309032
-0.749515344924   0.102470152857   -0.654008115773
-0.0374142194166   0.979810797184   0.196394953872
0.660928834224   0.171670234736   -0.730549386829
0.722266273723   -0.572440155992   -0.388128455089
-0.350484327494   -0.786742548569   0.508130788726
-0.596231637892   -0.230972790775   -0.768868912038
0.0444366093554   0.910013400072   -0.412190489262
0.861473615789   0.174015762422   0.477055262761
0.505854323939   -0.37628994953   -0.77621986372
-0.381367317705   0.839555905907   -0.386917109784
0.913851022359   0.405514869711   -0.0208326516877
0.139410465603   -0.361529488839   -0.921879141092
-0.973962725812   0.224086977259   -0.0343749232835
0.127494679032   0.416020625994   -0.900373225705
-0.187461237451   -0.881312580967   -0.433758480129
0.591895391863   0.73427977367   -0.332404962464
-0.799551442845   0.48277059673   -0.357281459326
-0.101869207005   0.47724811672   0.872844144021
-0.654589037064   0.189577654594   -0.731828877152
-0.384899811582   0.749608830822   0.538459595326
0.650665296139   0.634150544929   -0.417717319209
-0.807916619061   0.474994352927   -0.348785179349
0.406629556064   0.0209664733613   -0.913352511974
-0.426524490248   -0.879739036125   -0.210085905135
-0.976590779113   -0.142375844808   0.161243818382
0.171575395898   -0.0634672283349   0.983124506077
-0.129739483865   0.98777579933   0.0864097019069
-0.612297603051   0.475721688735   0.631490712651
0.63817044241   0.768878372119   0.0395542073847
-0.466722756818   0.427217653843   -0.77437390485
0.940278494449   0.33982431672   -0.0198943871868
-0.337198124133   0.921820479715   -0.191165970455
-0.0466237917498   0.186457600929   0.981356094952
0.997126816043   -0.0554359105145   -0.0516233721553
-0.0256995281358   0.393504771144   -0.918963290529
0.0712576099856   0.917649636251   0.390949482807
-0.842586995726   -0.403928973775   0.356214175431
-0.529844817498   0.50321707616   -0.682669058645
0.0964967564398   -0.76394630597   -0.638023837792
-0.344190915946   -0.758626772203   0.553188967602
-0.410311232471   -0.408413420972   -0.81537915725
0.844498256889   -0.507625746063   -0.170700896439
0.404041884129   0.242503725297   -0.882010260194
0.396072181444   0.822767328462   0.407652732484
0.82454653171   -0.514048505914   0.236383482104
0.209026007242   -0.37997339788   0.901070666041
-0.945030539915   -0.315410464568   0.0862178488987
0.251446628381   -0.869561070739   -0.425015455403
0.0461002289116   -0.578346195171   -0.814487843633
0.998340846616   0.0548348834107   0.0175695628724
0.034501056107   -0.813946444241   0.579914530802
0.975517500576   -0.0953984786136   0.198153315259
0.190361863384   0.817474801974   -0.54359664192
-0.110127049533   0.568008871776   0.815621207758
-0.632678734801   -0.126104149851   0.764078112448
0.311420554498   0.861929331819   0.400118813837
-0.709037979778   0.491096294367   -0.506052934872
-0.817816415765   0.572409030593   0.0593650722227
-0.038287914778   -0.157049932176   0.986848192168
0.574204097588   0.804787686597   0.15035436081
-0.949239582569   -0.0373650625104   0.312326859215
0.213983224978   0.651061130885   0.728237999062
-0.230554536524   0.758105042823   -0.610017499531
-0.597444261705   0.192584116986   -0.778441848849
0.517785544761   -0.648608529818   -0.557857602515
-0.612338536915   -0.736354760242   0.287790172307
0.278877411589   -0.108049892717   0.954228803793
0.758727703562   -0.584330395236   -0.287906688097
0.588693180828   0.80429050093   -0.0809761011651
-0.212773093315   -0.83141681733   -0.513296879614
-0.234528283717   0.553425197953   -0.799197744245
0.948537872147   -0.0496651400002   -0.312744750509
0.957560250035   -0.156968140616   0.241742363655
-0.165314197979   0.387957121245   0.906730659028
-0.236113497073   -0.908212681538   0.345543255748
0.996300449401   -0.0521934584046   0.0682734020121
0.0598059244025   0.991600579154   -0.114680176267
-0.0617143899662   0.118339065071   0.991053580665
0.897601404432   -0.369078614707   -0.241024262114
-0.177576100968   -0.803202085768   0.568623898358
-0.403458110746   -0.467597461055   -0.786494861578
0.824204501429   -0.56605048169   0.0165466613811
0.565746239259   0.82434103747   0.0198254055864
-0.0248622723914   -0.00697897707833   0.999666525042
