-0.498885047354   -0.810417176312   -0.307144444628
-0.0883048797553   0.400084647497   -0.912214077423
0.862157733676   -0.427967609962   -0.271160039618
-0.186551552336   -0.858043835883   0.478496911195
0.691777790812   0.231108617742   0.684128858436
-0.697597309671   0.458638836676   0.550461997809
0.788857449136   0.194530992785   -0.582976515641
0.280725800424   0.729784373124   0.62338414619
0.546714687858   -0.655417776377   0.521085970345
0.954224047713   -0.159083978001   0.253276044486
0.0495519575724   0.919198321171   0.390664881782
-0.294959438343   -0.360231500983   0.885004065206
-0.609966971354   0.756914212763   -0.234565914777
0.267764672581   -0.0817245886515   -0.960012068532
-0.745816581992   -0.648384119275   -0.152825586528
0.542576059254   -0.747643539347   0.382936493426
0.562584128882   0.66195808047   0.495288398442
-0.623787077338   -0.0532976338501   0.77977499599
0.241473468268   -0.952971682586   -0.183127104252
-0.775814700193   -0.0762235406546   -0.626339782238
0.582925479874   0.293317139014   -0.757735402944
0.946674827903   -0.182685510711   0.265391737611
-0.0888810616159   -0.939824811913   -0.329893133908
0.309688435531   0.288713226386   -0.90594577421
-0.994969461433   0.0825767961243   0.0567172245251
-0.0931329027915   -0.553892477059   -0.827362910865
-0.0369057344272   -0.828483069591   0.558796716317
-0.986371742369   0.00276299106208   -0.164508819634
-0.00121933827743   0.999708773356   0.0241014872974
0.164527502476   0.0239736179199   -0.986081115615
-0.868404117862   -0.266714679914   -0.41801622887
-0.491555313138   0.352246305314   0.796426967473
-0.0651740915239   0.897098556409   -0.436997160041
0.891191926089   0.0042858680434   -0.453606197278
-0.444811176662   0.204431504359   -0.871980949988
0.0889942020081   0.978871488685   0.18409410813
0.233031489181   0.637817493885   0.73408798488
-0.341030947324   0.760529381015   -0.552533214911
-0.910710831174   -0.12158908301   0.394742798383
-0.489931241224   0.769288038489   0.410077178967
0.832329241104   0.272910269859   0.48243965323
0.259220780948   0.577681485286   -0.774008196521
-0.815295564999   0.574049318971   0.0758980966933
-0.556176330595   -0.812812915615   0.173213895214
0.161124271847   0.0990077956465   0.981955409081
-0.00857447388869   0.529798502552   -0.848080199681
0.48446893625   0.744127626413   0.459960786826
0.87476644209   -0.406924590438   -0.263051419861
0.686640082321   -0.717883640476   0.114753980699
0.720445865726   0.650778184506   -0.239677927916
0.0973814762104   0.247246503125   0.964046687035
-0.137476168371   -0.937941129057   0.318381440341
-0.968282741824   0.194965288961   0.156259617257
-0.208635651352   -0.286801280548   -0.934995289005
0.0422308398962   0.934311775   0.353946412976
0.859853357862   -0.214394312714   0.463343589196
0.508791469204   0.284774622769   -0.812425168918
0.944380699141   0.0618231276703   -0.322990705711
0.0138626748403   -0.9887809129   -0.148728385087
-0.32856189879   0.135978701161   -0.934642643738
0.830063575624   0.152927706499   0.536290571432
-0.543351244607   0.00527102701317   0.839488916698
0.125554312573   -0.98822332135   0.0874687471911
0.148833204927   -0.694705931342   -0.703727465763
0.987107767641   0.0619997524623   0.147561125494
-0.0588806604381   -0.716616842988   0.694977242917
-0.451901335738   0.396608454011   -0.799053763501
-0.850600157979   0.0783514192248   0.51994271449
0.268820672575   0.914638064653   0.301948102633
-0.235805664482   0.894190858012   0.380550125536
-0.180187759724   -0.425033276203   0.887062052714
0.954949244643   0.140603782194   0.261347501593
0.128511157012   0.775763070077   -0.61779975852
0.63532223926   -0.542743064809   -0.549359279437
-0.761479175569   -0.321903129382   -0.562608070035
-0.119754458457   0.457018823823   -0.881358419913
-0.9261930447   -0.371122026745   -0.0665949338394
-0.357526661423   0.808332998173   0.467731173256
0.933786257829   0.128970476507   0.333781127206
0.0733609252037   0.84397601136   -0.531340443503
-0.350230494592   0.520644896679   0.778631807865
-0.0560486629819   -0.87526697809   -0.480381373955
-0.0214521828154   0.482082341361   -0.87586324275
0.998197551204   -0.0387857346559   -0.0457964579067
0.922132340846   -0.154911284264   0.354505909646
-0.0579819404748   0.850644528261   0.522534191339
-0.382504954929   -0.502400617583   0.77542477321
-0.965188585905   -0.218948417113   -0.143082438763
0.1996919271   -0.97016209045   0.137508736103
-0.168920478006   0.104149454618   0.980111607529
0.174749097226   -0.10724939727   0.978754473708
0.274050931376   -0.949471517879   -0.152970336169
0.945705472137   0.294960003256   -0.13652749338
-0.351005239661   -0.238060078895   0.905606272376
0.857166703817   -0.470983916831   0.208421188833
0.376909224613   0.849412472785   0.369374995741
0.617136298866   0.530980381446   -0.580691504279
0.194751239129   -0.818101824941   -0.541092745179
-0.762374411611   0.220837584093   -0.608289419579
-0.365969587138   0.0939695709676   0.92587039105
0.790751005866   0.555975436491   0.256133091848
-0.490692478047   0.8258698649   -0.277776633715
0.733558956521   -0.307805589249   -0.605926543844
0.488344396822   -0.381333241896   0.78492337761
-0.472663736075   -0.8716884064   -0.129415280192
-0.991447533532   0.0220285025238   0.128633328998
-0.12978838045   -0.269643933636   -0.95417353
0.013666182814   -0.962708104323   0.270196856602
0.711076534974   0.629150714735   0.313910081963
0.283104737832   -0.664859174054   0.691240903082
0.643600706049   -0.402655754739   -0.650881305884
-0.503178318052   0.396411144667   0.767899592803
-0.851362548762   -0.0749006119024   -0.519202955405
-0.148301688486   -0.91501262435   0.3751779664
0.374290321327   0.875294717137   -0.306212203403
-0.426936405204   -0.13047755135   -0.894818928334
-0.823184099259   0.465655201566   0.324858695408
0.723249844353   0.668800870955   0.172090260196
0.564320019986   -0.716005062521   0.410949711628
0.398061022567   -0.200105335899   -0.895268270888
0.608543890764   -0.792994304217   0.0288854027632
-0.734779394699   -0.549377849003   0.397848237586
-0.299622385911   -0.263332513192   -0.916996408584
0.492991168007   -0.843992158185   0.211274572985
-0.788094462076   -0.330314573853   0.519422180067
-0.368601176222   -0.422574868187   -0.827987713475
0.633662391202   -0.688948311306   -0.351883785253
0.0508454992546   -0.416786375605   0.907581319947
-0.77193698524   -0.592991856148   -0.229071930537
-0.190954782986   -0.595127593748   -0.780614769278
0.326769554349   0.711350129651   -0.622256097918
0.925612191582   -0.373903918415   0.0586338689554
0.884055884663   0.453795178338   0.111871036954
0.345223889007   -0.472660558032   -0.810809757797
-0.315064531883   0.755421692168   -0.574519284055
-0.242614360399   0.78742827087   0.566652442298
0.6297821187   0.572130143464   -0.525396594875
-0.73791107533   0.229398816856   -0.634715233574
0.0978913851635   -0.0116411004777   0.99512901751
0.876217125091   -0.473106173921   -0.0917283919775
0.471869501459   0.880928506167   -0.036112887101
-0.00310131430632   -0.729552470572   -0.683917812703
0.965442334355   0.176045139316   -0.192169737361
0.260598313279   -0.660879188359   0.703794868914
0.101890376366   -0.533970495648   -0.839341325673
0.9939036213   0.0189196437058   0.108616935364
-0.0421181999826   -0.845291403517   0.53264293891
-0.406745519666   0.307324224648   0.860296404256
0.543403749932   0.838390940503   -0.042579284193
-0.734350356976   0.45016935905   -0.508012894897
-0.0669626318664   -0.997440620495   -0.0250642079362
-0.95129114437   0.0562474692256   0.303119416814
-0.300933820926   0.04414103297   -0.952622907887
0.48240717969   0.0755942360441   -0.872679107382
-0.22407867878   0.973769551765   -0.0395171579319
0.846801073866   0.214612142089   0.486692479671
-0.833619855657   -0.462667608402   -0.301689609349
-0.194905051575   -0.264662622513   0.944439366564
-0.516807466204   0.846104237302   0.1304517631
-0.694136128008   -0.117286481863   -0.710224553903
-0.347525754702   -0.809438212887   0.473324021508
-0.630397402924   0.575372627686   0.521100233829
0.0783050359885   -0.261555731779   -0.962006715419
0.664727629182   -0.705454072227   0.245910005857
-0.742970726436   -0.658728435056   0.118622714971
-0.88755277984   0.443115446543   0.126090301106
-0.460636142742   -0.848767249254   -0.25963147073
-0.00802539706159   -0.288518383519   0.957440721598
0.491576000391   -0.867202191872   0.0794568703855
-0.553067839111   -0.240419920184   0.797693065859
-0.672658160718   -0.436071806461   -0.597806305109
-0.591196701808   -0.137991921839   -0.794634940887
-0.472217563408   -0.739499673051   0.479740353073
-0.653832572285   0.658861490045   0.372027558595
-0.351441656751   -0.899532401999   -0.259480672988
0.936079251548   -0.342254474987   -0.0813480741815
-0.0156331929364   -0.271483576126   0.962316097326
0.640580875521   0.385745783323   -0.663970129272
-0.531605206823   -0.401183970977   -0.745953970101
-0.554122771591   0.830813825162   -0.0519263124488
0.748159908197   -0.555871397308   0.362303383123
-0.47987730149   -0.83040158151   -0.283109499912
0.458229775639   0.0379500076499   -0.888023237104
-0.674770977058   -0.40850745591   -0.614659081919
-0.639535027484   -0.0920171676635   0.763235081398
-0.36834640916   0.908104894448   -0.199164312912
-0.899856562477   0.212782374774   0.380764793478
0.0663742505849   -0.79597727032   0.601676527707
0.431106281358   0.566695549762   0.702142099617
0.577868120743   0.170158133856   0.798194615687
-0.358575215845   -0.825634347796   0.435605025592
0.73313862919   -0.537935064132   -0.416093279407
-0.454699426162   -0.474292844774   0.75385325445
0.423135362471   -0.859828608033   -0.28574679322
0.783712253875   0.189053067167   0.591653649461
0.761455672867   0.115139467558   0.637909210836
0.209183886391   0.887800894088   -0.409941061777
-0.61353676331   0.445592274918   0.651935705879
-0.656197787021   0.514011994939   -0.552445593129
-0.0494751264457   -0.759846479243   -0.648217201133
-0.752965255621   -0.398026377318   0.524040386599
-0.576141386414   -0.378989911253   0.724173839647
-0.554961082725   0.831853389776   -0.00617532006145
-0.600066079296   -0.405446155594   -0.68958981677
0.589775766552   0.537436958873   -0.602765344412
0.0707327859232   -0.777905918011   -0.624387104062
-0.804463434957   0.325613110856   -0.49680447246
0.908673259144   0.407891196874   0.0890936565039
0.391938454914   -0.906906239216   0.154613456177
0.143865060651   -0.105573883059   -0.983949693602
0.66873546653   0.741347388865   -0.0565413550284
0.317514268389   -0.215994480293   0.923326092912
0.672292767457   -0.635413592478   -0.379831543344
0.225881475991   -0.201874542632   -0.95300798939
0.793587636147   0.605507065819   0.059831906178
0.564974532664   -0.769810276808   0.296977970836
-0.265838606679   0.214720139614   -0.93980056227
-0.351488716887   0.886180430463   0.301893899517
0.897655567075   0.410584347374   -0.160109264538
-0.16672500481   0.127972249155   -0.977663478001
-0.00207654041924   -0.991585029079   -0.129440403611
-0.986001247845   -0.0195507941862   0.16558775829
0.558687959691   -0.819291256009   -0.12895581229
0.375806442251   0.111465917039   0.919970036089
-0.739349228484   -0.562438607463   0.370169597854
0.203873597468   0.887935428806   -0.412318118116
0.323854699717   0.336283459906   0.884325487626
0.923879694401   -0.313821778825   -0.219002742924
-0.478200533671   -0.593007315436   0.647816774587
0.140610131399   -0.779801833674   -0.610031057526
0.866921588464   -0.200627575468   0.456284489565
0.160262780862   0.484779667158   -0.859828189454
0.784491507168   0.466123344819   0.40902579698
0.599073381358   -0.740079523919   -0.305603308268
0.21705108881   0.533804338827   -0.817277035464
0.351937782364   0.738136985677   0.575581087007
0.910510089011   -0.412561169071   -0.0276524787909
0.250324533036   0.267518018642   -0.930468558234
0.784627925674   -0.619082871094   0.0330970840214
-0.567183080154   -0.738356626855   -0.364873738664
0.944246212929   0.324975593903   -0.0528200031944
0.281810941268   -0.880706050505   -0.380709135673
-0.170240073871   0.344597904768   -0.9231850309
0.73271161901   0.603501166045   0.314515541668
0.0097289030407   -0.471398118367   0.881866862086
0.680469714105   -0.64309420506   -0.351270282836
0.602913715768   0.0154610915902   0.797656571456
0.375976817286   -0.887333295018   -0.266985123959
0.703659352388   0.460869372164   -0.540798426032
-0.751892535076   0.523758938931   -0.400417519081
-0.199375210078   0.398274138985   0.89533638138
0.628416375744   0.753030068527   -0.195034803538
-0.787353626072   -0.387750570337   -0.479295068527
0.357212635096   -0.92057267727   0.157940112673
-0.502467313205   -0.0468555340023   0.863325638502
0.0262600020314   -0.967988959457   -0.249615277303
0.905110901065   -0.0829775491696   0.416999979746
-0.424363840433   -0.236879928874   0.873958368705
-0.620196074523   0.567074689327   0.542017643505
-0.652727546781   0.0101794290478   -0.757524342116
-0.435090311108   -0.823603470093   0.36383202887
0.99407848489   -0.107478842506   0.016008257006
0.00119568243588   -0.136490382575   -0.990640674416
0.108657886149   0.984793721486   -0.135553642148
-0.444305218633   -0.895146783865   0.0361262789585
-0.871593773465   0.422586339814   -0.248485571934
0.207164588557   -0.141890876164   -0.967961679257
0.111225663407   -0.987608441104   -0.110717744108
-0.0164369470583   0.109565605472   -0.993843652125
0.993659236646   0.112360781229   -0.00404676050555
0.381636612727   -0.360617814126   0.851063034071
-0.839241035218   0.250652128632   0.482543257355
-0.387334455778   -0.89840319598   -0.206987238301
0.437669784317   0.207370798212   -0.874895714897
0.453882020916   0.789010200444   0.414070060116
0.77616768226   -0.578325389071   0.251204047281
-0.448117444421   0.207915895051   0.869460600942
-0.880203660376   -0.272667192856   -0.388450921225
0.156308260388   -0.939374037604   0.305195257515
-0.776844156767   0.622916460828   0.0921316391137
-0.613722040624   -0.781736498937   0.110604263396
0.140919881309   0.0293790581698   0.989584992809
-0.619878659236   -0.731788667298   -0.283259235044
0.737527565739   -0.666601295267   0.108147135533
-0.26796182116   -0.141873392721   0.952926231583
0.0178908414547   -0.722945581505   0.690673297569
0.838117530481   -0.365829269481   -0.404633106273
0.54519622421   0.586104625279   0.599368371983
0.992716504451   0.104150853635   0.0605519733584
-0.0833707255761   0.231078750751   0.969356453049
0.0869670277029   -0.967344411592   0.238078821935
-0.749457680589   0.102291522669   -0.654102155168
-0.0377776125412   0.979774481822   0.196506531091
0.660973552418   0.171983746792   -0.730435181137
0.722232935028   -0.572433535368   -0.388200251348
-0.350172415857   -0.786647243129   0.50849325861
-0.596455251241   -0.231313558757   -0.768592981234
0.0442440655882   0.909957041496   -0.412335597896
0.861368172959   0.174325120892   0.477132709882
0.506050722037   -0.376283051516   -0.776095182222
-0.381358852763   0.839460184583   -0.387133082955
0.913839340963   0.405541189062   -0.0208327358442
0.13951015851   -0.361722189634   -0.921788464453
-0.974007357224   0.223929278735   -0.034137167403
0.127199727214   0.416004560306   -0.900422364894
-0.187429713412   -0.881360246397   -0.433675245548
0.591989541372   0.734196492394   -0.332421259042
-0.799470552768   0.482776266823   -0.357454768396
-0.101956942693   0.477370492122   0.872766976396
-0.654588882095   0.189552565909   -0.73183551444
-0.385013408197   0.749516673008   0.538506668846
0.650598240811   0.634266964014   -0.417645001662
-0.808008128654   0.474970289303   -0.34860592122
0.406487932278   0.0211057457889   -0.913412343034
-0.42648613687   -0.87974869808   -0.210123304951
-0.976628555975   -0.142361699222   0.161027358699
0.171337021457   -0.0633209074863   0.983175512182
-0.129770138065   0.987787228744   0.0862328359555
-0.612516631442   0.475437999978   0.631491951163
0.63783720146   0.769152951473   0.0395909291871
-0.466890865879   0.427039161456   -0.774371018274
0.940357946688   0.339604885866   -0.0198860151074
-0.336996596601   0.921960394117   -0.190846340175
-0.0464782312471   0.186165391991   0.981418473866
0.997122463193   -0.0554666324448   -0.0516744238509
-0.0257299697737   0.393563269317   -0.918937387257
0.0713075174897   0.917622692466   0.391003621748
-0.842527404012   -0.403919849653   0.35636544241
-0.529939062643   0.503041719931   -0.68272514081
0.0964995511563   -0.76406660905   -0.637879340912
-0.3442250307   -0.758360664272   0.55353250232
-0.41030253273   -0.408780502807   -0.815199565849
0.84448857889   -0.507727883232   -0.170444820145
0.403778182457   0.24220141555   -0.882214063409
0.396306943128   0.822836553494   0.407284683068
0.824562906151   -0.514080227726   0.236257345411
0.209304693803   -0.379856714049   0.901055171421
-0.944964145837   -0.31553652471   0.0864838982473
0.251464327956   -0.869566316255   -0.42499425102
0.0460579435806   -0.578334143918   -0.814498793008
0.998346970151   0.0547114818105   0.0176062758506
0.0343801254267   -0.813963311051   0.579898038658
0.97542216689   -0.096594041423   0.198043398027
0.191461416176   0.816412641192   -0.544805401421
-0.109060178141   0.569332934637   0.814841019513
-0.632959261507   -0.12611551284   0.76384386539
0.31124043321   0.861946362014   0.40022226543
-0.708866677174   0.491063485134   -0.506324685908
-0.817740966687   0.572540637218   0.0591348470408
-0.0385207057515   -0.156945235759   0.986855788958
0.574295974763   0.804714490802   0.150395218224
-0.949316814928   -0.0374463510255   0.312082289933
0.213747533046   0.651054152235   0.728313451046
-0.230455151844   0.758107025197   -0.610052588992
-0.597528476614   0.192699268177   -0.778348708279
0.517705690791   -0.648549432703   -0.558000404178
-0.612323882727   -0.736376687154   0.287765246786
0.278758309947   -0.107988998305   0.954270496705
0.758852636364   -0.584227143916   -0.287786936109
0.588588549769   0.804373682163   -0.0809104352013
-0.212599734182   -0.831477288136   -0.513270759288
-0.234685042772   0.55335333632   -0.799201486412
0.948537971683   -0.0494530534717   -0.31277805514
0.957592401841   -0.157136973157   0.241505204093
-0.16500756616   0.388038748649   0.90675158266
-0.236197576293   -0.908148611855   0.345654167831
0.996278774945   -0.0524633657122   0.0683827306548
0.0601077038582   0.991544895628   -0.115003408168
-0.061771081669   0.118685783528   0.991008586369
0.897653078082   -0.368860428579   -0.241165784553
-0.177203987121   -0.8031440947   0.56882186148
-0.403506751318   -0.467869156258   -0.786308307385
0.824040099619   -0.566290286064   0.0165295532038
0.565987839446   0.824176757182   0.0197595172157
-0.0248128962137   -0.00692710842999   0.999668112601
