-0.49841351872   -0.811088257312   -0.306136902722
-0.088534828626   0.398898096389   -0.912711286671
0.862406834665   -0.427803865747   -0.270625763694
-0.187387639608   -0.858170939914   0.477941952971
0.691331977203   0.230433058083   0.684807055337
-0.697815140148   0.458740933022   0.550100705826
0.788691845862   0.193980467995   -0.583383879026
0.281408884918   0.729765834058   0.623097798849
0.54660242568   -0.655601560003   0.520972535516
0.954326780989   -0.159158408112   0.252841840315
0.0496827042329   0.919049236425   0.390998887373
-0.294604860766   -0.360578843187   0.884980719484
-0.610096912759   0.757215531272   -0.233251787221
0.266263907818   -0.0813281444311   -0.960463046825
-0.746247471309   -0.648082072058   -0.152001116579
0.541648006537   -0.74888960634   0.381813821817
0.563290674047   0.660506174189   0.496422411249
-0.623955970839   -0.0538140444011   0.779604383697
0.241818115525   -0.953063214991   -0.182193598227
-0.77490071663   -0.076672719706   -0.627415471135
0.583997327366   0.292902376712   -0.757070220882
0.946702477145   -0.181954244248   0.265795170699
-0.08792728352   -0.939811785629   -0.330185705937
0.309876124572   0.289216978396   -0.905720887927
-0.994921607235   0.082972070259   0.0569792156307
-0.0935856757367   -0.554187659131   -0.827114115321
-0.0370501923592   -0.82824614338   0.559138273795
-0.98633418907   0.00100954700203   -0.16475390219
-0.00282401901537   0.99973072714   0.0230325449863
0.164732790872   0.023183054734   -0.986065745062
-0.867967783758   -0.267487329239   -0.4184285543
-0.492243704432   0.351766419147   0.796213866877
-0.0657880065393   0.89705680704   -0.436990873061
0.891350913546   0.0037587939528   -0.453298378982
-0.44441711338   0.204386980165   -0.872192290538
0.0893698956867   0.978882952046   0.183850993846
0.233628722683   0.637027924687   0.734583584833
-0.340633223987   0.76123600693   -0.551804991341
-0.910706663341   -0.121306079493   0.394839471715
-0.490731321224   0.7688148156   0.410007987341
0.831762251298   0.273188924948   0.483259111245
0.259527123217   0.578179548755   -0.773533503939
-0.8147127914   0.574986346151   0.0750584390307
-0.557253759221   -0.812151311248   0.172853971529
0.160347483186   0.0989997443378   0.982083364719
-0.00882398632069   0.528550997118   -0.848855688978
0.484021295005   0.745074136188   0.458898591811
0.875011727491   -0.406814914955   -0.262404462087
0.68547923099   -0.718784468674   0.116047884405
0.721568630451   0.649364799269   -0.240133440027
0.0972467759385   0.248342998822   0.963778407885
-0.136037220601   -0.938235112949   0.318133222788
-0.968352741942   0.193751542188   0.157331837444
-0.209253056811   -0.286662192712   -0.934899965496
0.0410350428331   0.934483057944   0.353634754619
0.859594946402   -0.213437167661   0.464264045109
0.50932568498   0.284931552966   -0.812035317424
0.944583551161   0.0631946992373   -0.322130943662
0.0152291739523   -0.988674832179   -0.149298856245
-0.327917652982   0.13611945564   -0.934848386991
0.830437040716   0.153044097919   0.535678845483
-0.542782390972   0.00558099947282   0.839854825845
0.12554520085   -0.988203600751   0.0877043100791
0.147502558511   -0.695081870135   -0.703636404006
0.987284389377   0.0608443228301   0.146858785479
-0.0592665987365   -0.71635128407   0.695218173012
-0.450917594404   0.397041332868   -0.799394460233
-0.850920628751   0.079154298545   0.519296332153
0.269457615632   0.914381089599   0.302158594717
-0.234847492668   0.894624844012   0.380122406158
-0.180396874078   -0.42437976345   0.887332397807
0.955145864782   0.13981489495   0.261052048717
0.12773748101   0.77618631098   -0.617428495125
0.635485009158   -0.542006422882   -0.549898027538
-0.761473531438   -0.322123964029   -0.562489300092
-0.118114108118   0.457376118103   -0.881394431598
-0.926354257105   -0.370446939649   -0.0680944582691
-0.357654648797   0.808440567694   0.467447323985
0.933636066531   0.12776192461   0.334664885957
0.0747415694861   0.844199051927   -0.530793423581
-0.350338968805   0.520581262961   0.778625555444
-0.0556763835684   -0.87580196575   -0.47944870122
-0.0214178444071   0.481130665228   -0.876387219737
0.998219122364   -0.0385253133166   -0.0455454056977
0.922087521519   -0.156066415078   0.354115626234
-0.0568485137874   0.850515159998   0.5228692084
-0.382783031414   -0.502262119513   0.775377272148
-0.965383673365   -0.217862115686   -0.143424062657
0.198508708777   -0.970359855125   0.13782613722
-0.169200046513   0.104584177149   0.980017088703
0.173985421444   -0.106382168997   0.978985141483
0.274745944495   -0.949426799063   -0.151998089476
0.94564461565   0.295417648999   -0.135958352267
-0.351520535759   -0.237860271268   0.905458891553
0.857314268368   -0.470336647798   0.209274181374
0.376092486221   0.849826999506   0.369253994857
0.616820606225   0.531821408269   -0.580257123561
0.195065239968   -0.817493607124   -0.541898287936
-0.762549599628   0.221066035426   -0.607986772955
-0.366830963726   0.0939528885086   0.92553114415
0.790261503108   0.55639294125   0.256736541289
-0.490837855873   0.825590546014   -0.278349509743
0.732922807446   -0.308310673184   -0.606439351565
0.488353325246   -0.382179626545   0.78450606293
-0.473640357282   -0.871139059998   -0.129543622378
-0.99131016889   0.0238887412532   0.129357941759
-0.130991117023   -0.269429763935   -0.954069667041
0.0120613562978   -0.962723704054   0.270217677692
0.710365826323   0.629705517749   0.314406351254
0.283766220299   -0.665028186407   0.690806950964
0.644094034291   -0.401507748618   -0.651102451838
-0.503014647619   0.396511506292   0.76795500497
-0.851405669359   -0.0745522055169   -0.519182390722
-0.148609052427   -0.914997592363   0.375092995811
0.37423659899   0.87539284635   -0.305997275373
-0.426589863451   -0.130475451733   -0.894984494221
-0.823388156568   0.465471289184   0.324605025482
0.723029749991   0.669041990527   0.172077876377
0.56422343221   -0.71564474308   0.411709266652
0.398597414909   -0.200587678119   -0.89492160786
0.608656740672   -0.792961594962   0.0273656892953
-0.734410510437   -0.549990100185   0.397683406568
-0.300296810165   -0.262150335904   -0.917114511493
0.493468054609   -0.843979791637   0.210207969373
-0.787559462811   -0.331017769564   0.519785848951
-0.369106179328   -0.422048987133   -0.828030966113
0.633432462238   -0.688679567346   -0.352822574821
0.0514010056801   -0.417506583967   0.907218931107
-0.772088888923   -0.592797356492   -0.22906340113
-0.191345268397   -0.595785938475   -0.780016733011
0.326230415849   0.710916698616   -0.623033838089
0.925721720625   -0.373679760149   0.0583329479612
0.883760359522   0.454193750695   0.112586250348
0.346000323206   -0.472282600684   -0.810699032584
-0.315041907178   0.755418547509   -0.574535825516
-0.242768366397   0.787157069125   0.566963198809
0.62970872381   0.572448673132   -0.525137543685
-0.737923060647   0.229534888755   -0.634652102659
0.0971209323617   -0.0106907340958   0.995215169047
0.876147863391   -0.473454179217   -0.090587315105
0.472157225903   0.880753568478   -0.03661564748
-0.00431968622912   -0.730351457011   -0.683057896194
0.965241001807   0.17545866415   -0.193711294471
0.261325752159   -0.660152260025   0.704207245661
0.101108275098   -0.534742767797   -0.838944151297
0.994016383051   0.0192629274588   0.107519160393
-0.0413345730911   -0.844795307702   0.533490713277
-0.407830799732   0.306958262792   0.859913172183
0.543517932348   0.838371317098   -0.0414944801493
-0.733663612295   0.45045550232   -0.508750965034
-0.0657202363249   -0.997519120691   -0.025228047769
-0.95120614665   0.0549902671461   0.303616430869
-0.301475898061   0.0439508176947   -0.952460292355
0.482581808028   0.0738515275658   -0.872731774623
-0.223607165284   0.973806489819   -0.0412402233201
0.84682621251   0.21505085971   0.486455027257
-0.833617309831   -0.463166002338   -0.300930947276
-0.193627090454   -0.265204118224   0.944550329797
-0.517291726777   0.845661888674   0.13139725816
-0.693802119576   -0.116628659014   -0.710659112914
-0.348192412601   -0.809470716895   0.472778174514
-0.630397226103   0.57546061063   0.521003284956
0.0781476522409   -0.260529972718   -0.962297811369
0.664682445583   -0.705791449781   0.245062595985
-0.743027718853   -0.658773529167   0.118013754642
-0.887183773906   0.443872306285   0.126025104765
-0.461344240619   -0.848493163952   -0.259269825421
-0.00815125548042   -0.288160938434   0.957547299404
0.492004529339   -0.866993385325   0.0790823173211
-0.553218799922   -0.241212860158   0.797348929583
-0.672220575795   -0.436049109502   -0.598314859903
-0.590940001034   -0.137098413918   -0.794980465218
-0.473000146424   -0.739405764659   0.47911374085
-0.65349887273   0.659153350966   0.372096873475
-0.351787001717   -0.89955736953   -0.258925557539
0.935957437103   -0.342494473579   -0.0817386781091
-0.0151519422567   -0.271097905731   0.962432514078
0.640526524674   0.386449759871   -0.663613105872
-0.531299446844   -0.400942461049   -0.746301574909
-0.554478736268   0.830603230203   -0.0514937375174
0.747899891329   -0.55537085609   0.363605507048
-0.479295462171   -0.830760829035   -0.28304117171
0.459262030318   0.0374119920154   -0.887512664902
-0.674317586506   -0.409456612036   -0.614525081171
-0.639827142808   -0.0915059365406   0.763051696088
-0.368669255369   0.907729004956   -0.200277391904
-0.900030612586   0.213154897948   0.3801445592
0.0656546953913   -0.795972212274   0.601762160875
0.430853057761   0.566562641523   0.702404737918
0.577875426844   0.170783424365   0.798055770615
-0.358067859784   -0.825662128667   0.435969559804
0.733380800703   -0.537694217235   -0.415977799783
-0.455139805668   -0.474372059794   0.753537594406
0.423200696104   -0.859823082382   -0.285666655072
0.783421296694   0.188879368618   0.592094296542
0.760462612913   0.114718326816   0.639168459684
0.209979035878   0.887956251871   -0.409197384224
-0.614496069031   0.445391288932   0.651169087787
-0.656742087453   0.513997993992   -0.551811464849
-0.0499417244562   -0.759771707067   -0.648269062426
-0.752459736282   -0.39818716116   0.524644003074
-0.575710746033   -0.379194497764   0.724409186694
-0.555748712184   0.831324830871   -0.00651110458598
-0.599750369577   -0.406337985478   -0.689339492377
0.589933264192   0.538179640494   -0.601948019648
0.0711162945399   -0.777224746667   -0.625191303378
-0.804314127969   0.326012833683   -0.496784073641
0.908206404238   0.409038884529   0.0885907345256
0.393162532025   -0.906405235247   0.154443429541
0.143472473711   -0.105435954301   -0.984021803025
0.668084504816   0.74187402425   -0.0573238743307
0.318081604797   -0.21509846755   0.923339992607
0.672671678543   -0.635102811678   -0.37968043337
0.225656202891   -0.202716666403   -0.95288259049
0.793658962284   0.605481617726   0.0591393454643
0.564964361427   -0.769608968086   0.297518581872
-0.264889554377   0.213507322168   -0.940344696036
-0.35319649429   0.885926030824   0.300644814239
0.897265713378   0.411764120934   -0.159262513821
-0.166954374732   0.128528089023   -0.977551414039
-0.00148935246733   -0.99149877231   -0.130107518374
-0.985963497594   -0.0202661007677   0.165726481205
0.558286054278   -0.819338704076   -0.13038699936
0.377107235347   0.110623029226   0.919539383852
-0.738990402271   -0.562535895217   0.370737848006
0.20396457607   0.887807682147   -0.412548144136
0.323568308675   0.33658838776   0.884314314509
0.923959956562   -0.313856299517   -0.218614322321
-0.478417867186   -0.592255597224   0.648343776027
0.140216249372   -0.780370567889   -0.609394109083
0.866865472706   -0.200636697365   0.456387081216
0.159651606506   0.484923067624   -0.859861025414
0.784156889267   0.466826948012   0.408864982145
0.599674359594   -0.739541898134   -0.305726092032
0.216347078779   0.533574683527   -0.817613599815
0.351954831606   0.738515290927   0.575085177671
0.91067103721   -0.41218105508   -0.0280185620638
0.249410923775   0.268099860475   -0.930546428672
0.784908660162   -0.618779455877   0.0320995356105
-0.567197131784   -0.738399925377   -0.364764257978
0.943998036707   0.325838122764   -0.0519348095859
0.28293379529   -0.880370020504   -0.380653509743
-0.169753274418   0.34464205308   -0.923258187656
0.73235449719   0.604298124373   0.313816295506
0.0107685187685   -0.471089527867   0.882019668566
0.680838401861   -0.642571734216   -0.351511930006
0.602683651988   0.0156171360786   0.797827375243
0.377039456066   -0.886739086876   -0.267460352905
0.70328775348   0.462006381847   -0.540311427732
-0.751942608585   0.523571804711   -0.400568194826
-0.199485876839   0.398425696449   0.895244295905
0.628321333663   0.753080028763   -0.195148076964
-0.787913883266   -0.386518835036   -0.479369275943
0.356159628439   -0.921093017347   0.157283096565
-0.502336572057   -0.0468064478184   0.863404380818
0.0259347542747   -0.967678655904   -0.25084937199
0.904845424072   -0.0839463384214   0.417382044177
-0.424949581781   -0.237804607131   0.873422476108
-0.619782243877   0.567303594253   0.542251419659
-0.653136279801   0.0101802562275   -0.757171950346
-0.435066627291   -0.823445805339   0.364217017021
0.994099332932   -0.107218141478   0.0164555887847
0.00165085552117   -0.136729727782   -0.990607014016
0.108461011153   0.98478893763   -0.135745929519
-0.443391727528   -0.895594951554   0.0362416709102
-0.87203627581   0.42167295487   -0.248484713418
0.207259522414   -0.141780118076   -0.967957586099
0.11142220535   -0.987684236367   -0.109840527071
-0.0157786520637   0.108756570634   -0.993943178699
0.993647888487   0.112480476422   -0.00346642896815
0.382376064035   -0.361676350549   0.850281578718
-0.838924972981   0.249810269779   0.483528405393
-0.387289859617   -0.898212138955   -0.207897854898
0.438286878686   0.20653422191   -0.874784674735
0.454207917384   0.788945341154   0.413836219364
0.77562863521   -0.578713110143   0.251974912225
-0.447945906114   0.208076993638   0.869510454172
-0.880204691031   -0.273192533041   -0.388079298312
0.156793389795   -0.939185713589   0.305525822652
-0.776723390822   0.623118420599   0.0917834846775
-0.613853890744   -0.781551411062   0.111179101837
0.141011258302   0.0300137597919   0.989552928981
-0.62060564957   -0.731255481893   -0.283044250821
0.73682433036   -0.667323405276   0.108486768599
-0.268213597553   -0.141226389078   0.952951506172
0.0174121801735   -0.722885495218   0.690748417866
0.837955894735   -0.366339416747   -0.404506304296
0.54546011262   0.585860045182   0.599367394008
0.992738848826   0.103781103037   0.0608199036764
-0.083557670112   0.231237251413   0.969302558196
0.0865314613085   -0.967346275235   0.238229909945
-0.749224832053   0.101572349956   -0.654480869667
-0.0392357935962   0.979628251183   0.196949338625
0.661152556931   0.173238411469   -0.729976540209
0.722097832246   -0.572406953005   -0.388490670181
-0.348924912756   -0.786266096167   0.50993826222
-0.597349249539   -0.232671240529   -0.767488089749
0.0434738460178   0.909730676055   -0.412916603877
0.860943401323   0.17556446775   0.477444842241
0.506839702895   -0.376254188958   -0.775594159894
-0.381332538402   0.839073480144   -0.387996378945
0.913790776071   0.405649941756   -0.0208456787162
0.139899652334   -0.362496647808   -0.921425128594
-0.974185840029   0.223294688265   -0.03318781823
0.126017484511   0.415928923636   -0.900623519613
-0.187300674542   -0.881556925374   -0.433331102785
0.592368520998   0.733861607418   -0.332485603432
-0.79914592184   0.482805131271   -0.358141034825
-0.102300200088   0.47785598916   0.872461072304
-0.654587231383   0.189449509691   -0.731863675686
-0.385466631364   0.749151603461   0.538690403791
0.650331479029   0.634728885674   -0.417358609681
-0.808377974163   0.474868806457   -0.34788599791
0.405916492619   0.0216622456607   -0.913653407006
-0.426329510951   -0.879789954346   -0.210268362634
-0.976780692508   -0.142303684945   0.160153488862
0.170375155421   -0.0627347730909   0.983380218766
-0.129891436049   0.987832986641   0.0855231275435
-0.61339551721   0.474298295354   0.631495895863
0.636499199276   0.770252840884   0.039740790534
-0.467562518589   0.426323454827   -0.774360124926
0.940678286027   0.338718727034   -0.0198490844627
-0.336181222078   0.922522754567   -0.189562531183
-0.0458971471814   0.1849902464   0.981667999182
0.997105033335   -0.0555938077837   -0.0518737027195
-0.0258452383319   0.393799962648   -0.918832744885
0.0715092731979   0.917513442928   0.391223089672
-0.842288702554   -0.403881045205   0.356973168283
-0.530316100211   0.502334209868   -0.682953274722
0.0965120479869   -0.764552446154   -0.63729505072
-0.344360398113   -0.757288507698   0.554914436936
-0.410277211006   -0.410252342016   -0.814472606046
0.844445691765   -0.508140858404   -0.169423557042
0.402714748516   0.240986998761   -0.883032331093
0.397244496609   0.823116763655   0.405802419047
0.824631821628   -0.514202352988   0.235750501463
0.2104225252   -0.379387969244   0.900992302787
-0.944697750738   -0.316039068495   0.0875526523581
0.251532345114   -0.869588452072   -0.424908700057
0.0458878727844   -0.578288724165   -0.81454064026
0.998371332261   0.0542176233081   0.0177519644344
0.0338966967386   -0.814028624083   0.579834815377
0.975018540125   -0.0991257720335   0.198778589723
0.194646436163   0.812426950875   -0.549613695591
-0.107012201652   0.574575087182   0.811425817858
-0.634083602001   -0.126164287422   0.762902718735
0.310512625357   0.862016431285   0.400636470741
-0.708180693868   0.490927942547   -0.507414879619
-0.817435338787   0.57307169717   0.0582090783677
-0.0394569868272   -0.156523601722   0.986885762535
0.574667393448   0.804418542804   0.150559605808
-0.949625924115   -0.0377691810286   0.311101419497
0.21280478826   0.651024039685   0.728616374951
-0.230053746639   0.758116870091   -0.610191842735
-0.59786344502   0.193158141568   -0.777977656141
0.517387150652   -0.648314296783   -0.558568804112
-0.612266149194   -0.736463512289   0.287665878439
0.278279878786   -0.107743415859   0.954437879279
0.759350619995   -0.583817314199   -0.287304680704
0.588172546942   0.804704107098   -0.0806495817961
-0.211903095957   -0.831717985638   -0.513168851638
-0.235328262132   0.553067822429   -0.79920998044
0.948534494347   -0.0485919351386   -0.312923531991
0.957720519173   -0.157811239776   0.240555647937
-0.16377867229   0.388371332236   0.906831988188
-0.236533197791   -0.907889487161   0.346105078618
0.996191301933   -0.0535451071831   0.0688172322093
0.0613169181899   0.991320306594   -0.116293960622
-0.0619929471465   0.120070692637   0.990827887816
0.897859694873   -0.367986914048   -0.241730427153
-0.175716032564   -0.802911209175   0.569611680078
-0.403697713917   -0.468955457662   -0.785562813852
0.823384439213   -0.567245129476   0.0164629386172
0.566950096107   0.823521672785   0.0194844290803
-0.0246100342455   -0.00670951108044   0.999674611399
