-0.514340400696   -0.772955834866   -0.371474355459
-0.0696126297116   0.469363629818   -0.880256712437
0.854756116867   -0.426892280579   -0.295220166445
-0.13905441761   -0.862226068974   0.487062692642
0.711744427681   0.254955142736   0.654536247253
-0.688537359238   0.437680333853   0.578231990337
0.770825386047   0.217926979065   -0.59861177206
0.258175343275   0.75217539072   0.606281816959
0.58238619566   -0.621884226799   0.523532569408
0.949424922466   -0.197335109115   0.244235858321
0.102348580956   0.92984688282   0.353425353765
-0.296845197678   -0.31055366993   0.903016805649
-0.609610021114   0.730663180351   -0.307419747114
0.405166715384   -0.0461287945509   -0.91307836771
-0.681333661079   -0.681177973747   -0.267919838428
0.599215626717   -0.682751476765   0.418080151081
0.534541964531   0.729960620403   0.425937026739
-0.595991194248   -0.0317467264831   0.802363157272
0.228802904487   -0.949180483818   -0.216114968061
-0.819331049919   -0.0678835511208   -0.569287657738
0.525686085224   0.307324379683   -0.793224990368
0.947317421436   -0.195772066712   0.253501415253
-0.113132476807   -0.944961667061   -0.306999176741
0.299650996923   0.262146443129   -0.91732686758
-0.993833005428   0.0812375843525   0.0754745602608
-0.107159994543   -0.528639256954   -0.842055380344
-0.0285077299923   -0.844950318336   0.534084558487
-0.986044228077   0.0765289217234   -0.147851720452
0.0657824426889   0.994915485382   0.0762616619468
0.152936190367   0.0654713213444   -0.986064910889
-0.890117228031   -0.220421880484   -0.398880362511
-0.454891949892   0.376618504524   0.806989371777
-0.0276523865759   0.899762570858   -0.435502767563
0.894688546658   0.0346472598612   -0.44534483552
-0.443911015987   0.180011957884   -0.877803325653
0.0497539155185   0.983054041862   0.176434934139
0.192684084177   0.685382783413   0.70222735405
-0.376253217459   0.712543845177   -0.592211782932
-0.906259536743   -0.150105521083   0.395173341036
-0.44264999032   0.803712844849   0.397626280785
0.865060448647   0.266008794308   0.425334870815
0.236075013876   0.532245218754   -0.813008964062
-0.839346289635   0.521211504936   0.154390349984
-0.484739899635   -0.846183538437   0.221360892057
0.246018409729   0.110959269106   0.962893009186
-0.0173778031021   0.598661839962   -0.800813317299
0.516207873821   0.691305160522   0.505595326424
0.856287002563   -0.404600024223   -0.321047335863
0.733257472515   -0.679776847363   0.0153911383823
0.666498064995   0.714085161686   -0.21415579319
0.134587571025   0.167289510369   0.97667825222
-0.218151003122   -0.918587505817   0.329556018114
-0.96198797226   0.259252130985   0.085834056139
-0.164284184575   -0.298304140568   -0.940226197243
0.116454042494   0.922346889973   0.368394672871
0.869037151337   -0.274203896523   0.411808997393
0.480846017599   0.272191822529   -0.833485901356
0.916909277439   -0.0117667261511   -0.398922145367
-0.0572626106441   -0.993101656437   -0.102323383093
-0.394966244698   0.116664588451   -0.911257922649
0.816080212593   0.12812718749   0.56355702877
-0.566601753235   -0.0148196583614   0.823858499527
0.113910399377   -0.991647005081   0.0605030618608
0.209940895438   -0.660750806332   -0.720647752285
0.976249456406   0.10133883357   0.191487416625
-0.0534958615899   -0.743733048439   0.666332781315
-0.505450725555   0.343692272902   -0.791451334953
-0.845948040485   -0.0166963264346   0.533003866673
0.16997499764   0.938933908939   0.299184978008
-0.299699902534   0.863838553429   0.404923349619
-0.176615670323   -0.467333376408   0.866259992123
0.937542974949   0.188102245331   0.292627185583
0.16092030704   0.747613430023   -0.644343733788
0.642580270767   -0.574890375137   -0.506548821926
-0.749129652977   -0.332528561354   -0.572913169861
-0.222914144397   0.427309840918   -0.87619382143
-0.909878373146   -0.413812696934   0.0296721123159
-0.34990093112   0.803844094276   0.48104467988
0.948682308197   0.185660511255   0.255992203951
-0.012214904651   0.830420970917   -0.557002544403
-0.315994679928   0.52529156208   0.790073513985
-0.0838237628341   -0.845082819462   -0.528023302555
-0.0280965566635   0.531681895256   -0.846477985382
0.996084392071   -0.0561193339527   -0.0683114975691
0.923610687256   -0.1053975299   0.368557482958
-0.104953832924   0.855190038681   0.507577300072
-0.368684053421   -0.507485330105   0.778800785542
-0.961459159851   -0.266579300165   -0.0673186406493
0.261602729559   -0.962302565575   0.0744163244963
-0.0846187546849   0.0539375171065   0.994952440262
0.206859111786   -0.159828349948   0.965227544308
0.244284182787   -0.946881353855   -0.209143325686
0.947382986546   0.279053032398   -0.156827494502
-0.338789731264   -0.242583543062   0.909051537514
0.837477207184   -0.518076300621   0.173864588141
0.42878139019   0.820213496685   0.378677129745
0.640049338341   0.490726262331   -0.591206073761
0.19072727859   -0.846857249737   -0.496443212032
-0.74428486824   0.204989016056   -0.635625302792
-0.328653633595   0.0870654433966   0.940428853035
0.812745034695   0.533272624016   0.234661012888
-0.481074094772   0.841451048851   -0.246023997664
0.764084935188   -0.261907339096   -0.589558124542
0.503894209862   -0.3283418715   0.798925697803
-0.4028211236   -0.90752196312   -0.118907481432
-0.990433037281   -0.0949606373906   0.100124299526
-0.0692631751299   -0.285454124212   -0.955886244774
0.119352459908   -0.95367628336   0.276145935059
0.744412124157   0.612123727798   0.266749113798
0.248089566827   -0.624449014664   0.740617990494
0.619921088219   -0.485147356987   -0.616708934307
-0.493230938911   0.396618813276   0.774220108986
-0.860856175423   -0.0945527777076   -0.499986380339
-0.125099346042   -0.913100898266   0.388068139553
0.386511862278   0.87409478426   -0.294222563505
-0.460817486048   -0.0933106392622   -0.88257598877
-0.798909127712   0.476709008217   0.366732478142
0.717835426331   0.67408645153   0.174125820398
0.591829538345   -0.722539484501   0.357315629721
0.366674423218   -0.153441011906   -0.917608678341
0.622687757015   -0.775277733803   0.105850927532
-0.738632798195   -0.537754774094   0.406498968601
-0.25822776556   -0.331306904554   -0.907498836517
0.473002463579   -0.840252637863   0.26503610611
-0.809847056866   -0.296155899763   0.506398439407
-0.34701064229   -0.454166442156   -0.820558607578
0.648690581322   -0.69564718008   -0.308667302132
0.0269186962396   -0.384353280067   0.922793567181
-0.76057600975   -0.606916427612   -0.230600446463
-0.161773458123   -0.565117716789   -0.808994054794
0.352592855692   0.732577204704   -0.582244753838
0.921687364578   -0.37943726778   0.0807449147105
0.888419449329   0.452305883169   0.0782957524061
0.320884764194   -0.489976763725   -0.810528039932
-0.328243523836   0.745212852955   -0.580442965031
-0.227455914021   0.793251633644   0.56481474638
0.62635910511   0.563289225101   -0.538868784904
-0.745612561703   0.231207937002   -0.624983847141
0.108873464167   -0.0751010105014   0.991214632988
0.881616711617   -0.453367739916   -0.131185561419
0.459236890078   0.888153970242   0.0168505907059
0.0672330707312   -0.679822981358   -0.730287909508
0.968184053898   0.221279844642   -0.116854101419
0.241038098931   -0.699196636677   0.673071086407
0.146758288145   -0.51482373476   -0.844641089439
0.982856690884   -0.0204434227198   0.183234199882
-0.111600667238   -0.857052266598   0.5029976964
-0.404386222363   0.34752163291   0.84599083662
0.522545397282   0.846944987774   -0.0981352925301
-0.750611841679   0.40238404274   -0.524088680744
-0.115551039577   -0.993072330952   0.021338544786
-0.964767336845   0.117317847908   0.235500618815
-0.236372545362   0.00662561133504   -0.971639931202
0.464618057013   0.185923412442   -0.865772783756
-0.230348929763   0.969426631927   0.0845658704638
0.855026006699   0.160139009356   0.493240386248
-0.810153782368   -0.370001852512   -0.454697102308
-0.378753125668   -0.261638730764   0.887745022774
-0.447433680296   0.89142793417   0.0718282386661
-0.697768747807   -0.143234997988   -0.70185649395
-0.33071410656   -0.80471432209   0.493014216423
-0.63541084528   0.576123774052   0.514134705067
0.0600406453013   -0.324351847172   -0.944029152393
0.672669351101   -0.685596287251   0.278340905905
-0.737503230572   -0.65173125267   0.177017912269
-0.900363385677   0.420870095491   0.110517464578
-0.435010701418   -0.864421486855   -0.252073764801
-0.0105566326529   -0.275034248829   0.961376488209
0.489479780197   -0.866339206696   0.099327288568
-0.540228903294   -0.211854174733   0.814414203167
-0.684516072273   -0.452298760414   -0.571719825268
-0.587527096272   -0.19133143127   -0.786259651184
-0.433202832937   -0.74631613493   0.505319237709
-0.683481693268   0.637498676777   0.355595618486
-0.343400150537   -0.888366341591   -0.304764717817
0.936345160007   -0.349068135023   -0.0375394150615
-0.0730348974466   -0.298256009817   0.951687574387
0.646452486515   0.356458902359   -0.674563705921
-0.548095881939   -0.398078918457   -0.735611379147
-0.530744791031   0.845263421535   -0.0619654506445
0.761723577976   -0.583659470081   0.281280577183
-0.520683288574   -0.809818148613   -0.270339548588
0.385572344065   0.0594659000635   -0.920759320259
-0.691251516342   -0.34582862258   -0.634487092495
-0.625640153885   -0.152939617634   0.764973104
-0.361587822437   0.92574942112   -0.11064453423
-0.896902561188   0.193271234632   0.397758752108
0.0960579589009   -0.792823493481   0.601833701134
0.43166962266   0.577994048595   0.692520201206
0.564519047737   0.149314656854   0.811802566051
-0.382049202919   -0.824544131756   0.417331248522
0.731680691242   -0.54573994875   -0.408425331116
-0.44496229291   -0.467137157917   0.764062464237
0.401231974363   -0.866745114326   -0.296252936125
0.800638139248   0.174744904041   0.573099255562
0.810005486012   0.130775511265   0.571654558182
0.170402511954   0.88026535511   -0.442827105522
-0.561118662357   0.456103742123   0.690735280514
-0.622771680355   0.531367599964   -0.574285566807
-0.0291432533413   -0.749246656895   -0.66164958477
-0.78186070919   -0.395320028067   0.482095360756
-0.590259075165   -0.382417678833   0.71088039875
-0.512763679028   0.85778772831   0.035687841475
-0.623432159424   -0.343448579311   -0.70240688324
0.566136419773   0.485692322254   -0.666027367115
0.0376492142677   -0.822372436523   -0.56770247221
-0.823451340199   0.29632166028   -0.483860939741
0.92804390192   0.354833006859   0.113261222839
0.337650984526   -0.929822862148   0.14636002481
0.157246246934   -0.097585760057   -0.982726097107
0.682765841484   0.730614960194   -0.00570530444384
0.303668648005   -0.27666130662   0.911725759506
0.664542078972   -0.624227762222   -0.410759747028
0.203708589077   -0.162291586399   -0.965486526489
0.796673357487   0.60067152977   0.0671218782663
0.569046914577   -0.782850682735   0.251655340195
-0.3153039217   0.281179368496   -0.906378269196
-0.251905977726   0.896035015583   0.36560177803
0.914946377277   0.343597769737   -0.21169257164
-0.165846452117   0.0724847912788   -0.983484089375
-0.0487312972546   -0.996679008007   -0.0652396529913
-0.984946787357   0.0371066890657   0.168827950954
0.553376436234   -0.832523703575   -0.0260544791818
0.287716299295   0.161702156067   0.94396597147
-0.781660974026   -0.529864788055   0.329012781382
0.171103030443   0.878474891186   -0.446100503206
0.393430024385   0.354192107916   0.848387181759
0.903292059898   -0.320670932531   -0.285015046597
-0.466260820627   -0.634689033031   0.61625534296
0.202205091715   -0.754631340504   -0.624215185642
0.861228168011   -0.166437119246   0.480192393064
0.167725801468   0.447707802057   -0.878308475018
0.813255012035   0.440732985735   0.379961520433
0.557211279869   -0.778018116951   -0.29017829895
0.259792685509   0.522409558296   -0.81215518713
0.371065974236   0.722456932068   0.583408951759
0.891525566578   -0.452928543091   -0.00615938799456
0.281144022942   0.249999940395   -0.926530122757
0.768773913383   -0.636555016041   0.0615171343088
-0.574408113956   -0.729587376118   -0.371157079935
0.948599934578   0.299656927586   -0.10180349648
0.23467862606   -0.881849050522   -0.408984392881
-0.212330311537   0.364071458578   -0.906844973564
0.754237532616   0.561090648174   0.341032326221
-0.03677540645   -0.482475697994   0.875137031078
0.655571043491   -0.672602772713   -0.343266934156
0.606652438641   0.046005629003   0.79363489151
0.334375679493   -0.920485258102   -0.202236965299
0.721225142479   0.388059735298   -0.573797762394
-0.736964166164   0.523192882538   -0.427963763475
-0.208694383502   0.42609089613   0.880280196667
0.64290779829   0.738048613071   -0.204826310277
-0.760562300682   -0.454275131226   -0.46387398243
0.400296211243   -0.89060151577   0.215851530433
-0.511182844639   -0.0215184669942   0.859202563763
0.035283010453   -0.983077645302   -0.179759576917
0.928697168827   -0.034189298749   0.369259655476
-0.369156777859   -0.179970800877   0.911775052547
-0.632730007172   0.558524847031   0.536379218102
-0.625448107719   0.0398075841367   -0.779249608517
-0.456582278013   -0.828532040119   0.324140876532
0.989602446556   -0.141809761524   0.0240212194622
0.0028116137255   -0.147906213999   -0.988997399807
0.143802374601   0.978781759739   -0.145969629288
-0.47285798192   -0.88062775135   0.0300018005073
-0.851068913937   0.447637319565   -0.274413108826
0.228225871921   -0.155292034149   -0.961143791676
0.108137756586   -0.982120037079   -0.154098883271
-0.0630682855844   0.147918239236   -0.986986637115
0.992133378983   0.116449266672   -0.0459450818598
0.344865769148   -0.28102889657   0.895594954491
-0.853697896004   0.302742063999   0.423729985952
-0.390214651823   -0.910697519779   -0.135508418083
0.367190688848   0.262803733349   -0.892247259617
0.440621823072   0.795650601387   0.415683180094
0.819160163403   -0.545778632164   0.176358446479
-0.426088452339   0.224283620715   0.876439094543
-0.8972042799   -0.229058533907   -0.377566814423
0.116073809564   -0.947221755981   0.298827409744
-0.769767224789   0.628046751022   0.114086575806
-0.623677551746   -0.778061747551   0.0751415491104
0.13595880568   -0.013311734423   0.990625083447
-0.5830514431   -0.756317436695   -0.296706795692
0.778528869152   -0.624530494213   0.0620846375823
-0.23225812614   -0.194796264172   0.952948331833
0.0323391035199   -0.742399513721   0.669176459312
0.861621856689   -0.318597793579   -0.395098954439
0.506519436836   0.589354217052   0.629364490509
0.98961186409   0.140835359693   0.0288755036891
-0.0588462390006   0.213560119271   0.975156009197
0.131169781089   -0.966725111008   0.219629257917
-0.766628623009   0.104839108884   -0.633473992348
0.0313400626183   0.991513907909   0.126166567206
0.641325473785   0.0768697857857   -0.763408601284
0.743685543537   -0.551182985306   -0.378324091434
-0.420085787773   -0.825509130955   0.37691193819
-0.520057439804   -0.121375404298   -0.845463335514
0.0895435214043   0.927568018436   -0.362766504288
0.885998904705   0.0921941548586   0.454429537058
0.454959273338   -0.362101942301   -0.81356883049
-0.415580779314   0.84767884016   -0.329747259617
0.906023681164   0.417725324631   -0.0680191144347
0.0800854116678   -0.327026247978   -0.941615700722
-0.961645781994   0.262042164803   -0.0810635834932
0.17844375968   0.373213022947   -0.910422921181
-0.208315208554   -0.889969646931   -0.405658513308
0.598399281502   0.729322195053   -0.331673741341
-0.799506247044   0.516678273678   -0.306322276592
-0.0520390048623   0.448478251696   0.892277538776
-0.643761515617   0.169386193156   -0.746243536472
-0.361971467733   0.791787087917   0.49198564887
0.6742015481   0.58684027195   -0.448409110308
-0.793555080891   0.473985135555   -0.381586760283
0.434592455626   0.0025465011131   -0.900623619556
-0.425910502672   -0.880529165268   -0.20801115036
-0.973808825016   -0.148533284664   0.172145962715
0.18666446209   -0.0899878665805   0.978293716908
-0.129818126559   0.984804570675   0.115356862545
-0.573131918907   0.520221829414   0.633157968521
0.694780290127   0.718172550201   0.0388397611678
-0.434511393309   0.462166011333   -0.773047506809
0.934059917927   0.357114106417   -0.00124578899704
-0.345059067011   0.901619255543   -0.26080057025
-0.0920123308897   0.244033232331   0.965391874313
0.997522890568   -0.0701333805919   -0.00541629595682
0.0217362958938   0.380558103323   -0.924501538277
0.0668996348977   0.922093749046   0.381139874458
-0.851990938187   -0.409257650375   0.326526522636
-0.511725723743   0.519107580185   -0.68459045887
0.11067147553   -0.750356912613   -0.651702642441
-0.344490259886   -0.796168029308   0.497436374426
-0.462856054306   -0.316949248314   -0.827832996845
0.816756248474   -0.515421807766   -0.259325265884
0.437802702188   0.307066351175   -0.845008313656
0.318437427282   0.825981795788   0.465136229992
0.840789139271   -0.472720175982   0.263835638762
0.155500054359   -0.411905735731   0.897860467434
-0.961731255054   -0.270697891712   0.0423754565418
0.225594237447   -0.870089828968   -0.438236147165
0.0352845080197   -0.600445628166   -0.79888677597
0.99835062027   0.0574031881988   0.000949846056756
0.0452883169055   -0.797602653503   0.601480662823
-0.996040999889   0.0123750315979   -0.0880294814706
0.0879702195525   -0.00525481440127   -0.996109247208
-0.0127894617617   -0.999909639359   0.00414537638426
-0.56323081255   -0.135855808854   0.815054774284
0.336047440767   0.863473117352   0.376146614552
-0.754879593849   0.485754430294   -0.440680652857
-0.832862198353   0.545134484768   0.0957546755672
0.00400900049135   -0.167058423162   0.985938847065
0.553465902805   0.821535050869   0.136951193213
-0.929220438004   -0.0133517971262   0.369284570217
0.269620418549   0.658888697624   0.702261030674
-0.252693861723   0.752121984959   -0.608652889729
-0.577592492104   0.168845266104   -0.798672735691
0.526201069355   -0.670982003212   -0.522394120693
-0.624098777771   -0.721993386745   0.298707604408
0.300738722086   -0.104653932154   0.947947144508
0.71982139349   -0.627129197121   -0.297600656748
0.625630378723   0.7718526721   -0.113269887865
-0.249355316162   -0.810089588165   -0.530638039112
-0.217065021396   0.580758690834   -0.784603118896
0.943771541119   -0.0804620087147   -0.320657402277
0.948134183884   -0.117632612586   0.295303404331
-0.233418211341   0.372962146997   0.89800620079
-0.215771824121   -0.920359611511   0.32616057992
0.999999582767   -0.000310789560899   0.000843738554977
0.000311186246108   0.999999821186   -0.000470066501293
-0.000843592337333   0.000470328872325   0.999999523163
0.896932661533   -0.403979629278   -0.179756104946
-0.275739252567   -0.828831017017   0.486833631992
-0.345658332109   -0.387091159821   -0.854798674583
0.865927934647   -0.500168144703   0.000804918818176
0.500167608261   0.865928292274   0.000761425413657
-0.00107784266584   -0.000256745232036   0.999999403954
