-0.514236784454   -0.772758230691   -0.372028555912
-0.0699682789073   0.470131427023   -0.879818663857
0.854789429896   -0.426404922843   -0.295827436716
-0.138542812353   -0.862113457819   0.487407709206
0.711635671043   0.255612227627   0.654398243264
-0.688752902603   0.437518885233   0.578097452182
0.770373882877   0.21785908636   -0.599217405514
0.258891216601   0.751967764468   0.606234129003
0.58266578632   -0.622159063014   0.522894522596
0.949743590251   -0.196906329458   0.24334134502
0.10231765567   0.929951972881   0.353157791182
-0.295834768266   -0.310511232572   0.903362919502
-0.609574189573   0.731089497981   -0.306475860954
0.40484288455   -0.0452907246669   -0.913263920829
-0.681558175239   -0.680776686   -0.268368324443
0.599009093399   -0.682643071353   0.418552915603
0.534365611731   0.730072847188   0.425965997233
-0.596356855436   -0.0314972210336   0.802101256726
0.228785643507   -0.949175358292   -0.216155658118
-0.819437705454   -0.0679058862455   -0.569131476456
0.525527331549   0.30733520759   -0.793325969555
0.947341125573   -0.195832042156   0.253366538958
-0.113335375546   -0.945041404061   -0.306678719934
0.29949938973   0.261813971888   -0.917471285477
-0.99380742026   0.0812218591087   0.0758275744001
-0.107463183143   -0.529013100431   -0.841781921783
-0.0282573124198   -0.844717792624   0.534465504143
-0.985984512052   0.0759662310967   -0.148538458748
0.0650462095122   0.994903355949   0.077047407161
0.153634412234   0.0663056864461   -0.985900615337
-0.890347268622   -0.220685506647   -0.398220602697
-0.454419837632   0.376949693824   0.807100699723
-0.0280062925724   0.899559245121   -0.435900002402
0.894884195298   0.0354428082433   -0.444888844938
-0.44360422692   0.180005224228   -0.877959799256
0.0489649554793   0.983026920585   0.176806409783
0.192637781051   0.685308449941   0.702312618249
-0.376192102407   0.712610209659   -0.592170744951
-0.906294757459   -0.150130002095   0.395083276124
-0.442623523721   0.803626632911   0.397829927387
0.864882563517   0.265452117635   0.426043805925
0.236775352544   0.53265317808   -0.81253801407
-0.839473441719   0.520970527208   0.154512298632
-0.484293317391   -0.84624517485   0.222101523575
0.246463635003   0.111619056724   0.962702894354
-0.0168711172669   0.598954758571   -0.800605122758
0.516335731436   0.690908407601   0.506006901879
0.856220052232   -0.404844129872   -0.320918140129
0.732916355709   -0.680150735978   0.0151192553277
0.666774613263   0.713735202924   -0.214461360656
0.13507490752   0.167263374516   0.976615447811
-0.217404033071   -0.918818048722   0.329406860504
-0.962225930837   0.258405916463   0.0857183782083
-0.163880274683   -0.298328301841   -0.94028904061
0.116284764333   0.922183600238   0.368856694443
0.869458871107   -0.274039791343   0.411027327819
0.480124072545   0.272909509201   -0.833667364571
0.916898826633   -0.011569251694   -0.398951994774
-0.0573559645548   -0.993023986124   -0.103022600978
-0.394977005722   0.117343578425   -0.911166093286
0.816289070346   0.127684194752   0.563355039069
-0.566379451513   -0.0147423714455   0.824012730113
0.113518591152   -0.991705303452   0.0602836675086
0.209653280518   -0.660506102545   -0.720955747927
0.976311353362   0.10107247792   0.191312559711
-0.0534943292688   -0.743986587721   0.666049783445
-0.505592463837   0.343673813342   -0.791368795527
-0.845739209815   -0.0160590029445   0.533354757554
0.170591469575   0.938951765772   0.298777730196
-0.299245689154   0.863777851755   0.405388505437
-0.17652433135   -0.467639433371   0.866113457232
0.937705272441   0.187619783536   0.29241689223
0.160926684375   0.747564844331   -0.644398483685
0.642315321636   -0.575048332827   -0.506705479056
-0.749355476292   -0.332364586611   -0.572712974987
-0.222572458235   0.426634965964   -0.876609437921
-0.909803395171   -0.413988535833   0.0295173564875
-0.350313121322   0.804111993454   0.480296386634
0.948962049411   0.185991435756   0.254712022887
-0.013324298396   0.830530234743   -0.55681414516
-0.315108698467   0.525001633334   0.790619879048
-0.0839443850519   -0.845797877275   -0.526857941969
-0.0276008766832   0.530494812244   -0.847238718301
0.996088114488   -0.0565791921141   -0.0678768236966
0.923294386636   -0.10495618847   0.369474862621
-0.105953219885   0.855020706756   0.50765490859
-0.369190182431   -0.50786197881   0.778315372889
-0.961553970147   -0.266098865857   -0.0678627739114
0.261149475568   -0.962477101275   0.0737480910395
-0.0849406493034   0.0531904419122   0.994965257175
0.206238903505   -0.160193648329   0.965299699428
0.24390134051   -0.946954404377   -0.209259389584
0.947616826981   0.278595317741   -0.156227392459
-0.338209192022   -0.242784981721   0.909213943515
0.837672856062   -0.517952513587   0.17328987243
0.428857468921   0.820232068576   0.378550690173
0.639908257483   0.491261498959   -0.590914174517
0.19105653597   -0.846530865861   -0.496873115803
-0.744321719465   0.205055194485   -0.635560811525
-0.327795955113   0.0865276423125   0.940777752143
0.812613909569   0.533741185149   0.234049100085
-0.481880115575   0.84120943551   -0.245271767274
0.764411167482   -0.262030564643   -0.589080257879
0.503448508969   -0.328182282021   0.799272161772
-0.402759439177   -0.907544143808   -0.118947304273
-0.990358068037   -0.0953092038024   0.100533838799
-0.0694748459183   -0.286140024203   -0.955665805778
0.119850502117   -0.95343591406   0.276759489309
0.744265452011   0.612104591827   0.267201994018
0.247976650407   -0.624732069666   0.74041705949
0.620142336723   -0.484806981999   -0.616754142595
-0.493463879444   0.396673819759   0.774043461572
-0.860671200657   -0.0943368891531   -0.500345516324
-0.125453114925   -0.913099354979   0.387957580017
0.386431440832   0.874212849731   -0.293977269362
-0.460682880491   -0.0931805411633   -0.882659997038
-0.799025672403   0.476517869669   0.366727002997
0.717651628498   0.674261006324   0.174207449512
0.591802449197   -0.722327698034   0.357788425996
0.36707765015   -0.153671051284   -0.917408963744
0.622425557704   -0.775630955297   0.10480003007
-0.73858718393   -0.537764984161   0.406568313502
-0.258989182884   -0.330462468362   -0.907589753222
0.473215787508   -0.840312239056   0.264465799953
-0.809701676694   -0.296613398171   0.506363196514
-0.347059091814   -0.453757460454   -0.820764371712
0.64844046683   -0.695553182679   -0.309403831655
0.0276732180213   -0.384627845398   0.922656823282
-0.760762219081   -0.606850220903   -0.230160064756
-0.161724969337   -0.564991158449   -0.809092099311
0.352398470418   0.73276262162   -0.582129073663
0.921770227519   -0.379267624813   0.0805960075243
0.888906858131   0.45133012266   0.0783946295775
0.320265552632   -0.489938961683   -0.810795775533
-0.327527973407   0.745829024781   -0.580055594259
-0.227332032936   0.793162246051   0.564990086852
0.626229905662   0.563377897468   -0.538926200791
-0.745758843096   0.231298499961   -0.624775761261
0.108620030236   -0.074306756624   0.991302272242
0.881630256982   -0.453511157337   -0.130597550304
0.459270921141   0.888147586886   0.0162506893153
0.0662295625209   -0.680043227098   -0.730174536893
0.968399405715   0.220151890036   -0.117199557697
0.240450069784   -0.699338512161   0.673134020347
0.147956596817   -0.514427569214   -0.844673381545
0.982666617712   -0.0199873793628   0.184300903692
-0.111692273205   -0.857300869415   0.502553534867
-0.404179090784   0.347349232969   0.846160607053
0.522192537613   0.847141150159   -0.0983200150951
-0.750968851708   0.402119860318   -0.523779917239
-0.114778522005   -0.993159745402   0.0214385400324
-0.96484434747   0.116590684095   0.23554616859
-0.236434506876   0.00635078692643   -0.971626672886
0.464866424308   0.185549428757   -0.865719710437
-0.229744767846   0.969580639717   0.0844436186679
0.855053535867   0.159639570828   0.493354495497
-0.810189426009   -0.369202987129   -0.455282602653
-0.379704755158   -0.261160235885   0.887479368832
-0.446561745891   0.891899369597   0.0714011317762
-0.697906328323   -0.143116262384   -0.701743893688
-0.331006071772   -0.804445179009   0.493257472746
-0.635107658068   0.576529001361   0.5140550294
0.0603272721581   -0.324209857038   -0.944059632033
0.672853710361   -0.685400478967   0.278377563546
-0.737311674048   -0.652007785254   0.176797464011
-0.900255712563   0.421151929639   0.110320914423
-0.435235919809   -0.864535003072   -0.251294493717
-0.0104568688469   -0.274244928167   0.961603022701
0.488822901777   -0.866685466923   0.0995413086252
-0.541105341769   -0.211716004292   0.813868135901
-0.684293197253   -0.451699717679   -0.572459767356
-0.587647496202   -0.191496461008   -0.786129458568
-0.432590862434   -0.746708372407   0.505264042176
-0.68376572446   0.636989569772   0.355961686217
-0.34416950633   -0.888224813988   -0.304309103919
0.936126223208   -0.349555191151   -0.0384559821391
-0.0722152694073   -0.298107108528   0.951796778052
0.646431035733   0.356164448894   -0.674739802728
-0.548635770457   -0.397576823088   -0.73548042878
-0.530212888768   0.845623766865   -0.0616014407041
0.76140881247   -0.583993124643   0.281440314566
-0.521099834593   -0.809608139394   -0.270165917567
0.385631407798   0.0590482090968   -0.920761492637
-0.691605843723   -0.345680242212   -0.634181777626
-0.625401537828   -0.152635098614   0.765229013534
-0.361322948914   0.925855116536   -0.110625628917
-0.89685683793   0.19265686718   0.398159696337
0.0965719417557   -0.793156664107   0.601312203641
0.431649941879   0.57774201657   0.692742729998
0.564131309068   0.150047106507   0.811937024626
-0.381282076549   -0.824887641507   0.417353994819
0.732379576608   -0.545019490218   -0.408134672688
-0.444595481003   -0.46716455233   0.764259209508
0.40130605178   -0.866687261346   -0.296321858499
0.800804789619   0.174958486693   0.572801201864
0.810147122402   0.130439392781   0.571530580874
0.170448250899   0.88039934004   -0.442543100524
-0.560900199526   0.455941407274   0.691019825551
-0.622186562081   0.53118633966   -0.57508691041
-0.0290342317822   -0.749740248794   -0.661094980107
-0.78233042594   -0.39462720623   0.481900895156
-0.589787609624   -0.383352674031   0.710768107647
-0.513394851418   0.857379410943   0.036418020666
-0.623358887056   -0.343425789662   -0.702483042445
0.566397052707   0.485514873834   -0.665935196525
0.0387397707366   -0.822835684632   -0.566957376052
-0.823221482256   0.295324809968   -0.484860441539
0.928072199249   0.354722423655   0.113375460911
0.337443306338   -0.929814080866   0.146893805283
0.15752462661   -0.0980702665378   -0.982633306393
0.683268024909   0.730144236653   -0.00584806116948
0.303420147092   -0.276637025305   0.911815864399
0.664139308033   -0.624789044329   -0.41055770558
0.203738774711   -0.161794416624   -0.96556360662
0.796566228981   0.600781302327   0.0674097145892
0.569186045618   -0.78286933362   0.251282414726
-0.315747279273   0.281034194289   -0.906268965193
-0.252004748702   0.895989263661   0.365645793134
0.91476623367   0.343835747189   -0.21208422075
-0.166050780246   0.073292220982   -0.98338974406
-0.0488126022539   -0.996622572285   -0.0660361891159
-0.98490835525   0.0370364517102   0.16906753977
0.554260386831   -0.831941156612   -0.0258715195777
0.286997036639   0.161843437823   0.944160686851
-0.781298998176   -0.530735916976   0.328468053059
0.171124380881   0.87858715361   -0.44587112463
0.392560223949   0.354272583023   0.848756388778
0.903666374743   -0.320274180085   -0.284273693347
-0.466371354422   -0.63384848421   0.617036351311
0.201539647755   -0.755331600076   -0.623583149475
0.861324288615   -0.16646402912   0.480010621603
0.168066205746   0.448081119948   -0.878052994091
0.813572225167   0.439922300871   0.380221782165
0.556645295429   -0.778261960488   -0.290610281881
0.259865054909   0.522587177365   -0.812017730897
0.371361596744   0.722152618223   0.583597601483
0.891381353687   -0.453208823885   -0.00640657883761
0.281153176639   0.24957088371   -0.926643008537
0.768848959307   -0.636430349078   0.0618683161671
-0.574303203054   -0.729842986386   -0.370816728567
0.948644259744   0.299601679395   -0.101552460135
0.234723898492   -0.88184278413   -0.408971876239
-0.212081965127   0.364132033447   -0.906878769344
0.75445028497   0.560954682023   0.340785287571
-0.0363474494523   -0.48270345159   0.875029279934
0.655350006048   -0.672552765617   -0.343786484658
0.606466106678   0.0460369348191   0.793775448149
0.334534048657   -0.920433560353   -0.20221036389
0.721308416518   0.388178646512   -0.573612679996
-0.736864389332   0.523226917474   -0.42809399034
-0.209336505739   0.425519270288   0.880404212835
0.642813424797   0.738354212722   -0.204019502637
-0.760557212447   -0.453793357924   -0.464353652832
0.399975735322   -0.890838873328   0.215465804529
-0.51144123587   -0.0218561220708   0.859040262258
0.0348807514877   -0.983143240112   -0.179478975364
0.92849286707   -0.0345563381366   0.369738901516
-0.369708437793   -0.179541719154   0.911636134709
-0.633042252218   0.558128099655   0.53642383549
-0.625187170873   0.0400343063747   -0.779447404055
-0.456506854583   -0.828788440248   0.323591120135
0.989697182985   -0.141163135598   0.0239260347569
0.00271918698293   -0.14854673955   -0.988901649403
0.143150592081   0.978778236025   -0.146632440714
-0.472289805938   -0.880963513404   0.0290796708605
-0.851109803127   0.447208072753   -0.274985531774
0.229247556645   -0.154622856378   -0.96100849635
0.108759656917   -0.982039777295   -0.154172672151
-0.0624658570732   0.148034550729   -0.987007491608
0.992103499504   0.116977124265   -0.0452437694195
0.344524838014   -0.281205224117   0.895670842397
-0.853833362701   0.302718882034   0.423473573201
-0.39021945714   -0.910650811447   -0.13580822832
0.367157421149   0.263204449001   -0.892142839528
0.440490241236   0.795561837751   0.415992439463
0.819245857769   -0.545714925891   0.176157441478
-0.426400711424   0.224741827172   0.876169814828
-0.897105016433   -0.228967190407   -0.377857929926
0.115693659238   -0.947135226267   0.299248793441
-0.770124793624   0.627622255012   0.114009241994
-0.623244748927   -0.778406575396   0.075161069146
0.135918303331   -0.0131722585374   0.990632477978
-0.58352853674   -0.756028098867   -0.296506257157
0.778345024192   -0.624828572093   0.0613863080221
-0.231675355027   -0.194963507404   0.953056011289
0.0320937840038   -0.7427135183   0.668839755669
0.861500750547   -0.318721664935   -0.395263149191
0.506741004692   0.588891441639   0.629619269185
0.98960295012   0.140876162412   0.0289811659248
-0.0589655159296   0.21360449554   0.975139060553
0.131183341341   -0.966709380501   0.219690474544
-0.766935629284   0.104470956179   -0.633163138417
0.0312780748919   0.991572375911   0.125721538973
0.640961326888   0.0766162035443   -0.763739834491
0.744142401628   -0.551063713526   -0.37759882115
-0.420232988071   -0.825555980614   0.376645136182
-0.519284432499   -0.121598135296   -0.845906361045
0.0887460643422   0.927603178244   -0.362872539297
0.886076806829   0.0928825421639   0.454137342398
0.454963766099   -0.361835842715   -0.81368470212
-0.415251169943   0.847679571577   -0.330160278945
0.906175765957   0.417381911295   -0.0681015514923
0.0800746342669   -0.327462492594   -0.941465012038
-0.961577764726   0.262220909425   -0.0812920478568
0.178865927036   0.373762834459   -0.910114456386
-0.208267094208   -0.889686202117   -0.406304416949
0.597695259387   0.729438291676   -0.332686271949
-0.800070290561   0.51605045167   -0.305907602869
-0.0514578183432   0.449011926309   0.892042814535
-0.643752678726   0.168824002557   -0.746378553278
-0.361239136487   0.792798939426   0.490893193999
0.674602679288   0.585634952684   -0.449380604045
-0.793866039121   0.473539907669   -0.381492683776
0.434847393411   0.0035424400534   -0.900497193534
-0.425069942919   -0.880765239416   -0.20872981738
-0.973897987197   -0.148712590209   0.171485498065
0.186082287138   -0.0904441161908   0.978362532122
-0.129984972004   0.984735714474   0.115756121624
-0.572878033831   0.519972149432   0.633592710003
0.694505449566   0.718465796039   0.0383285852083
-0.435284893922   0.461991194437   -0.772716764013
0.933974702605   0.35733281777   -0.00212420301591
-0.345555346731   0.901645564047   -0.260051493323
-0.091009654648   0.243615545848   0.965592413279
0.997508711528   -0.0703270157452   -0.00552098554894
0.0216989997871   0.380359615245   -0.924584077571
0.0671231989203   0.922160872054   0.38093805562
-0.851953330819   -0.408985916549   0.326964894402
-0.511764649819   0.518267072107   -0.685197916784
0.11078115951   -0.751085722161   -0.650843892699
-0.343989433442   -0.796010392326   0.498034863226
-0.462447861829   -0.317994044027   -0.827660415299
0.817198412119   -0.515021594956   -0.258726712882
0.437478400198   0.307486729546   -0.845023408264
0.317768800791   0.826226195694   0.465159395039
0.84121081698   -0.472019263063   0.263746424987
0.155284195205   -0.411834305007   0.897930578574
-0.961883107999   -0.270147421693   0.042441219348
0.225094880587   -0.870294706276   -0.438086086245
0.034274943504   -0.600620723164   -0.798799083095
0.998361121621   0.0572279119796   -0.000192162010933
0.0458290201027   -0.797483362207   0.601597862297
-0.99598141166   0.0130232397283   -0.0886082550068
0.0885441582835   -0.00541968820456   -0.996057507885
-0.0134521248228   -0.999900506154   0.00424477690886
-0.56263094737   -0.13654566012   0.815353726774
0.336369643202   0.863125480425   0.376656167045
-0.755183342105   0.486178658256   -0.439691291775
-0.832794568134   0.545285968432   0.0954799451029
0.00379058125808   -0.166855521415   0.985974069876
0.553569181566   0.821475774204   0.136889421125
-0.929232887703   -0.0129531734756   0.369267458231
0.26969865165   0.659343260252   0.701804176718
-0.252564601062   0.751730457316   -0.609189988291
-0.577749499235   0.16894167694   -0.798538806775
0.526511817552   -0.670440261196   -0.522776397847
-0.623691287506   -0.722473920609   0.298396735787
0.301491798544   -0.104180516433   0.947760051599
0.7197076014   -0.627126394316   -0.297881610778
0.625398803883   0.771918976025   -0.114093954942
-0.248761571557   -0.8100991666   -0.530902082111
-0.218258934597   0.580919809822   -0.784152543849
0.943652858834   -0.0791928963311   -0.32132190586
0.947990095452   -0.117874466068   0.295669391677
-0.233621640064   0.373226331213   0.897843547052
-0.216184431029   -0.920221558071   0.326276839267
0.999998674867   0.000253124497525   0.00160816399574
-0.000251103980846   0.99999917909   -0.0012564897841
-0.00160848072393   0.0012560843027   0.999997917519
0.896893959218   -0.404008266099   -0.179884815485
-0.275939495166   -0.829094844277   0.486270638843
-0.345598930736   -0.386495873351   -0.855091994441
0.865731952164   -0.500507202904   0.000852550880468
0.50050705106   0.865732368082   0.000398364960513
-0.000937465424779   8.18304521228e-05   0.999999557231
