-0.514321982861   -0.772988140583   -0.371432691813
-0.0695837140083   0.46929448843   -0.880295872688
0.854769587517   -0.426909834146   -0.295155853033
-0.13914065063   -0.862196564674   0.487090289593
0.711742281914   0.254922509193   0.654551327229
-0.688522160053   0.437757462263   0.578191697598
0.770927011967   0.217921853065   -0.598482728004
0.258110761642   0.752139627934   0.606353700161
0.582280337811   -0.62192928791   0.523596823215
0.949403226376   -0.19726587832   0.244376048446
0.102217391133   0.92984265089   0.353474527597
-0.296959757805   -0.310610383749   0.902959644794
-0.609599769115   0.730650305748   -0.30747076869
0.405068278313   -0.0462960153818   -0.913113534451
-0.681401371956   -0.681180477142   -0.267741203308
0.599178016186   -0.682772040367   0.418100506067
0.534546494484   0.729942023754   0.425963282585
-0.596024930477   -0.0317336991429   0.802338600159
0.2288056463   -0.949169874191   -0.216158643365
-0.81931000948   -0.0678475424647   -0.569322228432
0.525717675686   0.307365089655   -0.793188273907
0.947321236134   -0.195805415511   0.253461420536
-0.113162741065   -0.944943726063   -0.307043284178
0.299627512693   0.262186259031   -0.917323112488
-0.993844211102   0.0811715275049   0.0753978267312
-0.10706012696   -0.528654873371   -0.842058300972
-0.0284917280078   -0.844946861267   0.534090816975
-0.986045598984   0.0765696838498   -0.147821336985
0.0658391043544   0.99491840601   0.0761746093631
0.152902841568   0.065379217267   -0.986076176167
-0.890103876591   -0.220378264785   -0.398934215307
-0.454920679331   0.376586943865   0.80698788166
-0.0276091769338   0.899786472321   -0.435456126928
0.894655942917   0.0346163176   -0.44541272521
-0.443968802691   0.180078625679   -0.877760410309
0.0498244799674   0.983042955399   0.176476985216
0.192679166794   0.685378730297   0.702232718468
-0.376230567694   0.712550401688   -0.592218279839
-0.906269967556   -0.150093272328   0.395154029131
-0.442659556866   0.803708910942   0.397623598576
0.865058898926   0.266024112701   0.425328463316
0.236062809825   0.532243549824   -0.813013613224
-0.839347541332   0.521224498749   0.154339849949
-0.484789043665   -0.846186339855   0.221242576838
0.245917320251   0.110877126455   0.962928295135
-0.0173521600664   0.598597407341   -0.800862073898
0.516170084476   0.691356003284   0.505564332008
0.85631030798   -0.404608398676   -0.320974618196
0.73330450058   -0.679723262787   0.0155158853158
0.666468858719   0.714117109776   -0.214140072465
0.134475842118   0.167370736599   0.976679742336
-0.218191727996   -0.918585598469   0.329534351826
-0.961965680122   0.259312331676   0.0859018713236
-0.164360538125   -0.298257648945   -0.940227627754
0.116458579898   0.922363817692   0.368350923061
0.868999540806   -0.274209171534   0.411884874105
0.480912923813   0.272129237652   -0.833467721939
0.916936695576   -0.0117626851425   -0.398859232664
-0.0572395473719   -0.993105351925   -0.102300390601
-0.394905894995   0.11663351208   -0.9112880826
0.81605476141   0.128181755543   0.56358140707
-0.566631197929   -0.0148065472022   0.823838472366
0.113945759833   -0.991640150547   0.0605488345027
0.20995798707   -0.660808861256   -0.720589518547
0.976247429848   0.101388901472   0.191471353173
-0.0534661971033   -0.743674576283   0.666400372982
-0.505442619324   0.343769699335   -0.791422843933
-0.845934867859   -0.016645854339   0.533026337624
0.170064389706   0.938906431198   0.299220323563
-0.299674510956   0.863860964775   0.404894292355
-0.176588073373   -0.467290759087   0.866288602352
0.937556326389   0.188105106354   0.292582690716
0.160928815603   0.747630000114   -0.644322395325
0.642570376396   -0.574884712696   -0.506567776203
-0.749136328697   -0.332501113415   -0.572920382023
-0.222909197211   0.427408337593   -0.876147031784
-0.909892559052   -0.413783848286   0.0296397097409
-0.349867224693   0.803806602955   0.481131881475
0.948632717133   0.185655400157   0.256179749966
-0.0120977926999   0.830416858196   -0.557011246681
-0.316148132086   0.525299847126   0.790006577969
-0.0837619751692   -0.845028579235   -0.52811986208
-0.0281205717474   0.531775712967   -0.846418201923
0.996088922024   -0.0560466274619   -0.0683052688837
0.92361831665   -0.10542729497   0.368529886007
-0.104905284941   0.855201423168   0.507568120956
-0.368678808212   -0.507459938526   0.778819859028
-0.961440980434   -0.266629636288   -0.06737883389
0.26163738966   -0.962281823158   0.0745626837015
-0.0847180485725   0.0540587976575   0.994937419891
0.206930696964   -0.159775659442   0.965220928192
0.244301706553   -0.946883022785   -0.209115207195
0.947362840176   0.279077470303   -0.156905695796
-0.338791966438   -0.242555886507   0.909058094025
0.837490618229   -0.518044531345   0.173894628882
0.428753435612   0.820241749287   0.378647595644
0.640019595623   0.49068954587   -0.591268658638
0.19068403542   -0.846883058548   -0.4964158535
-0.744321465492   0.204970389605   -0.635588467121
-0.32871478796   0.0871523171663   0.94039940834
0.812749624252   0.533259570599   0.23467476666
-0.48102453351   0.841450333595   -0.246123313904
0.764053583145   -0.261930286884   -0.589588522911
0.503901958466   -0.328388988972   0.798901438713
-0.402870863676   -0.907498300076   -0.118919610977
-0.99044251442   -0.0948996990919   0.100088410079
-0.0692557767034   -0.285372465849   -0.955911159515
0.119278155267   -0.953706800938   0.276072651148
0.744433701038   0.612092614174   0.266760379076
0.248101577163   -0.624498009682   0.740572631359
0.619890391827   -0.485123544931   -0.616758525372
-0.493257373571   0.396573424339   0.774226486683
-0.860844612122   -0.0945634618402   -0.500004351139
-0.125074893236   -0.913119494915   0.388032227755
0.386479496956   0.874091386795   -0.294275164604
-0.460778266191   -0.0934021621943   -0.88258677721
-0.798947393894   0.476697295904   0.366664290428
0.717889726162   0.674038052559   0.174089223146
0.591785907745   -0.722573876381   0.357318341732
0.366638481617   -0.153491616249   -0.917614579201
0.622651398182   -0.775303423405   0.105876594782
-0.738667666912   -0.537719130516   0.406482726336
-0.25821557641   -0.33130466938   -0.907503128052
0.472959131002   -0.840276479721   0.265037804842
-0.809865891933   -0.296117782593   0.506390690804
-0.34702578187   -0.454147160053   -0.820562899113
0.648665785789   -0.695688605309   -0.308626174927
0.0268639456481   -0.384332448244   0.92280381918
-0.760599136353   -0.606882154942   -0.230614364147
-0.161765575409   -0.565135776997   -0.80898296833
0.352584034204   0.732570171356   -0.582258939743
0.92169213295   -0.37942391634   0.080753237009
0.888393044472   0.452362060547   0.0782709717751
0.32090473175   -0.489982783794   -0.810516536236
-0.328295499086   0.745174765587   -0.58046245575
-0.22749915719   0.793292164803   0.564740359783
0.626380860806   0.563256561756   -0.538877606392
-0.74558109045   0.231148347259   -0.625043451786
0.108954131603   -0.0750792697072   0.991207420826
0.88160598278   -0.45337074995   -0.131247371435
0.459238380194   0.888154327869   0.0167937185615
0.0672859624028   -0.679861605167   -0.730247080326
0.968168497086   0.221343368292   -0.116862796247
0.241085872054   -0.699138998985   0.673113882542
0.146684587002   -0.514855027199   -0.844634771347
0.982873439789   -0.0204310044646   0.183145880699
-0.111550316215   -0.857033789158   0.50304043293
-0.404351651669   0.347532778978   0.846002757549
0.522612273693   0.846905708313   -0.0981183052063
-0.7505838871   0.402457118034   -0.52407258749
-0.115611679852   -0.993067622185   0.0212275572121
-0.964740633965   0.117349877954   0.235594063997
-0.236451894045   0.00675833737478   -0.971619665623
0.464637815952   0.185923576355   -0.865762174129
-0.230416610837   0.969414293766   0.0845228657126
0.854996979237   0.160213455558   0.493266433477
-0.810183882713   -0.37006226182   -0.454594373703
-0.378634095192   -0.261640965939   0.88779515028
-0.447479993105   0.891402244568   0.0718591064215
-0.697812914848   -0.143234670162   -0.701812684536
-0.33065277338   -0.80474203825   0.493010103703
-0.635394275188   0.576085090637   0.514198422432
0.0600224658847   -0.324375629425   -0.944022119045
0.672647893429   -0.685612976551   0.278351664543
-0.737524330616   -0.651701807976   0.177038401365
-0.900376141071   0.420822262764   0.11059563607
-0.434985250235   -0.864407360554   -0.252166062593
-0.0105174090713   -0.275151759386   0.961343288422
0.489484578371   -0.866340637207   0.0992913991213
-0.540173768997   -0.211855247617   0.814450502396
-0.684556186199   -0.452295571566   -0.571674346924
-0.587585330009   -0.191278100014   -0.786229074001
-0.433254182339   -0.746267557144   0.505346953869
-0.68339908123   0.637571454048   0.355623871088
-0.343317955732   -0.888414204121   -0.304717808962
0.936377644539   -0.348982512951   -0.0375239886343
-0.0730043500662   -0.298213630915   0.951703190804
0.646423101425   0.3565081954   -0.674565851688
-0.548045694828   -0.398156106472   -0.735606968403
-0.530832409859   0.845206260681   -0.0619945079088
0.761741280556   -0.583640515804   0.281272083521
-0.520652592182   -0.809828996658   -0.270366191864
0.38557896018   0.0595040656626   -0.920754134655
-0.691248714924   -0.345849454403   -0.634478807449
-0.625654935837   -0.152885228395   0.764971911907
-0.361567527056   0.925750672817   -0.110700696707
-0.896894454956   0.19328546524   0.397770166397
0.0960694476962   -0.792803049088   0.601858794689
0.431683957577   0.578017354012   0.692491829395
0.56458979845   0.149224683642   0.811769902706
-0.382113814354   -0.824515044689   0.417329549789
0.731592357159   -0.545808494091   -0.408491969109
-0.444957256317   -0.467136532068   0.764065742493
0.401253968477   -0.866740107536   -0.29623773694
0.800629913807   0.174771293998   0.573102712631
0.809963822365   0.130839154124   0.571698963642
0.170395255089   0.880248188972   -0.4428640306
-0.561180949211   0.456118613482   0.690674841404
-0.622845172882   0.531340539455   -0.574230909348
-0.0291516371071   -0.749239265919   -0.661657571793
-0.781801819801   -0.395370453596   0.482149511576
-0.590325891972   -0.382307589054   0.710884153843
-0.512708723545   0.857825398445   0.0355725027621
-0.623414099216   -0.343477129936   -0.702408969402
0.566126167774   0.485730141401   -0.666008532047
0.0375950969756   -0.822323858738   -0.567776441574
-0.823460817337   0.296394437551   -0.483800143003
0.928043663502   0.354845672846   0.113223418593
0.337667882442   -0.929817199707   0.146357044578
0.157211244106   -0.0975938215852   -0.982730925083
0.682780265808   0.73060131073   -0.00572707597166
0.303659945726   -0.276637107134   0.911736011505
0.664531230927   -0.624254405499   -0.410736739635
0.203804314137   -0.162345901132   -0.965457201004
0.796656489372   0.600689291954   0.067162565887
0.569036245346   -0.782825767994   0.251756995916
-0.315244168043   0.281171917915   -0.906401395798
-0.251963347197   0.896025538445   0.365585505962
0.914951145649   0.343628615141   -0.211621791124
-0.165845274925   0.0724362432957   -0.983487844467
-0.0486284978688   -0.99668610096   -0.0652081146836
-0.984952092171   0.0370110757649   0.16881814599
0.55333250761   -0.832550883293   -0.0261173546314
0.287823736668   0.161682739854   0.943936526775
-0.781652510166   -0.529827952385   0.329092234373
0.171167075634   0.878496170044   -0.44603395462
0.393412649632   0.354114472866   0.848427593708
0.903287470341   -0.320698291063   -0.284998774529
-0.466222018003   -0.634736895561   0.616235375404
0.202185317874   -0.75458663702   -0.624275624752
0.861253798008   -0.166457295418   0.480139404535
0.167774945498   0.447717279196   -0.878294289112
0.813214063644   0.440756350756   0.380022019148
0.557256221771   -0.777999401093   -0.290142118931
0.259809404612   0.522432029247   -0.812135398388
0.370990633965   0.722472965717   0.583437025547
0.89155203104   -0.452877044678   -0.00611209776253
0.281152546406   0.249986663461   -0.926531136036
0.768772184849   -0.636555612087   0.0615325570107
-0.574406266212   -0.729591369629   -0.37115201354
0.948602974415   0.299634337425   -0.101841233671
0.234657794237   -0.881882727146   -0.408923655748
-0.21233959496   0.364008337259   -0.906868159771
0.754229009151   0.561087727547   0.341055959463
-0.0368113145232   -0.482468754053   0.875139296055
0.655578792095   -0.672610163689   -0.343237549067
0.606694161892   0.0459370724857   0.793606936932
0.334369271994   -0.920465528965   -0.202337428927
0.721193015575   0.388114720583   -0.573800981045
-0.736988425255   0.523232936859   -0.427873075008
-0.20860221982   0.426057130098   0.880318403244
0.642909944057   0.738039731979   -0.20485162735
-0.76057434082   -0.454298764467   -0.463831096888
0.400334775448   -0.890589118004   0.215831130743
-0.51113474369   -0.0215320941061   0.859230875969
0.0353129506111   -0.98307543993   -0.179765462875
0.928697109222   -0.0341637432575   0.369262099266
-0.36915397644   -0.17998740077   0.91177290678
-0.632744312286   0.558514535427   0.536373138428
-0.625466167927   0.0397521220148   -0.779237985611
-0.456537693739   -0.828541636467   0.324179023504
0.989608407021   -0.141776949167   0.0239683873951
0.00277467397973   -0.147831529379   -0.989008665085
0.143761917949   0.978797793388   -0.145901933312
-0.47291752696   -0.880594313145   0.0300442315638
-0.851066589355   0.447700679302   -0.274316877127
0.228111058474   -0.155298903584   -0.96116989851
0.108097210526   -0.982124984264   -0.154095798731
-0.063090659678   0.147914409637   -0.986985743046
0.992136359215   0.116412416101   -0.0459737740457
0.344878196716   -0.281109958887   0.895564734936
-0.853681981564   0.302727222443   0.423772752285
-0.390238583088   -0.910677433014   -0.135574489832
0.367304176092   0.262731492519   -0.892221808434
0.440631002188   0.795642912388   0.415688186884
0.819104373455   -0.545824587345   0.176475331187
-0.426134198904   0.224179014564   0.876443624496
-0.897173821926   -0.229101061821   -0.377613335848
0.116141177714   -0.94723623991   0.298755347729
-0.769761621952   0.628050506115   0.114103324711
-0.623680233955   -0.778058648109   0.0751516446471
0.135978102684   -0.0133151328191   0.990622341633
-0.583041250706   -0.756331980228   -0.296689778566
0.778520226479   -0.624532878399   0.0621686019003
-0.232312619686   -0.194732129574   0.952948212624
0.0323939695954   -0.742347061634   0.669232010841
0.861605226994   -0.318610459566   -0.395125061274
0.506544232368   0.589413464069   0.629289031029
0.989618837833   0.140774458647   0.0289332196116
-0.0588957034051   0.213606029749   0.97514295578
0.131094902754   -0.96672385931   0.219679564238
-0.766564905643   0.104933202267   -0.633535504341
0.0313407070935   0.991496741772   0.126301109791
0.641401588917   0.0769625529647   -0.763335287571
0.743604063988   -0.551249146461   -0.3783878088
-0.420051783323   -0.825454235077   0.377070099115
-0.520201385021   -0.121448390186   -0.845364332199
0.0895948559046   0.927542448044   -0.362819254398
0.885976016521   0.0921932607889   0.454474359751
0.454993724823   -0.362167716026   -0.813520252705
-0.415562659502   0.847678899765   -0.329769819975
0.906027019024   0.417726933956   -0.0679647251964
0.0801414772868   -0.327023983002   -0.941611707211
-0.961660146713   0.261995375156   -0.0810445770621
0.17841245234   0.373242408037   -0.910417020321
-0.208275750279   -0.889971077442   -0.405675560236
0.598401486874   0.729374349117   -0.331554979086
-0.799497127533   0.516665637493   -0.306367367506
-0.0521534457803   0.448407948017   0.892306208611
-0.643774747849   0.169495075941   -0.746207356453
-0.362030923367   0.791655898094   0.492152929306
0.674156963825   0.586985826492   -0.448285639286
-0.793539464474   0.473992973566   -0.381609469652
0.434592634439   0.00248922035098   -0.900623679161
-0.425939381123   -0.880525112152   -0.207969158888
-0.973798155785   -0.148477390409   0.172254636884
0.186763420701   -0.0899602398276   0.97827732563
-0.129756003618   0.98481553793   0.115333259106
-0.573162734509   0.520263075829   0.633096218109
0.694793343544   0.718159198761   0.0388534478843
-0.434449851513   0.462140381336   -0.773097395897
0.934046328068   0.357149899006   -0.00119371281471
-0.345079898834   0.901608228683   -0.260811209679
-0.0920724347234   0.24402166903   0.965389072895
0.99752753973   -0.0700620785356   -0.00548867834732
0.021643338725   0.380578011274   -0.924495518208
0.0668609440327   0.922090947628   0.381153404713
-0.852001965046   -0.40927875042   0.32647138834
-0.511708438396   0.51919066906   -0.684540390968
0.110666945577   -0.750287890434   -0.651782870293
-0.344487994909   -0.796205461025   0.497378021479
-0.462796777487   -0.316926687956   -0.827874779701
0.816790759563   -0.515377879143   -0.259303897619
0.437865406275   0.306993693113   -0.845002233982
0.318538963795   0.825945258141   0.465131521225
0.84071803093   -0.472831130028   0.263863414526
0.155506670475   -0.411921471357   0.897852122784
-0.961713910103   -0.270764172077   0.0423447862267
0.225663453341   -0.87006175518   -0.438256233931
0.0354071259499   -0.600419521332   -0.798900961876
0.99834728241   0.0574594661593   0.00106248655356
0.0452664829791   -0.797618210316   0.601461708546
-0.996045172215   0.0123436702415   -0.0879867002368
0.0879276990891   -0.00524490140378   -0.996113061905
-0.0127571728081   -0.999910056591   0.0041388082318
-0.563341259956   -0.135769844055   0.814992785454
0.33603605628   0.863487303257   0.376124233007
-0.75480222702   0.485753238201   -0.440814435482
-0.832842051983   0.545159161091   0.0957892760634
0.00401928927749   -0.167096719146   0.985932290554
0.55349612236   0.821510910988   0.136974021792
-0.929238200188   -0.0133665734902   0.369239300489
0.269595474005   0.658834218979   0.702321708202
-0.252655118704   0.752169370651   -0.608610391617
-0.577604055405   0.168818071485   -0.798670113087
0.526201307774   -0.670990765095   -0.522382616997
-0.624087929726   -0.721991598606   0.298734724522
0.300691485405   -0.104680776596   0.947959184647
0.7198600173   -0.627091407776   -0.297586858273
0.625608682632   0.771879732609   -0.113205544651
-0.249354839325   -0.810095250607   -0.530629694462
-0.217006012797   0.580745398998   -0.784629285336
0.943785250187   -0.0805012881756   -0.320607215166
0.948147833347   -0.117641352117   0.295256078243
-0.233369976282   0.372964113951   0.898017942905
-0.215763956308   -0.920357704163   0.326171159744
0.999999523163   -0.000336201163009   0.000897615624126
0.000336661963956   0.999999821186   -0.000513274047989
-0.000897442863788   0.000513576029334   0.999999463558
0.896904051304   -0.404004365206   -0.179843083024
-0.27566665411   -0.828769445419   0.486979603767
-0.345790356398   -0.387197256088   -0.854697227478
0.865914881229   -0.500190615654   0.000855153426528
0.500190019608   0.865915298462   0.000830139208119
-0.00115571822971   -0.000291090691462   0.999999284744
