-0.514304161072   -0.773020625114   -0.371389776468
-0.0695555359125   0.469224572182   -0.880335330963
0.854782581329   -0.426927924156   -0.295092016459
-0.139226749539   -0.86216789484   0.487116485834
0.711739718914   0.254889130592   0.654567122459
-0.688507437706   0.437833398581   0.578151762486
0.771027803421   0.217916041613   -0.598354995251
0.258047372103   0.752104103565   0.606424689293
0.582174956799   -0.621974289417   0.523660540581
0.94938147068   -0.197197392583   0.244515866041
0.102087147534   0.929838418961   0.353523313999
-0.297074109316   -0.310666561127   0.902902662754
-0.609590053558   0.730637550354   -0.30752030015
0.404968798161   -0.0464621298015   -0.913149237633
-0.681469202042   -0.681182801723   -0.267562568188
0.599139988422   -0.682793557644   0.418119847775
0.534551680088   0.729922413826   0.425990402699
-0.596058547497   -0.031721226871   0.802314162254
0.228808581829   -0.949159324169   -0.216201782227
-0.819288671017   -0.0678118467331   -0.569357156754
0.525749623775   0.307405501604   -0.793151438236
0.94732517004   -0.19583787024   0.253421753645
-0.113192148507   -0.944925963879   -0.307086974382
0.299604058266   0.262225866318   -0.917319476604
-0.993855237961   0.0811066627502   0.0753221064806
-0.106961756945   -0.528670489788   -0.842060983181
-0.0284761823714   -0.844943344593   0.534097254276
-0.986047148705   0.0766093209386   -0.147790595889
0.0658947527409   0.994921445847   0.076086871326
0.152869001031   0.0652866140008   -0.986087560654
-0.890090107918   -0.220336288214   -0.398988157511
-0.454950213432   0.376555532217   0.806985914707
-0.0275670699775   0.899809896946   -0.435410410166
0.894623458385   0.0345840640366   -0.445480465889
-0.444026201963   0.180145338178   -0.877717733383
0.049896184355   0.983031868935   0.176518470049
0.192675948143   0.685373961926   0.7022382617
-0.376207858324   0.712557733059   -0.59222394228
-0.906280100346   -0.150080233812   0.39513579011
-0.442670375109   0.803704440594   0.397620558739
0.865056693554   0.266040474176   0.425322711468
0.236050590873   0.532242119312   -0.813018143177
-0.83934867382   0.521237373352   0.154289960861
-0.484837919474   -0.846189141273   0.221124619246
0.245816901326   0.110795035958   0.962963402271
-0.0173278357834   0.598533987999   -0.800909996033
0.516132354736   0.691406667233   0.505533635616
0.856333553791   -0.404615730047   -0.320903331041
0.733350992203   -0.679670333862   0.0156391430646
0.666440010071   0.714148759842   -0.214124515653
0.134365409613   0.167450979352   0.976681172848
-0.218231379986   -0.918583869934   0.329512894154
-0.961943566799   0.259371638298   0.0859702676535
-0.164437189698   -0.298211395741   -0.940228879452
0.116463027894   0.922380506992   0.368307620287
0.868961691856   -0.274214714766   0.411961078644
0.480980247259   0.2720669806   -0.833449184895
0.91696447134   -0.0117585631087   -0.398795604706
-0.0572164952755   -0.993108987808   -0.102277845144
-0.394844889641   0.116602838039   -0.911318421364
0.816028654575   0.128238722682   0.563606321812
-0.566661417484   -0.0147929815575   0.823817908764
0.113982774317   -0.99163299799   0.0605964399874
0.209975585341   -0.66086602211   -0.720532000065
0.976245284081   0.101439416409   0.191455498338
-0.0534360781312   -0.743616938591   0.666467130184
-0.50543487072   0.34384649992   -0.791394472122
-0.845921576023   -0.0165951773524   0.533049046993
0.170153722167   0.938879191875   0.299254953861
-0.299649626017   0.863883733749   0.404864132404
-0.176561042666   -0.467247307301   0.86631757021
0.937569379807   0.188108503819   0.292538672686
0.160938546062   0.74764674902   -0.644300460815
0.642560660839   -0.574879229069   -0.506586313248
-0.749142587185   -0.332472860813   -0.572928607464
-0.22290378809   0.427506029606   -0.876100718975
-0.909906685352   -0.413755089045   0.0296071581542
-0.349833905697   0.803769469261   0.481218159199
0.948583364487   0.185648679733   0.256367236376
-0.0119793089107   0.830412745476   -0.557019889355
-0.316300630569   0.525308728218   0.789939641953
-0.0837010890245   -0.844974696636   -0.528215765953
-0.0281457994133   0.531868994236   -0.846358776093
0.996093332767   -0.0559740960598   -0.0683005005121
0.923626363277   -0.105457112193   0.368501156569
-0.104855984449   0.855212926865   0.507558882236
-0.368672639132   -0.507434368134   0.778839409351
-0.961422860622   -0.266679435968   -0.0674404427409
0.261671423912   -0.962261199951   0.0747088193893
-0.0848186314106   0.0541795305908   0.994922280312
0.207001760602   -0.15972289443   0.965214431286
0.244318544865   -0.946884989738   -0.209086790681
0.947342991829   0.279101103544   -0.156983599067
-0.33879506588   -0.242528736591   0.909064173698
0.837503731251   -0.518013060093   0.173925086856
0.428725302219   0.82026964426   0.378618985415
0.639990270138   0.490653663874   -0.591330230236
0.190641626716   -0.846908271313   -0.496389091015
-0.744357585907   0.204952016473   -0.635552048683
-0.32877612114   0.0872391462326   0.940369904041
0.812753677368   0.533247411251   0.234688431025
-0.480975806713   0.841449081898   -0.246222943068
0.764022350311   -0.261952489614   -0.589619159698
0.503910243511   -0.328435540199   0.798877060413
-0.402919709682   -0.907475054264   -0.118931539357
-0.990451991558   -0.0948382169008   0.1000527367
-0.0692486912012   -0.285291165113   -0.955935955048
0.119203425944   -0.953737199306   0.27599978447
0.744454443455   0.612062096596   0.266772538424
0.248113319278   -0.624546825886   0.740527510643
0.619860768318   -0.485099166632   -0.616807460785
-0.493283003569   0.396528601646   0.774233102798
-0.860833287239   -0.0945729389787   -0.500021994114
-0.125051513314   -0.91313803196   0.387996256351
0.386447608471   0.874087393284   -0.294328778982
-0.460739582777   -0.0934941545129   -0.882597267628
-0.798985183239   0.476686507463   0.366596072912
0.717943966389   0.673989653587   0.174052864313
0.591742277145   -0.722608327866   0.357321053743
0.366602748632   -0.153542041779   -0.917620420456
0.622615516186   -0.775328576565   0.105903103948
-0.738702356815   -0.537683606148   0.406466752291
-0.258202910423   -0.33130338788   -0.907507181168
0.472916185856   -0.840299844742   0.265040516853
-0.809884727001   -0.296079546213   0.5063829422
-0.34704041481   -0.454128921032   -0.820566773415
0.648641467094   -0.695729255676   -0.308585524559
0.026808809489   -0.384312719107   0.922813653946
-0.760621786118   -0.60684800148   -0.230629503727
-0.161757946014   -0.56515365839   -0.808972001076
0.352575451136   0.732563078403   -0.582273006439
0.921696782112   -0.37941095233   0.0807613953948
0.888366758823   0.452417880297   0.0782465860248
0.320924580097   -0.489988267422   -0.810505330563
-0.328347206116   0.745137274265   -0.580481290817
-0.227541714907   0.793332517147   0.564666569233
0.626402616501   0.563223958015   -0.538886427879
-0.745549798012   0.23108945787   -0.625102519989
0.109033748507   -0.0750578716397   0.991200268269
0.881594896317   -0.45337459445   -0.131308406591
0.45924076438   0.888154149055   0.0167375057936
0.0673387572169   -0.679899692535   -0.730206787586
0.968152821064   0.221407189965   -0.116871647537
0.241134017706   -0.699081718922   0.67315608263
0.146611481905   -0.514885544777   -0.844628870487
0.982890069485   -0.0204183235765   0.18305799365
-0.11149982363   -0.857015728951   0.503082334995
-0.404316604137   0.347543776035   0.846015036106
0.52267986536   0.846865952015   -0.0981009528041
-0.750555694103   0.402531147003   -0.524056077003
-0.115671530366   -0.993063032627   0.0211174171418
-0.964713931084   0.117381319404   0.235687687993
-0.23653152585   0.0068900892511   -0.971599400043
0.464656472206   0.185923293233   -0.865752220154
-0.230483740568   0.969402074814   0.0844799056649
0.85496878624   0.160287678242   0.493291258812
-0.810213446617   -0.370123267174   -0.454491913319
-0.378515034914   -0.261643737555   0.887845098972
-0.447527080774   0.891376078129   0.0718900710344
-0.697856366634   -0.143234208226   -0.701769530773
-0.330591857433   -0.804769933224   0.493005484343
-0.635378241539   0.576046288013   0.514261722565
0.0600035972893   -0.324398905039   -0.944015324116
0.672626137733   -0.685630261898   0.278361678123
-0.737545669079   -0.651672124863   0.177058905363
-0.900388777256   0.420774996281   0.110672742128
-0.434960067272   -0.864393234253   -0.252257883549
-0.0104790441692   -0.275268405676   0.961310327053
0.489489853382   -0.866341769695   0.0992551669478
-0.540117681026   -0.211856395006   0.814487397671
-0.684596657753   -0.45229279995   -0.571628093719
-0.587643146515   -0.191224426031   -0.786198914051
-0.433305948973   -0.746219098568   0.505374133587
-0.683316528797   0.637644350529   0.355651855469
-0.343236386776   -0.888461589813   -0.304671615362
0.936409950256   -0.34889742732   -0.03750930354
-0.0729735642672   -0.29817211628   0.951718568802
0.6463945508   0.356556802988   -0.674567520618
-0.547995150089   -0.398233175278   -0.735602915287
-0.530919373035   0.845149457455   -0.0620243772864
0.761758983135   -0.583621323109   0.281264007092
-0.520621716976   -0.809840083122   -0.270392388105
0.3855856359   0.0595416650176   -0.920748889446
-0.691244959831   -0.345871210098   -0.634471058846
-0.625670433044   -0.15283100307   0.764970064163
-0.361547976732   0.925751447678   -0.110757730901
-0.896886527538   0.193300530314   0.397780686617
0.0960800796747   -0.792782068253   0.60188472271
0.431698024273   0.57804107666   0.692463219166
0.564660012722   0.149136126041   0.811737298965
-0.38217818737   -0.824485599995   0.417328774929
0.731504559517   -0.545877158642   -0.408557504416
-0.444953173399   -0.467135578394   0.764068722725
0.401275783777   -0.866735398769   -0.296222060919
0.800621271133   0.174797341228   0.573106884956
0.809922397137   0.130901217461   0.571743428707
0.170388832688   0.880231440067   -0.442899852991
-0.561242699623   0.456133216619   0.690615057945
-0.622917771339   0.531314432621   -0.574176311493
-0.0291606914252   -0.74923157692   -0.661665856838
-0.781743645668   -0.395420044661   0.482203155756
-0.590392172337   -0.382197439671   0.710888266563
-0.512653768063   0.857862949371   0.035457406193
-0.623396456242   -0.34350579977   -0.702410578728
0.566116690636   0.485768377781   -0.665988743305
0.0375412553549   -0.822274804115   -0.567851006985
-0.823469817638   0.296467870474   -0.483739852905
0.928043305874   0.354858398438   0.11318629235
0.337684810162   -0.929811537266   0.146354094148
0.15717689693   -0.0976016446948   -0.98273563385
0.682794213295   0.730588138103   -0.00574929546565
0.303651720285   -0.276612401009   0.911746263504
0.664520680904   -0.624280810356   -0.41071370244
0.203898996115   -0.162399098277   -0.965428233147
0.796639561653   0.600707173347   0.0672030299902
0.569025993347   -0.782800972462   0.251857161522
-0.315185368061   0.281163424253   -0.906424462795
-0.252020686865   0.896016299725   0.365568518639
0.914955615997   0.343659549952   -0.211552232504
-0.165842995048   0.0723884627223   -0.983491718769
-0.0485250540078   -0.996693134308   -0.0651775151491
-0.984957575798   0.0369147546589   0.168807223439
0.55328899622   -0.832577824593   -0.0261808894575
0.287931680679   0.161663085222   0.943906962872
-0.781643569469   -0.529791653156   0.329171955585
0.171230107546   0.878517568111   -0.445967674255
0.393394947052   0.354037553072   0.848467946053
0.903283238411   -0.320724695921   -0.284982472658
-0.466183364391   -0.634784162045   0.61621594429
0.202164918184   -0.754542410374   -0.624335765839
0.861279547215   -0.166477680206   0.48008620739
0.167823165655   0.447727054358   -0.878280043602
0.81317281723   0.440780520439   0.380082190037
0.557301819324   -0.777980089188   -0.290106296539
0.259825229645   0.522454857826   -0.812115609646
0.370915025473   0.722489178181   0.58346503973
0.89157885313   -0.452824831009   -0.00606545107439
0.281160891056   0.2499743402   -0.926531910896
0.7687702775   -0.636556565762   0.0615470856428
-0.574404776096   -0.729594826698   -0.371147662401
0.94860625267   0.299611717463   -0.101877607405
0.234637513757   -0.88191652298   -0.408862382174
-0.212347507477   0.363945096731   -0.906891644001
0.754219710827   0.561085999012   0.341079324484
-0.036847114563   -0.482460916042   0.875142097473
0.655587434769   -0.672617256641   -0.343207150698
0.606734931469   0.0458687283099   0.793579757214
0.334363341331   -0.920445680618   -0.20243743062
0.721161484718   0.388169825077   -0.573803365231
-0.737012982368   0.523272097111   -0.427782803774
-0.208510816097   0.426023364067   0.880356371403
0.642911434174   0.738031446934   -0.204876869917
-0.760586380959   -0.454321831465   -0.463788837194
0.400372773409   -0.890577018261   0.215810507536
-0.511087119579   -0.0215458869934   0.859258830547
0.0353427752852   -0.983073174953   -0.179772093892
0.928697109222   -0.0341385528445   0.369264394045
-0.369151085615   -0.180004656315   0.911770701408
-0.632758200169   0.558503985405   0.53636777401
-0.625484824181   0.0396970286965   -0.779225826263
-0.456492900848   -0.828551411629   0.324217140675
0.989614188671   -0.141745477915   0.0239164959639
0.00273846578784   -0.14775685966   -0.989019930363
0.14372292161   0.978813648224   -0.145834118128
-0.472977012396   -0.880560874939   0.0300874449313
-0.851064383984   0.447763830423   -0.274220645428
0.2279959023   -0.15530641377   -0.961196005344
0.108056567609   -0.982130050659   -0.154092043638
-0.0631128102541   0.147909939289   -0.98698502779
0.992139399052   0.116375401616   -0.0460023507476
0.344890773296   -0.281190216541   0.895534694195
-0.853665888309   0.302712827921   0.423815369606
-0.390262573957   -0.910657465458   -0.135639637709
0.367416590452   0.262659072876   -0.892196893692
0.440640747547   0.795635282993   0.415692508221
0.819048702717   -0.545870602131   0.176591306925
-0.426178365946   0.224075585604   0.876448571682
-0.897144138813   -0.229143202305   -0.377658247948
0.11620824784   -0.94725048542   0.298683971167
-0.769755780697   0.628054738045   0.114119589329
-0.623683333397   -0.77805519104   0.0751617252827
0.135997012258   -0.013318314217   0.990619719028
-0.583031237125   -0.75634598732   -0.296673774719
0.778511226177   -0.624535739422   0.0622527338564
-0.2323679775   -0.194668576121   0.952947676182
0.0324478596449   -0.742294967175   0.669287145138
0.861588537693   -0.318623632193   -0.395150870085
0.506569206715   0.589471936226   0.629214167595
0.989625692368   0.140714332461   0.028990469873
-0.0589449070394   0.213652178645   0.975129842758
0.131020858884   -0.966722428799   0.219730079174
-0.766501903534   0.105026528239   -0.633596301079
0.0313410274684   0.991479694843   0.126434952021
0.641476869583   0.077055066824   -0.763262689114
0.743523538113   -0.551314592361   -0.3784506917
-0.420016944408   -0.825399637222   0.37722837925
-0.520344555378   -0.121522471309   -0.845265507698
0.0896455198526   0.927516996861   -0.362871795893
0.885952830315   0.0921930596232   0.454519569874
0.455028861761   -0.36223295331   -0.813471615314
-0.415545642376   0.84767884016   -0.329791426659
0.906029999256   0.417729139328   -0.0679116472602
0.080196224153   -0.327021330595   -0.941608011723
-0.961674332619   0.261949419975   -0.0810242891312
0.17838037014   0.37327209115   -0.910411119461
-0.208237558603   -0.889972150326   -0.405692815781
0.598404049873   0.729426085949   -0.33143645525
-0.799487769604   0.516653418541   -0.306412369013
-0.0522674135864   0.448337823153   0.892334759235
-0.64378786087   0.169602617621   -0.746171653271
-0.362091362476   0.79152482748   0.492319315672
0.674112021923   0.587131500244   -0.448162466288
-0.793524086475   0.474001407623   -0.381630927324
0.434591799974   0.00243245554157   -0.900624275208
-0.425968855619   -0.880520701408   -0.20792734623
-0.973787248135   -0.148422896862   0.172363013029
0.186862230301   -0.0899324789643   0.978261053562
-0.129695296288   0.984826266766   0.115309737623
-0.573193371296   0.520303189754   0.633035480976
0.694806098938   0.718146085739   0.038867559284
-0.434389054775   0.462115556002   -0.773146390915
0.934033274651   0.357184231281   -0.00114184885751
-0.345099449158   0.901597797871   -0.260821312666
-0.0921317711473   0.244009837508   0.965386390686
0.997532069683   -0.0699917078018   -0.00556063605472
0.0215511210263   0.380597710609   -0.924489557743
0.0668229684234   0.92208814621   0.38116684556
-0.852012634277   -0.409299939871   0.326416879892
-0.511691629887   0.519273400307   -0.684490203857
0.110662199557   -0.750219106674   -0.651862859726
-0.344486832619   -0.796241819859   0.497320562601
-0.462737739086   -0.316904604435   -0.827916204929
0.816824734211   -0.515335202217   -0.259281694889
0.437926858664   0.306921839714   -0.844996452332
0.318640559912   0.825908660889   0.465126991272
0.840647518635   -0.472941756248   0.263889819384
0.155514150858   -0.411936402321   0.897843956947
-0.961696505547   -0.270830631256   0.0423151813447
0.225732475519   -0.870033979416   -0.438275814056
0.0355292595923   -0.600392878056   -0.798915565014
0.99834394455   0.0575148835778   0.00117520976346
0.045243948698   -0.797634243965   0.601442098618
-0.99604934454   0.0123122008517   -0.0879435837269
0.0878848358989   -0.00523481378332   -0.996116876602
-0.0127247590572   -0.999910473824   0.00413207709789
-0.563451111317   -0.135684862733   0.814930975437
0.336024731398   0.863501191139   0.376102477312
-0.754725277424   0.485752314329   -0.440947234631
-0.832822501659   0.545183062553   0.0958233773708
0.00402992963791   -0.167133837938   0.985925972462
0.553525447845   0.821487486362   0.136995777488
-0.929256021976   -0.0133828800172   0.369193911552
0.269569635391   0.658779263496   0.702383160591
-0.25261721015   0.752217233181   -0.608566999435
-0.577615141869   0.168792024255   -0.798667669296
0.52620100975   -0.670999765396   -0.522371292114
-0.624077916145   -0.721989274025   0.298761099577
0.300643980503   -0.104707881808   0.947971224785
0.719898462296   -0.627053797245   -0.297573000193
0.62558722496   0.771906554699   -0.113140918314
-0.249354496598   -0.810100674629   -0.530621528625
-0.216948255897   0.58073246479   -0.784654855728
0.943798601627   -0.0805398002267   -0.320558190346
0.948161840439   -0.117649413645   0.295207947493
-0.233321085572   0.37296667695   0.898029565811
-0.215755388141   -0.920355618   0.326182693243
0.999999463558   -0.000361929938663   0.00095139874611
0.000362459541066   0.999999761581   -0.000556567043532
-0.000951197114773   0.000556911574677   0.999999403954
0.896875560284   -0.404028564692   -0.179930880666
-0.27559325099   -0.828708171844   0.487125426531
-0.345922768116   -0.38730314374   -0.854595661163
0.86590141058   -0.500213861465   0.000905105727725
0.50021314621   0.865901827812   0.000898974889424
-0.00123341241851   -0.0003256778582   0.999999165535
