-0.514191629488   -0.772802995103   -0.37199798242
-0.069974177462   0.470081769895   -0.879844727268
0.854816110431   -0.426378541173   -0.295788365178
-0.138665353031   -0.862016112396   0.487545015193
0.71161571361   0.255651069253   0.654404773007
-0.688748862803   0.437687962777   0.577974265195
0.770546216165   0.217833735322   -0.599005002074
0.25883905042   0.751862859723   0.606386498981
0.582461049969   -0.622294708257   0.522961204435
0.949743736983   -0.19668693284   0.243518140005
0.102003307997   0.929940120962   0.353279912509
-0.295942830998   -0.31068572847   0.903267523443
-0.609539032707   0.731126467135   -0.306457593577
0.40455749493   -0.0455701918875   -0.913376478188
-0.681759049007   -0.680718331372   -0.268005881338
0.59889376902   -0.68266024857   0.418689907271
0.534338458766   0.730060125173   0.426021859904
-0.59649699489   -0.0314197176108   0.802000085058
0.228779477518   -0.949154199192   -0.21625507352
-0.819402739317   -0.0678202409951   -0.569192028854
0.525584533131   0.307419454602   -0.793255430152
0.947351177579   -0.195916325858   0.253263774751
-0.113431521006   -0.94501277879   -0.306731377537
0.299431188057   0.261854236525   -0.917482055646
-0.993831721824   0.0810513651898   0.0756913792812
-0.107259537669   -0.529105587385   -0.841749766247
-0.028176236008   -0.844676241882   0.534535448895
-0.985976150813   0.0759804984838   -0.148586654441
0.0650671783632   0.994906872808   0.0769842629349
0.153679186384   0.0662365328948   -0.985898285516
-0.890364248064   -0.220601002418   -0.398229460867
-0.454390026587   0.376926406591   0.807128358908
-0.027950125372   0.899589729681   -0.435840691933
0.89483965126   0.0355097502026   -0.444973096012
-0.443690544735   0.180168917072   -0.877882601396
0.0489969289517   0.982994516242   0.176977631331
0.192601780785   0.68528664757   0.702343765332
-0.376107822966   0.712637524463   -0.59219140844
-0.906337387258   -0.150099864722   0.394996925391
-0.442614740384   0.803611432862   0.397870401725
0.86486775837   0.265381377094   0.426117924081
0.236845840424   0.532711356802   -0.812479327865
-0.839488690608   0.520983604346   0.154385304818
-0.484365108212   -0.846248962258   0.221930475203
0.246270542876   0.111529269159   0.96276271315
-0.016698140718   0.59884017906   -0.800694456107
0.516252523796   0.69096847393   0.506009782227
0.856273615015   -0.404911111206   -0.320690642599
0.732965224295   -0.680091834282   0.0153973022666
0.66675867842   0.713739260769   -0.214497394829
0.134888267561   0.167485416022   0.976603189988
-0.217392104478   -0.918847270495   0.329333214867
-0.962215778808   0.25841112845   0.0858165701167
-0.163955688905   -0.298233771053   -0.940305881019
0.116258593895   0.9221936165   0.368839901628
0.869448567876   -0.274017908741   0.411063709792
0.480149067649   0.272897635344   -0.833656855942
0.916964152606   -0.0115188299717   -0.398803284078
-0.0573041457468   -0.993021343686   -0.103076892971
-0.394832847818   0.117370897331   -0.911225051644
0.816277854035   0.127718112777   0.563363602553
-0.566393392562   -0.0147142912928   0.824003649563
0.113529687195   -0.991701352878   0.060327745067
0.209643426713   -0.660623785235   -0.720850780687
0.976316867774   0.101144054073   0.191246579119
-0.0534322686703   -0.743872364527   0.666182330866
-0.505585455314   0.343882402413   -0.791282655368
-0.845676485199   -0.0158287359991   0.53346108902
0.170922876633   0.938879302375   0.298816040091
-0.299102249685   0.863821357899   0.405401659927
-0.176468872875   -0.467596689354   0.86614783554
0.937761473478   0.187525992181   0.292296803125
0.160921687863   0.747601173084   -0.644357584249
0.642236082528   -0.575053159465   -0.506800432209
-0.749424462287   -0.332274509695   -0.572674973727
-0.222478102833   0.426765001026   -0.876570092839
-0.909836786125   -0.41392353719   0.0293994553328
-0.350286334838   0.804076451128   0.480375420236
0.948887203758   0.186061825381   0.254939349023
-0.0132576437512   0.830537789215   -0.556804467985
-0.315336819015   0.524964739599   0.79055342182
-0.0838038275264   -0.845796370735   -0.526882736235
-0.0275507023628   0.530507214996   -0.847232585325
0.996101338866   -0.0564853440092   -0.0677608192167
0.923254497511   -0.104964508677   0.369572164459
-0.105998085275   0.855022940103   0.507641780998
-0.369277048763   -0.507856499235   0.778277737984
-0.961531704969   -0.266120225013   -0.0680940979635
0.26113721674   -0.962461364894   0.0739964534291
-0.0852298913039   0.0533680328088   0.994931012032
0.206311399276   -0.160109562443   0.965298158365
0.243884204927   -0.946973047994   -0.209194983114
0.947605456462   0.278580283558   -0.15632314127
-0.338104388363   -0.242751987767   0.909261730749
0.837748743383   -0.517839270139   0.173261459254
0.428791867379   0.820313332049   0.378448902406
0.639819950894   0.491249096215   -0.591020097717
0.190980654629   -0.846540843835   -0.496885287846
-0.744417100821   0.205043715309   -0.635452795113
-0.327794871203   0.0866210402504   0.940769534902
0.812611850235   0.533768483836   0.233993988215
-0.481884325612   0.841182501631   -0.245355855198
0.764393562458   -0.262149138554   -0.589050346599
0.503366958287   -0.328258931036   0.799292048941
-0.402894759183   -0.90748217798   -0.118961799212
-0.990369381341   -0.0952173146766   0.100509459698
-0.0694870670979   -0.28606034857   -0.955688769675
0.119749889391   -0.953469003147   0.276689038506
0.744305442091   0.612016671952   0.267291979166
0.247993340601   -0.624902076689   0.740267990371
0.620087664683   -0.484698863009   -0.616894075434
-0.493577686789   0.396577243212   0.774020385565
-0.86060730532   -0.0943449084647   -0.500453898254
-0.125443744898   -0.913140475728   0.387863814312
0.386322387273   0.874234226435   -0.294057018995
-0.460580301698   -0.0933727505671   -0.882693216888
-0.799137534333   0.476441021303   0.366583079861
0.71775684256   0.674164395675   0.174147875562
0.591677787104   -0.722383424164   0.357882082174
0.36707289631   -0.153832883669   -0.917383743423
0.622302003416   -0.775742492372   0.104708175766
-0.73866016391   -0.537679315462   0.406549032684
-0.259077939617   -0.3303400358   -0.907608991775
0.473141351979   -0.840376237104   0.264395614861
-0.809727850282   -0.296583837305   0.50633865735
-0.347099509543   -0.453658249743   -0.820802121656
0.648349708002   -0.695631323637   -0.309418353865
0.0276744964846   -0.384609672869   0.922664360306
-0.760839522092   -0.606772165735   -0.230110322479
-0.161693140645   -0.565000473068   -0.80909195627
0.352348963899   0.732785709383   -0.58212997841
0.92179473632   -0.379209136964   0.0805909085178
0.888927262148   0.451295364644   0.0783633617254
0.320219722863   -0.489955691874   -0.810803767314
-0.327517406713   0.745839066992   -0.580048648347
-0.227429962164   0.793244002664   0.564835873992
0.626266894959   0.563317399968   -0.538946456684
-0.745697920467   0.231165436714   -0.624897713454
0.108777613475   -0.0741283339191   0.991298351112
0.881606074688   -0.453541276548   -0.130656188299
0.459280045158   0.888147116517   0.0160168518144
0.0661874365692   -0.680163275185   -0.730066532811
0.968403612681   0.220100708538   -0.117260910142
0.240444725845   -0.69923786882   0.673240474587
0.147957983487   -0.514426811587   -0.844673600063
0.982683309723   -0.0198570150292   0.184225980107
-0.111543479929   -0.857304353468   0.502580637919
-0.404039568835   0.347322149217   0.846238353822
0.522282173681   0.847087610561   -0.0983051936073
-0.750981596226   0.402256018847   -0.523657079997
-0.114810351461   -0.993161675749   0.021177087152
-0.964794969435   0.116558315152   0.235764344466
-0.23662047703   0.00663664009852   -0.971579489727
0.464981871532   0.185448220954   -0.865679395903
-0.229811973757   0.969580049998   0.0842673327233
0.8549726989   0.159760708534   0.493455367935
-0.810261114538   -0.369204886497   -0.455153466486
-0.379600444818   -0.261085712479   0.887545916014
-0.446520356267   0.891920401452   0.0713972612404
-0.698035044633   -0.143084127516   -0.701622411926
-0.330904993551   -0.804477386209   0.493272764625
-0.635018867206   0.576492035965   0.514206155896
0.0603578235275   -0.324225008927   -0.94405247562
0.67284009511   -0.685400083763   0.278411442994
-0.737321598457   -0.65200066623   0.176782328542
-0.900274863896   0.42106799629   0.110484894611
-0.435199058285   -0.864521701274   -0.25140407255
-0.0103416200339   -0.274415689287   0.961555552409
0.488707371033   -0.866756188764   0.0994927873631
-0.541135425566   -0.211690667498   0.813854724439
-0.684351924594   -0.451575874614   -0.572487268654
-0.587798049819   -0.191398970861   -0.786040639269
-0.432603894812   -0.746668726807   0.505311470879
-0.683628058833   0.637065339162   0.35609048122
-0.344095354622   -0.888318892516   -0.304118286406
0.936167965488   -0.349433381146   -0.0385467577802
-0.0720272679059   -0.29796955774   0.951854093513
0.64635673603   0.356224992293   -0.674779019128
-0.548617961831   -0.397668372269   -0.735444217908
-0.530321885034   0.845555214379   -0.0616042018972
0.761400297348   -0.583987858348   0.281474276801
-0.521073140378   -0.80961035871   -0.270210750055
0.385684287436   0.0590698600903   -0.92073795515
-0.691672320881   -0.345716769185   -0.634089359658
-0.625372773695   -0.152459145454   0.765287594887
-0.361245476717   0.925870468517   -0.110750083882
-0.896819356148   0.192608888831   0.398267320252
0.0966699118076   -0.79317373794   0.601273938894
0.431705884357   0.577734573472   0.692714076677
0.564222502624   0.149940497538   0.81189335182
-0.381306450458   -0.824889414393   0.41732822198
0.732296632773   -0.545046145955   -0.408247890881
-0.44451125973   -0.46718622479   0.764294950487
0.401374488025   -0.866656766989   -0.296318356831
0.800817245279   0.175051648376   0.572755323035
0.810057715862   0.130556236978   0.571630620207
0.170432042556   0.880378309021   -0.442591179167
-0.561034237674   0.455948573846   0.690906275963
-0.622304036918   0.531053303961   -0.575082667091
-0.0290068559299   -0.749811238005   -0.661015665224
-0.782237999553   -0.394671376863   0.482014747016
-0.589856291153   -0.383268708618   0.710756394823
-0.513391550333   0.85738745891   0.036274803239
-0.623296616255   -0.343499406546   -0.702502303105
0.566408851092   0.485578648411   -0.665878659826
0.0387941656048   -0.822797294176   -0.567009369774
-0.823210802966   0.29532691869   -0.484877288577
0.928083781901   0.354725692679   0.113270370023
0.337445629609   -0.929801933292   0.146965342525
0.157451391959   -0.0981735595705   -0.982634729374
0.683393330154   0.730026510841   -0.00590336935786
0.303330100196   -0.276579958977   0.9118631348
0.664051509008   -0.624951853955   -0.410451913898
0.203958757222   -0.161867226692   -0.965504959219
0.796510644265   0.600841697611   0.0675281273519
0.569185048051   -0.782807930041   0.251475894949
-0.315634603794   0.281012508217   -0.90631493815
-0.252175315915   0.895950979184   0.365622008285
0.914758113892   0.34395321357   -0.211928714298
-0.166117845831   0.0732959696841   -0.983378137913
-0.0485693080155   -0.996631607076   -0.0660792107656
-0.984909073781   0.0367850595294   0.169118230183
0.554296951646   -0.83191314837   -0.0259885160379
0.287145391323   0.161828897307   0.944118071132
-0.781218544095   -0.53078425143   0.328581291001
0.171328916762   0.878647588237   -0.445673443192
0.392358323681   0.354091020824   0.848925494263
0.903715302581   -0.320309170424   -0.284078663794
-0.466303904248   -0.633833171799   0.617103053963
0.201382298362   -0.755329835841   -0.623636119059
0.861397607838   -0.166530325815   0.479856032363
0.168252357963   0.448170509609   -0.877971718427
0.813525246345   0.439836526891   0.380421480956
0.556657720327   -0.778258969707   -0.290594491466
0.259917267651   0.522665632199   -0.811950522443
0.371238968825   0.722139488356   0.58369185996
0.891417209842   -0.453139268079   -0.00633732766143
0.281165815501   0.249455284644   -0.926670300138
0.768860759518   -0.636406554699   0.0619663586888
-0.574281217408   -0.729903252561   -0.370732147559
0.948660742817   0.299535793507   -0.101592831666
0.234682420142   -0.881922898052   -0.408822900004
-0.21205413628   0.363992184394   -0.906941416513
0.754469266672   0.56091498304   0.340808608238
-0.0363699630232   -0.482732258871   0.875012452503
0.655326904253   -0.672565199848   -0.343806196157
0.606552881967   0.0458619967725   0.793719269408
0.334530468203   -0.920378986385   -0.20246453335
0.721237108877   0.388328725016   -0.573600761947
-0.736893371968   0.523333744195   -0.427913484874
-0.209235413968   0.425347149578   0.880511410424
0.64281311428   0.738377677434   -0.2039355427
-0.760588357451   -0.453763237341   -0.464332074003
0.400016817887   -0.890851704805   0.215336447107
-0.511362783078   -0.0219582440816   0.859084361166
0.0348924224417   -0.983146132796   -0.179460860423
0.928450074953   -0.0345594790028   0.36984605004
-0.369814787665   -0.179525273928   0.911596236744
-0.633128503904   0.558057827222   0.536395151936
-0.625181078765   0.0399199059016   -0.779458157868
-0.456395569982   -0.828841277079   0.323612764136
0.989728163199   -0.140974725558   0.0237547832117
0.00258745447873   -0.148470224021   -0.988913493516
0.142938686335   0.97881699992   -0.146580396425
-0.472343078891   -0.880936832181   0.0290226382641
-0.851109302673   0.447295242199   -0.274845267759
0.229139631507   -0.154522697406   -0.96105034481
0.108754035859   -0.982042333199   -0.154160356415
-0.0624111756431   0.148028877154   -0.987011801694
0.992107557092   0.116962845956   -0.0451916787321
0.344508730877   -0.281434613343   0.895604987013
-0.853814193413   0.302672916582   0.423545072801
-0.390275617322   -0.910595225103   -0.136019405027
0.367448674492   0.263088258302   -0.892057195452
0.440480442911   0.795532060249   0.416059755959
0.819120535103   -0.545814354391   0.176431968513
-0.426575767736   0.224550979828   0.876133535392
-0.897010023385   -0.229044267165   -0.378036693491
0.115784853617   -0.947161855829   0.299129213778
-0.770177940131   0.627551540104   0.114039488987
-0.623167724129   -0.778464049204   0.0752044659603
0.135970320802   -0.0131449081308   0.990625702903
-0.583581492391   -0.756019041622   -0.296425117768
0.778293735395   -0.624882822225   0.0614843063983
-0.231714270567   -0.194824708886   0.953074933897
0.0321900530487   -0.742626786813   0.668931428468
0.861435461027   -0.318782678323   -0.395356232386
0.506845880885   0.588967791571   0.629463417143
0.989620119354   0.140724503718   0.0291313134333
-0.0590942742959   0.213713483453   0.975107385746
0.130995748459   -0.966707381292   0.219811175425
-0.766838777127   0.104629423723   -0.633254272457
0.031256471506   0.991540598962   0.125977274138
0.641078250203   0.0768109647225   -0.763622126981
0.744005648936   -0.551221033208   -0.377638672412
-0.42019279279   -0.825421551559   0.376984454732
-0.519512859551   -0.121797515456   -0.845737402501
0.0887420407368   0.927531004227   -0.363057965626
0.886031516276   0.093012879905   0.454199027231
0.455052746802   -0.361987348357   -0.81356754929
-0.415100088455   0.847702833681   -0.330290512026
0.906230083008   0.417291922282   -0.0679300246586
0.0802430882797   -0.327516957374   -0.941431723183
-0.961610426135   0.262098152368   -0.0813015797739
0.178861047025   0.373930207128   -0.910046661471
-0.208120431976   -0.889652043623   -0.406454335777
0.597562294708   0.7295944406   -0.332582705786
-0.800157835588   0.515891455393   -0.305946799952
-0.0516405082378   0.448940929853   0.892067990352
-0.643780452685   0.168995960106   -0.746315679996
-0.361252374355   0.792658455137   0.491110268191
0.674569085241   0.585775502192   -0.449247827228
-0.793875985761   0.473472936654   -0.381555104129
0.434901337857   0.00354480985827   -0.900471132604
-0.424996171232   -0.880801233298   -0.20872815301
-0.973891412666   -0.148586504633   0.171632068611
0.186217696539   -0.0904673021923   0.978334624109
-0.129840231941   0.984752617602   0.115774765362
-0.572908550747   0.520041313783   0.633508345991
0.694501392814   0.718472324959   0.0382796766829
-0.435251200872   0.461903182742   -0.772788355187
0.933925742417   0.357460644101   -0.00214372802745
-0.345692876651   0.901621521998   -0.259952045775
-0.0909897943911   0.243516978852   0.96561914766
0.997517926197   -0.0701811559241   -0.00570896386908
0.0214699411559   0.38037369682   -0.924583631909
0.0670598877277   0.92216617598   0.38093636652
-0.851985874438   -0.408955769313   0.326917800836
-0.511717603846   0.518347351972   -0.68517232622
0.110748199406   -0.751046737194   -0.650894488285
-0.343901723555   -0.796078421671   0.4979866977
-0.462242328264   -0.318102325327   -0.827733616922
0.817351597843   -0.514849548093   -0.258585205167
0.437574938104   0.307380858611   -0.845011941515
0.317903652909   0.826178964474   0.465151143315
0.841109648625   -0.472170865704   0.263797711456
0.155278283031   -0.41184050538   0.897928757167
-0.9618627228   -0.270227593175   0.0423928104137
0.225186050426   -0.870266882063   -0.43809450656
0.0344045711659   -0.60059394245   -0.798813646463
0.99835307457   0.057368288356   -0.000134120233293
0.0459071234126   -0.797493445605   0.601578540372
-0.995980227982   0.0130713811236   -0.08861447097
0.0885496516401   -0.00545810904232   -0.996056809745
-0.0135035056263   -0.999899668987   0.00427870244336
-0.5628124274   -0.136448019012   0.81524481579
0.33637390578   0.863113860789   0.37667898644
-0.755046201947   0.486226697562   -0.439873654022
-0.832727998591   0.545380426961   0.0955210461086
0.00377091946512   -0.166929239042   0.985961667267
0.553669450601   0.821398088043   0.136950065466
-0.929273784274   -0.0129081736286   0.369166104774
0.269668193755   0.659288033883   0.701867760803
-0.252446626314   0.751779666812   -0.609178162306
-0.577806684912   0.168879381406   -0.798510606947
0.526579389693   -0.67035938406   -0.522812052801
-0.623581254707   -0.72256352713   0.298409731811
0.301507331696   -0.104205248425   0.947752391257
0.719763612476   -0.627043453254   -0.297920878569
0.625326851406   0.771983014018   -0.114055052402
-0.248671366523   -0.810133905756   -0.530891331834
-0.218321814035   0.580884946573   -0.784160866379
0.943662088349   -0.0790931955951   -0.321319357373
0.94798977937   -0.117958173723   0.295637019774
-0.233553905384   0.373264480611   0.897845310059
-0.216258991695   -0.920195357936   0.326301320476
0.999998176058   0.000261251102041   0.00189199066839
-0.000258425233706   0.999998851059   -0.00149368576303
-0.00189237872165   0.00149319410051   0.999997094633
0.896825537533   -0.404063397986   -0.180101986766
-0.275796737884   -0.828992976705   0.486525234645
-0.345890321636   -0.386656714647   -0.854901439007
0.865674199836   -0.500606834018   0.000988672389278
0.500606593174   0.865674761892   0.00049547418738
-0.00110390649946   6.60166958619e-05   0.999999388516
