-0.514278590679   -0.773069500923   -0.371323406696
-0.0695143938065   0.469118386507   -0.880395174026
0.854801297188   -0.426956087351   -0.294997006655
-0.139355510473   -0.862126290798   0.4871532619
0.711735248566   0.254837840796   0.654591977596
-0.688486039639   0.43794515729   0.578092575073
0.771177530289   0.217906236649   -0.598165631294
0.257954418659   0.752051234245   0.606529831886
0.582017838955   -0.622041642666   0.523755133152
0.949348688126   -0.197096049786   0.244724705815
0.10189358145   0.929831981659   0.353596001863
-0.297245234251   -0.310750037432   0.902817666531
-0.609576165676   0.7306188941   -0.307592213154
0.404818117619   -0.0467094220221   -0.913203418255
-0.681571125984   -0.68118596077   -0.267294824123
0.599082291126   -0.682827591896   0.418147027493
0.534560501575   0.729891359806   0.426032453775
-0.596108615398   -0.0317035913467   0.802277624607
0.228813290596   -0.949143707752   -0.216265454888
-0.819256067276   -0.0677588582039   -0.569410383701
0.525798380375   0.307465463877   -0.793095886707
0.947331130505   -0.195885062218   0.253362983465
-0.113234803081   -0.94489979744   -0.307151824236
0.299569100142   0.262284964323   -0.917313992977
-0.993871510029   0.0810115039349   0.0752101838589
-0.106816761196   -0.528693974018   -0.842064619064
-0.0284537505358   -0.844937741756   0.534107267857
-0.986049711704   0.0766668468714   -0.147743716836
0.0659765154123   0.994926154613   0.0759540274739
0.152817249298   0.0651468262076   -0.986104846001
-0.89006870985   -0.22027605772   -0.399069070816
-0.454995691776   0.37650886178   0.806982040405
-0.0275057796389   0.899844169617   -0.435343444347
0.8945748806   0.0345334857702   -0.445581883192
-0.444111704826   0.180245473981   -0.877653896809
0.0500056669116   0.983015239239   0.176579788327
0.192673891783   0.685365796089   0.702246725559
-0.376173615456   0.712569952011   -0.592230916023
-0.906294763088   -0.150059252977   0.395110160112
-0.442688554525   0.803696870804   0.397615581751
0.86505240202   0.266066670418   0.425314992666
0.236032068729   0.532240390778   -0.813024580479
-0.839350283146   0.521256625652   0.154216110706
-0.484910875559   -0.846193373203   0.220948383212
0.245667457581   0.110672026873   0.963015675545
-0.0172935780138   0.598440468311   -0.800980567932
0.516075789928   0.691482186317   0.505488097668
0.856368362904   -0.404624968767   -0.320798844099
0.733419716358   -0.679591953754   0.0158215649426
0.666397333145   0.714195489883   -0.214101463556
0.134201943874   0.167569682002   0.97668325901
-0.218289077282   -0.918581545353   0.329481124878
-0.961910784245   0.259458988905   0.0860736519098
-0.164552509785   -0.298142492771   -0.940230548382
0.116469405591   0.922405302525   0.368243515491
0.868904531002   -0.274223327637   0.41207587719
0.481081932783   0.271974205971   -0.833420753479
0.917006492615   -0.011752194725   -0.398699074984
-0.057181943208   -0.993114411831   -0.102244883776
-0.394752204418   0.116557605565   -0.911364376545
0.815988242626   0.128328055143   0.563644468784
-0.566707909107   -0.0147719206288   0.823786377907
0.114041008055   -0.991621732712   0.0606708042324
0.210002720356   -0.660950064659   -0.720447003841
0.97624194622   0.101515740156   0.191432029009
-0.0533902943134   -0.743531823158   0.666565716267
-0.505423724651   0.343960493803   -0.791352033615
-0.845901310444   -0.0165187995881   0.533083558083
0.170287489891   0.938838839531   0.299305617809
-0.299613237381   0.863918483257   0.404816955328
-0.176521390676   -0.467180669308   0.866361618042
0.937588453293   0.188114568591   0.292473614216
0.160955101252   0.747672319412   -0.644266664982
0.642546236515   -0.574871301651   -0.506613612175
-0.749151349068   -0.332429081202   -0.572942495346
-0.2228949368   0.427651137114   -0.876032173634
-0.909927845001   -0.413711965084   0.0295581929386
-0.349784404039   0.803714454174   0.481345981359
0.94850987196   0.18563593924   0.256648242474
-0.0117994323373   0.830406725407   -0.557032704353
-0.316527724266   0.52532273531   0.78983938694
-0.0836112499237   -0.84489440918   -0.528358340263
-0.0281856898218   0.532007932663   -0.846270143986
0.996099770069   -0.055865559727   -0.068295776844
0.923639297485   -0.10550185293   0.36845600605
-0.104780808091   0.855230331421   0.507545113564
-0.368661731482   -0.507395744324   0.778869748116
-0.961395740509   -0.266753107309   -0.0675351694226
0.261721313   -0.962230622768   0.0749275460839
-0.0849715620279   0.054359626025   0.994899451733
0.207107305527   -0.15964370966   0.965204894543
0.244342625141   -0.946888327599   -0.209043592215
0.947313725948   0.279135137796   -0.157099723816
-0.338801145554   -0.242489024997   0.909072518349
0.837523162365   -0.517966151237   0.173971489072
0.428682625294   0.820311009884   0.378577679396
0.639946699142   0.490601241589   -0.591420829296
0.190579354763   -0.846945226192   -0.49635002017
-0.744410991669   0.204924970865   -0.635498285294
-0.328868448734   0.0873692035675   0.940325558186
0.812758803368   0.533230602741   0.23470890522
-0.480904042721   0.841446220875   -0.246372804046
0.76397562027   -0.261984527111   -0.589665472507
0.503923714161   -0.328504443169   0.798840224743
-0.402991503477   -0.907440900803   -0.11894916743
-0.990466296673   -0.0947451069951   0.0999996215105
-0.069238550961   -0.28517010808   -0.955972790718
0.119090653956   -0.95378267765   0.275891363621
0.744484066963   0.612017452717   0.266792207956
0.248130559921   -0.624619841576   0.740460157394
0.619818270206   -0.485061526299   -0.616879761219
-0.493320167065   0.396462440491   0.774243354797
-0.860816836357   -0.0945853069425   -0.500047922134
-0.125018179417   -0.913165450096   0.387942403555
0.386400550604   0.874080598354   -0.29441088438
-0.460682600737   -0.093632824719   -0.882612287998
-0.799040734768   0.476671844721   0.366493940353
0.718024969101   0.673917353153   0.173998817801
0.591677010059   -0.722659826279   0.357324898243
0.366549402475   -0.153617084026   -0.917629182339
0.62256270647   -0.775365352631   0.105944246054
-0.738753736019   -0.537630677223   0.406443268061
-0.258183151484   -0.331303149462   -0.907512903214
0.472852408886   -0.840333878994   0.265046387911
-0.809912919998   -0.296022087336   0.506371319294
-0.347061395645   -0.454103410244   -0.820572018623
0.648606002331   -0.69578909874   -0.308525115252
0.0267253126949   -0.384284973145   0.922827601433
-0.760654985905   -0.606796979904   -0.230654358864
-0.161747202277   -0.565179944038   -0.808955788612
0.35256293416   0.732552528381   -0.58229392767
0.921703457832   -0.379392236471   0.0807731747627
0.888327598572   0.452500939369   0.078210875392
0.320954233408   -0.489995509386   -0.810489237309
-0.328424155712   0.745082080364   -0.580508649349
-0.227604493499   0.793392539024   0.564556896687
0.626435101032   0.563175141811   -0.53889966011
-0.745503365993   0.231002256274   -0.625190138817
0.109151214361   -0.0750264003873   0.991189718246
0.881577730179   -0.453381896019   -0.131398543715
0.459245860577   0.888153076172   0.0166544131935
0.0674176886678   -0.679955720901   -0.730147302151
0.968129217625   0.221503272653   -0.116885147989
0.241206735373   -0.698996841908   0.67321819067
0.146502733231   -0.514930069447   -0.844620585442
0.982914865017   -0.0203989911824   0.18292683363
-0.111423939466   -0.856989443302   0.503143966198
-0.404263079166   0.347559928894   0.846033930779
0.52278226614   0.846805870533   -0.0980743169785
-0.750513195992   0.402643710375   -0.524030506611
-0.115760006011   -0.993056178093   0.0209536161274
-0.964673936367   0.117427513003   0.235828265548
-0.236651241779   0.00708607351407   -0.971568822861
0.464682579041   0.185921907425   -0.865738511086
-0.230583488941   0.969383955002   0.0844153240323
0.854927718639   0.160398676991   0.493326365948
-0.810257017612   -0.370215803385   -0.454338818789
-0.378336578608   -0.261648744345   0.887919664383
-0.447599083185   0.891336202621   0.0719365477562
-0.697920382023   -0.143233314157   -0.701706051826
-0.330501258373   -0.804811894894   0.492997676134
-0.635355055332   0.575987875462   0.514355838299
0.0599742904305   -0.324432879686   -0.944005489349
0.67259311676   -0.685657024384   0.278375476599
-0.73757815361   -0.651627004147   0.17708954215
-0.900407373905   0.420705199242   0.110786668956
-0.434922903776   -0.864372014999   -0.252394735813
-0.0104228863493   -0.275441735983   0.96126127243
0.489498525858   -0.866343200207   0.0992002934217
-0.540032148361   -0.211858287454   0.814543604851
-0.684657931328   -0.452289253473   -0.57155752182
-0.587728977203   -0.191143512726   -0.786154448986
-0.433384388685   -0.746146380901   0.505414187908
-0.683192968369   0.637753665447   0.355693250895
-0.343115121126   -0.88853174448   -0.304603606462
0.9364579916   -0.348770707846   -0.037488296628
-0.0729272738099   -0.29811128974   0.951741158962
0.646353244781   0.356628388166   -0.674569249153
-0.54791867733   -0.398348540068   -0.73559743166
-0.531048595905   0.845064878464   -0.0620704963803
0.761785507202   -0.583592057228   0.281252861023
-0.520575225353   -0.809857130051   -0.270430952311
0.385595977306   0.0595970973372   -0.920740962029
-0.691237688065   -0.345905482769   -0.634460270405
-0.625694692135   -0.152749970555   0.76496642828
-0.361519873142   0.925752043724   -0.110844671726
-0.896874964237   0.193324536085   0.397795081139
0.0960946530104   -0.792749643326   0.601925134659
0.431718796492   0.578077554703   0.692419826984
0.56476444006   0.149005740881   0.811688601971
-0.382274240255   -0.824440896511   0.417329132557
0.731373727322   -0.545980334282   -0.408653825521
-0.444948673248   -0.467133700848   0.764072537422
0.401308357716   -0.86672860384   -0.296197712421
0.800607442856   0.174835905433   0.573114395142
0.809860646725   0.130991637707   0.571810185909
0.170380607247   0.880206942558   -0.442951709032
-0.561334252357   0.45615452528   0.690526545048
-0.623024880886   0.531277000904   -0.574094712734
-0.0291753802449   -0.749219655991   -0.661678671837
-0.78165769577   -0.395492851734   0.482282727957
-0.590490758419   -0.382032215595   0.710895240307
-0.512571513653   0.857919216156   0.0352851822972
-0.62337076664   -0.34354904294   -0.702412188053
0.566103577614   0.485826313496   -0.665957570076
0.0374608784914   -0.822200477123   -0.567963957787
-0.823482453823   0.296579092741   -0.483650118113
0.928042590618   0.354877650738   0.113131791353
0.337710261345   -0.929802954197   0.1463496387
0.157126501203   -0.0976129323244   -0.982742607594
0.68281430006   0.730569064617   -0.00578350387514
0.303640216589   -0.27657443285   0.911761581898
0.664505243301   -0.624319970608   -0.410679131746
0.204039171338   -0.162477001548   -0.965385556221
0.79661411047   0.600734233856   0.0672632679343
0.569011390209   -0.782764077187   0.252004772425
-0.315098822117   0.281149029732   -0.906459033489
-0.252106398344   0.896003007889   0.365541964769
0.91496181488   0.343705952168   -0.21145004034
-0.165837779641   0.0723180770874   -0.983497798443
-0.0483689233661   -0.996703624725   -0.0651331394911
-0.984966158867   0.0367691963911   0.168789073825
0.55322432518   -0.832617759705   -0.0262773539871
0.288094371557   0.161633133888   0.943862438202
-0.781629383564   -0.529738068581   0.329291880131
0.171322897077   0.87854963541   -0.445868819952
0.393367826939   0.35392343998   0.848528087139
0.903277516365   -0.320762753487   -0.284957945347
-0.466125935316   -0.634854018688   0.61618745327
0.202133446932   -0.75447678566   -0.624425172806
0.86131799221   -0.166508674622   0.480006426573
0.167893901467   0.447742283344   -0.878258764744
0.813110470772   0.440818250179   0.380171835423
0.557371497154   -0.777949929237   -0.290053218603
0.259847342968   0.522489905357   -0.812085986137
0.370801389217   0.722513616085   0.5835070014
0.891619682312   -0.452745348215   -0.00599673949182
0.28117325902   0.249957576394   -0.926532685757
0.768767058849   -0.63655847311   0.0615673139691
-0.574402987957   -0.729598879814   -0.371142357588
0.94861137867   0.29957768321   -0.101929917932
0.234608024359   -0.881967306137   -0.408769786358
-0.212357148528   0.363850086927   -0.906927525997
0.754204511642   0.56108546257   0.341113865376
-0.0369004532695   -0.482447624207   0.875147223473
0.655601978302   -0.672627210617   -0.343159854412
0.606794536114   0.045766543597   0.79354006052
0.334355205297   -0.920415818691   -0.202586695552
0.721115112305   0.388252735138   -0.573805570602
-0.737050414085   0.523329436779   -0.427648276091
-0.208375096321   0.425972849131   0.880412936211
0.642912566662   0.738019943237   -0.204914644361
-0.760604262352   -0.454355299473   -0.463726639748
0.40042874217   -0.890559434891   0.2157792449
-0.511016607285   -0.0215668585151   0.859300255775
0.0353872925043   -0.98306953907   -0.179783403873
0.928697228432   -0.0341014489532   0.369267553091
-0.369146555662   -0.180031731725   0.911767184734
-0.632778167725   0.558487892151   0.53636097908
-0.625513911247   0.0396149903536   -0.779206693172
-0.456425398588   -0.828566193581   0.324274420738
0.989622414112   -0.141700714827   0.0238402485847
0.00268536154181   -0.147644907236   -0.989036798477
0.143667116761   0.978837013245   -0.145732194185
-0.473066151142   -0.880510747433   0.0301536545157
-0.851061224937   0.447858095169   -0.27407643199
0.227822691202   -0.155318900943   -0.961235046387
0.107995398343   -0.982137799263   -0.154085323215
-0.0631456524134   0.147902175784   -0.986984074116
0.992143929005   0.116319559515   -0.0460449792445
0.344909906387   -0.281309127808   0.895489990711
-0.853641748428   0.302691787481   0.423879057169
-0.390298545361   -0.91062772274   -0.135735809803
0.367583245039   0.262550115585   -0.89216029644
0.440656274557   0.795623958111   0.415697723627
0.818965554237   -0.545939564705   0.176763668656
-0.426241934299   0.223922342062   0.876456856728
-0.89710098505   -0.229205831885   -0.377722799778
0.116308443248   -0.947271585464   0.298578083515
-0.769746601582   0.628061711788   0.114143192768
-0.623688578606   -0.778049468994   0.0751768872142
0.136024773121   -0.0133226588368   0.990615844727
-0.583016335964   -0.756366193295   -0.296651542187
0.778497099876   -0.624540686607   0.0623793080449
-0.232452556491   -0.194574207067   0.952946305275
0.0325270779431   -0.742217600346   0.669369161129
0.861563324928   -0.318644195795   -0.395189195871
0.506606936455   0.589558243752   0.629102885723
0.989635825157   0.140625447035   0.0290754660964
-0.0590181574225   0.213721618056   0.97511023283
0.130911260843   -0.966719985008   0.219806030393
-0.76640856266   0.10516525805   -0.633686184883
0.0313411131501   0.99145424366   0.126634344459
0.641588389874   0.0771932154894   -0.763154983521
0.743404388428   -0.551411569118   -0.378543585539
-0.419963508844   -0.825318217278   0.377465873957
-0.520557940006   -0.12163528055   -0.845117926598
0.0897204056382   0.927479028702   -0.362950235605
0.88591760397   0.0921939387918   0.454588055611
0.455082684755   -0.362329810858   -0.813398361206
-0.415521860123   0.847678482533   -0.329822331667
0.906033813953   0.417733460665   -0.0678340792656
0.0802763327956   -0.327016741037   -0.941602766514
-0.961695492268   0.261881917715   -0.0809918567538
0.178330987692   0.373316794634   -0.910402476788
-0.208182319999   -0.889973282814   -0.405718743801
0.598408281803   0.729502975941   -0.331259548664
-0.799473524094   0.516635835171   -0.306479305029
-0.052437029779   0.448232978582   0.892377495766
-0.64380723238   0.169761493802   -0.746118783951
-0.362183630466   0.791328430176   0.492567062378
0.674043953419   0.58735024929   -0.447978168726
-0.793501377106   0.474015206099   -0.381660997868
0.43458878994   0.00234806514345   -0.900625944138
-0.426014214754   -0.880513548851   -0.207864880562
-0.973770618439   -0.148343652487   0.172525063157
0.187010169029   -0.0898904576898   0.978236615658
-0.129606828094   0.984842061996   0.115274459124
-0.573238790035   0.520361661911   0.632946252823
0.694824814796   0.718126833439   0.0388893410563
-0.434299170971   0.462079644203   -0.773218393326
0.934014618397   0.357233256102   -0.00106458563823
-0.345126539469   0.901583313942   -0.260835558176
-0.0922193229198   0.24399164319   0.965382635593
0.997538745403   -0.0698878318071   -0.00566784292459
0.0214140862226   0.380626946688   -0.924480676651
0.066767282784   0.922083973885   0.381186723709
-0.852028250694   -0.409331709146   0.326336294413
-0.511667251587   0.519396901131   -0.684414684772
0.110654585063   -0.750116288662   -0.651982486248
-0.344486862421   -0.796294629574   0.49723598361
-0.46264949441   -0.316872298717   -0.827977895737
0.816874682903   -0.515273451805   -0.259246975183
0.438016861677   0.30681553483   -0.844988405704
0.318793088198   0.825853466988   0.465120464563
0.840542793274   -0.473107069731   0.263927072287
0.155526816845   -0.411957383156   0.897832155228
-0.961670219898   -0.270930588245   0.0422725565732
0.225835695863   -0.86999297142   -0.438304126263
0.0357116013765   -0.600351929665   -0.798938214779
0.998339056969   0.0575965493917   0.0013443903299
0.0452089756727   -0.797659218311   0.601411640644
-0.996055722237   0.0122649958357   -0.0878783166409
0.087819956243   -0.00521957501769   -0.996122717857
-0.0126761281863   -0.999911129475   0.00412187632173
-0.563614904881   -0.135558977723   0.814838647842
0.336007714272   0.863521575928   0.376070857048
-0.754610538483   0.485751211643   -0.441144794226
-0.832794070244   0.545217633247   0.0958736240864
0.00404652347788   -0.167187362909   0.985916852951
0.553568124771   0.821453630924   0.137026399374
-0.929282784462   -0.0134098725393   0.36912560463
0.269529491663   0.658695936203   0.702476680279
-0.252561658621   0.752289712429   -0.608500421047
-0.57763081789   0.168754979968   -0.798664152622
0.526199758053   -0.671013593674   -0.522354841232
-0.6240645051   -0.7219851017   0.298799306154
0.300572305918   -0.104749023914   0.947989404202
0.719955921173   -0.626997828484   -0.29755204916
0.625555574894   0.771946489811   -0.113043494523
-0.24935425818   -0.810108602047   -0.530609607697
-0.216863632202   0.580713629723   -0.78469222784
0.943818092346   -0.0805964246392   -0.320486485958
0.948183357716   -0.11766038835   0.295134454966
-0.233246639371   0.372971594334   0.898046851158
-0.215741321445   -0.920352220535   0.326201587915
0.999999403954   -0.000401108613005   0.00103190250229
0.000401749974117   0.999999701977   -0.000621387269348
-0.00103165290784   0.000621801416855   0.999999284744
0.896833002567   -0.404063880444   -0.180063828826
-0.275481849909   -0.828616917133   0.487343609333
-0.346121877432   -0.387461513281   -0.854443252087
0.865880489349   -0.500249922276   0.000979549251497
0.500249087811   0.865880966187   0.00100225373171
-0.00134955043904   -0.000377813354135   0.999999046326
