-0.514246702194   -0.773134768009   -0.371231764555
-0.0694611147046   0.468974858522   -0.880475878716
0.854824841022   -0.42699560523   -0.29487156868
-0.139526322484   -0.862073242664   0.487198203802
0.711728036404   0.254767626524   0.654627084732
-0.688458859921   0.438090354204   0.578014910221
0.77137440443   0.217891663313   -0.597917020321
0.257833957672   0.751981317997   0.60666769743
0.581810295582   -0.622131228447   0.523879289627
0.949304878712   -0.196963563561   0.245001241565
0.101638793945   0.929823219776   0.353692442179
-0.29747235775   -0.310860335827   0.902704834938
-0.609558701515   0.73059463501   -0.30768430233
0.404615074396   -0.0470359884202   -0.913276672363
-0.681707262993   -0.681189477444   -0.26693841815
0.599004328251   -0.68287563324   0.418180197477
0.534573972225   0.729847311974   0.426090985537
-0.596174836159   -0.031682100147   0.80222928524
0.228819966316   -0.949123203754   -0.216348335147
-0.819211602211   -0.0676891431212   -0.569482684135
0.525864779949   0.307544082403   -0.793021321297
0.947339236736   -0.19594566524   0.253285825253
-0.113289363682   -0.944865465164   -0.307237237692
0.299522846937   0.262363284826   -0.91730672121
-0.993892610073   0.0808883532882   0.0750635713339
-0.106627643108   -0.528725445271   -0.842068850994
-0.0284255389124   -0.844929873943   0.534121274948
-0.986053586006   0.0767402276397   -0.147679626942
0.0660826042295   0.994932830334   0.075774691999
0.152746275067   0.0649588480592   -0.986128270626
-0.890039205551   -0.22020034492   -0.399176716805
-0.455058217049   0.376447468996   0.80697542429
-0.0274271909148   0.899888396263   -0.43525698781
0.894510447979   0.0344624146819   -0.445716738701
-0.444224685431   0.180379137397   -0.877569258213
0.0501548461616   0.982993245125   0.176660075784
0.192675635219   0.685353636742   0.702258169651
-0.376127719879   0.712588071823   -0.592238247395
-0.906313419342   -0.150028884411   0.395078837872
-0.442715644836   0.803685545921   0.397608369589
0.865045428276   0.266104131937   0.425305753946
0.236006870866   0.532238841057   -0.813032984734
-0.839352011681   0.521282494068   0.15411914885
-0.485007822514   -0.846198856831   0.220714613795
0.245470106602   0.110508270562   0.963084816933
-0.0172515921295   0.598318696022   -0.801072478294
0.516000509262   0.691582083702   0.505428195
0.856414556503   -0.404634356499   -0.320663630962
0.733509540558   -0.679489374161   0.0160608775914
0.666341602802   0.71425652504   -0.214071214199
0.133987531066   0.16772530973   0.976686000824
-0.218363046646   -0.918578863144   0.329439580441
-0.961867630482   0.259572893381   0.086212515831
-0.16470657289   -0.29805162549   -0.940232396126
0.116477012634   0.922437906265   0.368159472942
0.86882776022   -0.274235039949   0.412229835987
0.481218665838   0.271851867437   -0.833381772041
0.917063355446   -0.0117432679981   -0.398568570614
-0.0571358688176   -0.993121385574   -0.102202542126
-0.394626796246   0.11649876833   -0.911426186562
0.815932691097   0.128453359008   0.563696324825
-0.566771328449   -0.0147428140044   0.823743224144
0.114123053849   -0.991605937481   0.0607745349407
0.210039660335   -0.661059498787   -0.720335781574
0.976237356663   0.101617887616   0.191401138902
-0.0533285401762   -0.743420541286   0.666694760323
-0.505409479141   0.344110161066   -0.791296064854
-0.845874011517   -0.0164162665606   0.53313010931
0.170465365052   0.938785731792   0.299370765686
-0.299566477537   0.863965749741   0.404750734568
-0.176469951868   -0.467089295387   0.866421341896
0.937613070011   0.18812443316   0.292388290167
0.160980194807   0.747707247734   -0.644219875336
0.642527401447   -0.574860930443   -0.506649255753
-0.749162137508   -0.332368433475   -0.57296359539
-0.222881793976   0.427841991186   -0.875942289829
-0.909956276417   -0.413654148579   0.0294928960502
-0.349718868732   0.803642630577   0.481513470411
0.948412716389   0.185614719987   0.257022380829
-0.0115563189611   0.830399036407   -0.557049274445
-0.316827684641   0.525342404842   0.789705991745
-0.0834938436747   -0.844788491726   -0.528546273708
-0.0282422173768   0.53219127655   -0.846152961254
0.99610799551   -0.0557212419808   -0.0682933926582
0.923657894135   -0.105561353266   0.368392378092
-0.104678682983   0.855253696442   0.507526874542
-0.368644148111   -0.507344007492   0.77891176939
-0.961359918118   -0.266849339008   -0.0676651671529
0.261785656214   -0.962190449238   0.0752181783319
-0.0851786956191   0.0545979738235   0.994868636131
0.207245916128   -0.159538045526   0.965192615986
0.244372919202   -0.946893393993   -0.208985030651
0.947275578976   0.279178231955   -0.157253012061
-0.338811784983   -0.242437943816   0.909082174301
0.837548553944   -0.517903864384   0.174034610391
0.428624600172   0.820365428925   0.378525465727
0.639889657497   0.490533560514   -0.591538667679
0.190498381853   -0.846992850304   -0.496299743652
-0.744480729103   0.204889923334   -0.635427832603
-0.328992247581   0.0875420570374   0.940266191959
0.812763988972   0.533210635185   0.234736382961
-0.48081061244   0.841440916061   -0.246573194861
0.76391351223   -0.262025088072   -0.589727878571
0.503943145275   -0.328595042229   0.798790693283
-0.403084874153   -0.907396376133   -0.118972443044
-0.990485370159   -0.0946194753051   0.0999294891953
-0.0692258328199   -0.285010576248   -0.956021308899
0.118939198554   -0.953842818737   0.275748699903
0.744521141052   0.61195987463   0.26682087779
0.248153120279   -0.624716818333   0.740370810032
0.619764745235   -0.485009253025   -0.616974651814
-0.493367612362   0.396376222372   0.77425724268
-0.860795736313   -0.0945990905166   -0.500081717968
-0.124976478517   -0.913201451302   0.387871086597
0.386339187622   0.874069869518   -0.294523119926
-0.460608810186   -0.0938186049461   -0.882631063461
-0.799112975597   0.476654917002   0.366358488798
0.718132019043   0.673821568489   0.173927813768
0.591590821743   -0.722728192806   0.357329308987
0.366478741169   -0.153715535998   -0.917640924454
0.622494220734   -0.775412619114   0.106001220644
-0.738821148872   -0.537561058998   0.406412929296
-0.258155584335   -0.331305652857   -0.907519817352
0.472768545151   -0.840377569199   0.265057444572
-0.809950649738   -0.295945286751   0.506355941296
-0.347087711096   -0.454072594643   -0.820577979088
0.648560464382   -0.695866942406   -0.308445334435
0.0266124140471   -0.38425090909   0.922845065594
-0.76069778204   -0.606729328632   -0.230691254139
-0.161734431982   -0.565214216709   -0.808934390545
0.352546781301   0.732538223267   -0.582321643829
0.921711862087   -0.379368662834   0.0807878002524
0.888275921345   0.452610343695   0.0781650990248
0.320993751287   -0.490003466606   -0.810468792915
-0.328525394201   0.745010375977   -0.580543339252
-0.227686539292   0.793471634388   0.564412593842
0.626478016376   0.563110589981   -0.538917243481
-0.745442211628   0.230887889862   -0.625305235386
0.109304346144   -0.0749855712056   0.991175949574
0.881553888321   -0.453394114971   -0.131516203284
0.459255158901   0.888150274754   0.01654586941
0.0675222352147   -0.680028378963   -0.730069994926
0.968097627163   0.221631705761   -0.116903491318
0.241304337978   -0.698885381222   0.673298895359
0.14635899663   -0.514987409115   -0.844610571861
0.982947766781   -0.0203729979694   0.182752966881
-0.11132273078   -0.856955587864   0.503223955631
-0.404190182686   0.347580552101   0.846060335636
0.522920191288   0.846724927425   -0.0980378165841
-0.750456392765   0.402796089649   -0.523994803429
-0.115875869989   -0.993047177792   0.0207375176251
-0.964620828629   0.117487519979   0.236015498638
-0.236810937524   0.00734466081485   -0.971527993679
0.464714378119   0.185918077826   -0.865722239017
-0.230714812875   0.969360291958   0.0843285694718
0.854874968529   0.160546243191   0.493369728327
-0.81031358242   -0.370341151953   -0.454135835171
-0.378099024296   -0.261656701565   0.888018548489
-0.447697490454   0.891281783581   0.0719983428717
-0.698003649712   -0.143231749535   -0.701623558998
-0.330382019281   -0.804868102074   0.492985904217
-0.635325610638   0.575909733772   0.514479637146
0.0599339082837   -0.324476510286   -0.943993091583
0.672548294067   -0.685694277287   0.278392016888
-0.737622320652   -0.6515660882   0.177129790187
-0.900431573391   0.420614093542   0.110935822129
-0.434874534607   -0.864343523979   -0.252575576305
-0.0103501863778   -0.275670170784   0.961196541786
0.48951125145   -0.866344451904   0.0991263464093
-0.539916157722   -0.211861163378   0.814619779587
-0.684740304947   -0.452285468578   -0.571461796761
-0.587841808796   -0.191035345197   -0.786096394062
-0.433490216732   -0.746049404144   0.505466580391
-0.683028757572   0.637899458408   0.355747073889
-0.342955440283   -0.888623714447   -0.304515093565
0.936521291733   -0.348603636026   -0.0374615602195
-0.0728658363223   -0.298032522202   0.951770544052
0.646300435066   0.356721580029   -0.674570560455
-0.547816097736   -0.398501724005   -0.735590875149
-0.531218707561   0.844953298569   -0.0621340312064
0.761820733547   -0.58355230093   0.28123986721
-0.52051281929   -0.809880375862   -0.27048137784
0.385610669851   0.0596693791449   -0.920730113983
-0.691225469112   -0.345953822136   -0.634447216988
-0.625728607178   -0.152642577887   0.764960110188
-0.36148455739   0.925751686096   -0.110962763429
-0.896860003471   0.193358838558   0.397812098265
0.0961119905114   -0.792704761028   0.601981401443
0.43174597621   0.578127563   0.692361116409
0.564901590347   0.148836016655   0.811624348164
-0.382401317358   -0.824380636215   0.417331784964
0.731201350689   -0.546117603779   -0.408778816462
-0.444945365191   -0.467130511999   0.764076352119
0.401351779699   -0.866720080376   -0.296163856983
0.800587534904   0.174886673689   0.573126733303
0.809778988361   0.131107777357   0.571899235249
0.17037178576   0.88017553091   -0.443017452955
-0.561454772949   0.4561817348   0.690410614014
-0.623164772987   0.531229794025   -0.573986589909
-0.0291967727244   -0.749203383923   -0.661696195602
-0.78154540062   -0.395587205887   0.482387334108
-0.590620517731   -0.38181206584   0.710905730724
-0.512462258339   0.857993900776   0.0350562930107
-0.623337686062   -0.343607395887   -0.702413022518
0.566088080406   0.485904604197   -0.665913641453
0.0373542234302   -0.822100043297   -0.568116366863
-0.823498010635   0.296729207039   -0.483531624079
0.928041219711   0.354903817177   0.113061130047
0.337744444609   -0.929791510105   0.146343648434
0.157061204314   -0.0976271703839   -0.982751607895
0.682839691639   0.730544984341   -0.00583077128977
0.303626418114   -0.276522040367   0.911782085896
0.664485454559   -0.624371349812   -0.410632997751
0.204222723842   -0.162577822804   -0.965329766273
0.796580195427   0.600770294666   0.0673426315188
0.568993031979   -0.782715439796   0.252197235823
-0.314986199141   0.281127482653   -0.906504869461
-0.25221991539   0.895986139774   0.365505069494
0.914969325066   0.343767613173   -0.211317330599
-0.165827974677   0.0722263455391   -0.983506202698
-0.0481593981385   -0.996717453003   -0.0650764405727
-0.984978020191   0.036573573947   0.168762013316
0.553139269352   -0.832670152187   -0.026408046484
0.288312524557   0.161592200398   0.943802893162
-0.781609117985   -0.529668211937   0.329452216625
0.171443611383   0.878592431545   -0.445738077164
0.39333075285   0.3537735641   0.848607778549
0.903270721436   -0.320810884237   -0.284925192595
-0.466050744057   -0.634945452213   0.616150140762
0.202090486884   -0.754390597343   -0.624543249607
0.861368775368   -0.166550785303   0.479900717735
0.167985543609   0.447763741016   -0.878230333328
0.813026368618   0.440870940685   0.380290538073
0.557466566563   -0.777907729149   -0.289983779192
0.259873837233   0.522537887096   -0.812046647072
0.370649665594   0.722546517849   0.583562612534
0.891675055027   -0.452637463808   -0.00590755278245
0.281189441681   0.249938249588   -0.92653298378
0.768762171268   -0.636561989784   0.0615915767848
-0.57440161705   -0.729602396488   -0.371137589216
0.948618590832   0.299532204866   -0.101995997131
0.234570235014   -0.882035017014   -0.408645421267
-0.212366506457   0.363723427057   -0.906976163387
0.754181802273   0.561088621616   0.34115883708
-0.0369706265628   -0.482427239418   0.875155508518
0.65562415123   -0.672639191151   -0.343094050884
0.606871366501   0.0456307902932   0.793489158154
0.334345787764   -0.920375645161   -0.202784642577
0.721054852009   0.388363927603   -0.57380604744
-0.737101256847   0.52340310812   -0.427470386028
-0.208196505904   0.425905883312   0.880487620831
0.642912089825   0.738006353378   -0.204965040088
-0.760627985001   -0.454398006201   -0.463645964861
0.400501489639   -0.89053696394   0.215737000108
-0.510924339294   -0.0215953066945   0.859354376793
0.0354462005198   -0.983064174652   -0.179800987244
0.928697526455   -0.0340532623231   0.369271278381
-0.369140177965   -0.180069997907   0.911762177944
-0.632803142071   0.558466315269   0.536353886127
-0.625554561615   0.0395065434277   -0.779179513454
-0.456335008144   -0.828585922718   0.324351280928
0.989632725716   -0.14164532721   0.0237411987036
0.0026164969895   -0.147495731711   -0.989059209824
0.143597349524   0.978867530823   -0.145595997572
-0.473184794188   -0.880443871021   0.0302443541586
-0.851057231426   0.447982996702   -0.273884683847
0.227591142058   -0.155337750912   -0.961286902428
0.10791336745   -0.982148528099   -0.154074564576
-0.0631886646152   0.147890165448   -0.986983120441
0.992150127888   0.11624443531   -0.0461013317108
0.344935983419   -0.281465351582   0.895430862904
-0.853609442711   0.302664369345   0.423963665962
-0.390346109867   -0.910588562489   -0.135861635208
0.367801994085   0.262404233217   -0.892113029957
0.440678477287   0.795609116554   0.415702521801
0.818855404854   -0.546031236649   0.176990732551
-0.426322221756   0.223721086979   0.876469194889
-0.897045552731   -0.22928839922   -0.377804279327
0.116441436112   -0.947299182415   0.298438757658
-0.769733786583   0.628071904182   0.114173345268
-0.623696506023   -0.778041183949   0.0751973241568
0.136060893536   -0.0133275911212   0.990610837936
-0.582996726036   -0.756391763687   -0.296624839306
0.778477311134   -0.624548375607   0.0625488311052
-0.232567980886   -0.194449946284   0.952943503857
0.0326300859451   -0.742115795612   0.669476985931
0.861529529095   -0.318672806025   -0.39523974061
0.506657779217   0.58967089653   0.628956377506
0.989649057388   0.140509143472   0.0291871670634
-0.0591147057712   0.213814362884   0.975084006786
0.130767583847   -0.96671640873   0.219907343388
-0.766286075115   0.105348102748   -0.633803963661
0.0313408412039   0.991420567036   0.126897647977
0.641734659672   0.0773759484291   -0.763013482094
0.74324798584   -0.551539003849   -0.378664940596
-0.419890582561   -0.825210511684   0.377782404423
-0.52084004879   -0.121788159013   -0.844922065735
0.0898183733225   0.9274289608   -0.363054007292
0.885869801044   0.0921970307827   0.454680532217
0.455156385899   -0.362457245588   -0.813300311565
-0.415492802858   0.847677528858   -0.329861432314
0.906037926674   0.417740821838   -0.0677336975932
0.0803802460432   -0.327009826899   -0.941596269608
-0.961723268032   0.261794090271   -0.0809456259012
0.178263217211   0.373376250267   -0.910391330719
-0.208111912012   -0.889974176884   -0.40575286746
0.598414063454   0.729604363441   -0.331025838852
-0.799454510212   0.516613304615   -0.306566774845
-0.0526600964367   0.448093950748   0.892434179783
-0.643832564354   0.169969066978   -0.746049702168
-0.362309366465   0.791067183018   0.492894142866
0.673952162266   0.587642073631   -0.447733432055
-0.793471634388   0.474035620689   -0.381697565317
0.434581816196   0.00223659374751   -0.900629580021
-0.426076799631   -0.880502820015   -0.207781940699
-0.973747909069   -0.148242413998   0.172740206122
0.187206923962   -0.0898335501552   0.978204250336
-0.129493489861   0.98486250639   0.115227237344
-0.573298454285   0.520436823368   0.632830440998
0.694849014282   0.718101739883   0.0389192253351
-0.434181660414   0.462033927441   -0.773311674595
0.933991312981   0.357294440269   -0.000962802325375
-0.345159113407   0.901565790176   -0.260853052139
-0.092333316803   0.243966788054   0.965378046036
0.997547447681   -0.0697522908449   -0.0058095776476
0.0212335847318   0.380665391684   -0.924469053745
0.0666953399777   0.922078371048   0.381212890148
-0.852048397064   -0.409373670816   0.32623103261
-0.511636137962   0.519560396671   -0.684313893318
0.110643357038   -0.749980151653   -0.652140974998
-0.344489872456   -0.796362161636   0.497125804424
-0.462532252073   -0.316830694675   -0.828059315681
0.81693983078   -0.515194773674   -0.259198188782
0.438133150339   0.306676447392   -0.844978630543
0.31899663806   0.825779378414   0.465112417936
0.840404987335   -0.47332650423   0.263972580433
0.155546039343   -0.411982744932   0.897817134857
-0.961634874344   -0.271064400673   0.042218670249
0.225972890854   -0.869939267635   -0.438339978456
0.0359532311559   -0.60029566288   -0.798969626427
0.998332560062   0.0577029846609   0.00157006236259
0.0451604314148   -0.79769384861   0.601369321346
-0.996064245701   0.0122024416924   -0.087790235877
0.0877323746681   -0.00519942259416   -0.996130526066
-0.0126116825268   -0.999912023544   0.00410840986297
-0.563831627369   -0.135393694043   0.814716160297
0.335984706879   0.863548278809   0.376030087471
-0.754458844662   0.485749840736   -0.441405624151
-0.832757651806   0.545261800289   0.0959389656782
0.00406974973157   -0.16725474596   0.98590528965
0.55362278223   0.821410596371   0.137063577771
-0.92931842804   -0.0134499575943   0.369034290314
0.269473731518   0.658583402634   0.702603638172
-0.252489835024   0.752387583256   -0.608409285545
-0.5776501894   0.168709114194   -0.798659801483
0.526196837425   -0.671032249928   -0.522333741188
-0.624048948288   -0.721978485584   0.298847734928
0.300475895405   -0.104804813862   0.948013782501
0.720031857491   -0.626923918724   -0.297524005175
0.625514447689   0.771998941898   -0.112912714481
-0.249354586005   -0.810118675232   -0.530594050884
-0.216753736138   0.580689311028   -0.784740567207
0.943843245506   -0.0806704089046   -0.320393770933
0.948212921619   -0.117673203349   0.295034348965
-0.233145609498   0.372979789972   0.898069679737
-0.215720593929   -0.92034727335   0.326229274273
0.99999922514   -0.000454437133158   0.00113890331704
0.000455242610769   0.999999642372   -0.000707080063876
-0.00113858154509   0.000707597995643   0.99999910593
0.896776676178   -0.404109120369   -0.180242776871
-0.275331258774   -0.828496515751   0.487633228302
-0.346387565136   -0.387671619654   -0.854240238667
0.865851461887   -0.500300049782   0.00107798934914
0.500298917294   0.865851998329   0.00113967328798
-0.00150355778169   -0.000447470782092   0.999998748302
