-0.514231622219   -0.773167312145   -0.371184796095
-0.0694350004196   0.468902409077   -0.880516529083
0.854836046696   -0.427016198635   -0.294809311628
-0.139611318707   -0.862047731876   0.487219065428
0.711723983288   0.254731863737   0.654645442963
-0.688445866108   0.438161402941   0.577976584435
0.771471619606   0.217883884907   -0.597794353962
0.257775098085   0.751946628094   0.606735765934
0.581707417965   -0.622175931931   0.523940443993
0.949282944202   -0.196898415685   0.245138585567
0.101512782276   0.929818689823   0.353740572929
-0.297585397959   -0.310915201902   0.902648687363
-0.609550356865   0.73058283329   -0.307728916407
0.404512792826   -0.0471980310977   -0.913313627243
-0.681775450706   -0.681190907955   -0.266760528088
0.598965108395   -0.682900667191   0.418195545673
0.534581303596   0.729824364185   0.426121205091
-0.596207737923   -0.0316722095013   0.802205204964
0.228823423386   -0.949113070965   -0.21638892591
-0.819188952446   -0.0676546692848   -0.569519400597
0.525898575783   0.30758279562   -0.792983949184
0.947343289852   -0.195975124836   0.253247737885
-0.113315798342   -0.944848537445   -0.30727955699
0.299499899149   0.262402266264   -0.917303025723
-0.993902981281   0.0808282643557   0.0749912112951
-0.106534682214   -0.528741240501   -0.842070698738
-0.0284121669829   -0.844925701618   0.534128546715
-0.986055731773   0.0767755955458   -0.147646859288
0.0661344975233   0.994936227798   0.0756841078401
0.152709901333   0.0648642033339   -0.98614013195
-0.890024006367   -0.220164239407   -0.399230420589
-0.455090165138   0.376417130232   0.806971549988
-0.0273891147226   0.89990991354   -0.435214877129
0.894478321075   0.0344254821539   -0.445784062147
-0.444280803204   0.180446043611   -0.877527117729
0.0502306744456   0.98298227787   0.176699653268
0.192678168416   0.685347080231   0.702263832092
-0.376104682684   0.71259778738   -0.592241287231
-0.906322479248   -0.150012761354   0.395064264536
-0.442730158567   0.803679406643   0.397604614496
0.86504149437   0.266123741865   0.425301462412
0.235993996263   0.53223824501   -0.813037037849
-0.839352667332   0.52129560709   0.154071196914
-0.485056251287   -0.84620141983   0.220598220825
0.245372146368   0.11042650789   0.963119149208
-0.0172320250422   0.598258852959   -0.80111759901
0.515962898731   0.691631793976   0.505398631096
0.856437563896   -0.404637932777   -0.320597589016
0.7335537076   -0.679438889027   0.016179099679
0.66631424427   0.714286506176   -0.214056298137
0.133881673217   0.167802155018   0.976687312126
-0.218398928642   -0.918577671051   0.32941916585
-0.961846292019   0.259628802538   0.0862822383642
-0.164783641696   -0.298006653786   -0.940233170986
0.11648029834   0.922454059124   0.368118017912
0.868789255619   -0.274240791798   0.412307173014
0.481287389994   0.271791338921   -0.833361804485
0.91709202528   -0.0117385815829   -0.398502647877
-0.0571128055453   -0.993124842644   -0.10218206048
-0.394563406706   0.116469964385   -0.911457300186
0.815904378891   0.128518283367   0.563722491264
-0.566803514957   -0.0147279361263   0.823721349239
0.114165723324   -0.991597771645   0.0608280189335
0.210058242083   -0.661113262177   -0.72028106451
0.976235091686   0.101668916643   0.191385790706
-0.0532974898815   -0.743365764618   0.666758358479
-0.505402565002   0.344184041023   -0.791268348694
-0.845860242844   -0.0163646750152   0.533153533936
0.170554086566   0.938759565353   0.299402326345
-0.299543768167   0.863989710808   0.404716312885
-0.176444739103   -0.46704262495   0.866451621056
0.937625050545   0.188130110502   0.292346149683
0.160993814468   0.747725069523   -0.644195795059
0.642518103123   -0.574855804443   -0.506666839123
-0.749167203903   -0.332337230444   -0.572975099087
-0.222874701023   0.427936375141   -0.875898003578
-0.909970581532   -0.413625001907   0.0294603183866
-0.349686175585   0.803607404232   0.481596052647
0.948364436626   0.185602530837   0.257209181786
-0.0114335883409   0.830395340919   -0.557057321072
-0.316976547241   0.525352537632   0.789639532566
-0.0834360122681   -0.844736039639   -0.528639316559
-0.0282717347145   0.532282114029   -0.846094846725
0.996111989021   -0.0556492321193   -0.0682936534286
0.923667728901   -0.105590999126   0.368359178305
-0.10462693125   0.855265378952   0.507517814636
-0.368634164333   -0.507318139076   0.778933346272
-0.961342096329   -0.266896635294   -0.0677315369248
0.261816948652   -0.962170600891   0.0753630623221
-0.0852834433317   0.0547164194286   0.994853198528
0.207314252853   -0.159485191107   0.965186655521
0.244387418032   -0.946896195412   -0.208955347538
0.947256863117   0.279198914766   -0.157328903675
-0.338818103075   -0.242413192987   0.909086406231
0.837561070919   -0.517872750759   0.17406667769
0.428595036268   0.820392370224   0.378500521183
0.63986158371   0.490500569344   -0.591596484184
0.190458625555   -0.84701615572   -0.496275305748
-0.744515061378   0.204872846603   -0.6353931427
-0.329054474831   0.0876281782985   0.940236389637
0.812765955925   0.533201515675   0.234750300646
-0.480764716864   0.841437757015   -0.24667352438
0.763882517815   -0.262044548988   -0.589759349823
0.503953456879   -0.328639984131   0.798765718937
-0.403130710125   -0.907374441624   -0.11898406595
-0.990494906902   -0.094556055963   0.0998947024345
-0.0692197829485   -0.284931659698   -0.956045269966
0.118863031268   -0.953872680664   0.275678217411
0.744538664818   0.611931920052   0.266836166382
0.248164325953   -0.624765217304   0.740326225758
0.619739174843   -0.484982252121   -0.617021501064
-0.49339056015   0.396333992481   0.774264276028
-0.860785484314   -0.0946050733328   -0.500098288059
-0.124956607819   -0.913219153881   0.387835770845
0.386309087276   0.874063909054   -0.294580280781
-0.460572808981   -0.0939117223024   -0.882639944553
-0.799148261547   0.476647496223   0.36629113555
0.718185126781   0.673774003983   0.173892825842
0.591548144817   -0.722762227058   0.357331126928
0.366443604231   -0.15376393497   -0.917646825314
0.622460782528   -0.775435447693   0.106030456722
-0.738854289055   -0.537526667118   0.406398147345
-0.258141338825   -0.331307977438   -0.907523036003
0.472727119923   -0.840398728848   0.265064239502
-0.809969484806   -0.295906811953   0.506348252296
-0.347100138664   -0.454058498144   -0.820580542088
0.648538410664   -0.695905089378   -0.308405667543
0.0265552829951   -0.384234964848   0.922853350639
-0.760718584061   -0.606695652008   -0.230711176991
-0.161728799343   -0.565231144428   -0.808923661709
0.352538853884   0.732531011105   -0.582335591316
0.921715855598   -0.379357457161   0.0807945951819
0.888250231743   0.452664494514   0.0781430751085
0.321013599634   -0.490006744862   -0.810458898544
-0.328575342894   0.744975328445   -0.580560088158
-0.227726966143   0.79351079464   0.564341247082
0.626499295235   0.563078522682   -0.538925945759
-0.745411992073   0.230831429362   -0.625362157822
0.10937948525   -0.0749656185508   0.991169154644
0.881541669369   -0.453401148319   -0.131573975086
0.459260761738   0.888148367405   0.0164925344288
0.0675741434097   -0.680063843727   -0.730032086372
0.968081772327   0.221695914865   -0.116912782192
0.241353303194   -0.698830485344   0.673338353634
0.146287530661   -0.515015304089   -0.844605922699
0.982964098454   -0.0203600376844   0.182666391134
-0.111272200942   -0.856939136982   0.503263115883
-0.404153108597   0.347590446472   0.8460739851
0.522989571095   0.846684217453   -0.0980191752315
-0.750427961349   0.40287309885   -0.523976266384
-0.115933008492   -0.993042767048   0.0206303447485
-0.964594364166   0.117516927421   0.23610894382
-0.236890688539   0.00747290300205   -0.971507549286
0.46472916007   0.185915276408   -0.865714907646
-0.23077981174   0.969348609447   0.0842848047614
0.854849398136   0.160619914532   0.493390083313
-0.810341179371   -0.370404630899   -0.454034805298
-0.377980470657   -0.261661171913   0.888067662716
-0.447747647762   0.891254067421   0.0720290914178
-0.698044419289   -0.143230840564   -0.701583147049
-0.330323010683   -0.804896235466   0.492979496717
-0.635311484337   0.575870633125   0.514540851116
0.0599133484066   -0.324497610331   -0.943987131119
0.672525584698   -0.685713529587   0.27839961648
-0.737644731998   -0.651535332203   0.177149534225
-0.900443434715   0.420569360256   0.111009381711
-0.434850841761   -0.864329218864   -0.252665311098
-0.0103146331385   -0.275783330202   0.961164474487
0.489517986774   -0.866344869137   0.0990891456604
-0.539857506752   -0.211862713099   0.814658224583
-0.684781730175   -0.452283889055   -0.571413397789
-0.587897479534   -0.19098123908   -0.786067843437
-0.433543592691   -0.746000885963   0.505492448807
-0.682946920395   0.637972414494   0.355773359537
-0.342876404524   -0.888669073582   -0.304471760988
0.936552584171   -0.348520904779   -0.0374485589564
-0.07283539325   -0.297994047403   0.951784908772
0.646274924278   0.356767266989   -0.674570858479
-0.547764599323   -0.398578047752   -0.735587894917
-0.531302809715   0.844898045063   -0.0621665418148
0.761838197708   -0.583532214165   0.281234204769
-0.520481348038   -0.809892237186   -0.270506322384
0.385618537664   0.0597048923373   -0.920724511147
-0.691218435764   -0.345979005098   -0.634441196918
-0.625746130943   -0.152589157224   0.7649564147
-0.361467719078   0.92575109005   -0.11102258414
-0.896852731705   0.193376809359   0.397819817066
0.0961199253798   -0.792681753635   0.602010428905
0.431759387255   0.578153133392   0.692331433296
0.564969241619   0.148752778769   0.811592459679
-0.382464408875   -0.824350297451   0.417333871126
0.731116056442   -0.546186029911   -0.408839941025
-0.444944769144   -0.467128694057   0.764077842236
0.401373565197   -0.866715967655   -0.296146333218
0.800576925278   0.174911901355   0.573133826256
0.809738397598   0.131164133549   0.571943819523
0.170368179679   0.880160331726   -0.443049013615
-0.561514377594   0.45619481802   0.690353453159
-0.623233497143   0.53120714426   -0.573932886124
-0.0292081609368   -0.749195098877   -0.661705076694
-0.781490147114   -0.395633220673   0.48243907094
-0.590684652328   -0.38170209527   0.710911512375
-0.512407898903   0.858030974865   0.0349421575665
-0.623321592808   -0.343636870384   -0.702412903309
0.566081047058   0.485944151878   -0.665890812874
0.0373010523617   -0.822049319744   -0.56819319725
-0.823505222797   0.296804964542   -0.483472764492
0.928040325642   0.354917138815   0.113026589155
0.337761729956   -0.92978566885   0.146340608597
0.157029300928   -0.0976339280605   -0.982756018639
0.682851791382   0.730533480644   -0.0058550988324
0.303620189428   -0.27649512887   0.911792337894
0.664475858212   -0.62439674139   -0.410609900951
0.204313144088   -0.162627100945   -0.965302288532
0.796563267708   0.600788354874   0.0673818737268
0.568984270096   -0.78269135952   0.252291738987
-0.314930945635   0.281115889549   -0.906527638435
-0.252276241779   0.895978033543   0.365486115217
0.914972782135   0.343798279762   -0.211252331734
-0.165821999311   0.0721812918782   -0.983510494232
-0.0480542108417   -0.996724367142   -0.0650490298867
-0.984984219074   0.0364752598107   0.168747439981
0.553097248077   -0.832695960999   -0.0264742616564
0.288422048092   0.161571279168   0.94377297163
-0.781598448753   -0.529633998871   0.329532504082
0.171502754092   0.878613829613   -0.445673137903
0.393311917782   0.353699505329   0.848647415638
0.903267681599   -0.320833921432   -0.284908860922
-0.466013878584   -0.63499045372   0.616131603718
0.202068760991   -0.754347980022   -0.624601781368
0.861393809319   -0.166572153568   0.479848355055
0.168030306697   0.447774976492   -0.878216028214
0.812983989716   0.440898180008   0.380349606276
0.55751490593   -0.777885854244   -0.289949625731
0.259885817766   0.522562325001   -0.812027096748
0.370573848486   0.72256308794   0.583590269089
0.89170306921   -0.452582836151   -0.00586402090266
0.281197458506   0.249929845333   -0.926532804966
0.768759548664   -0.636564135551   0.0616026259959
-0.574401259422   -0.729603409767   -0.371136158705
0.948622405529   0.299509495497   -0.102027647197
0.234551921487   -0.882068812847   -0.408582955599
-0.21236987412   0.363660156727   -0.907000720501
0.754169464111   0.561091840267   0.341180831194
-0.037005212158   -0.482416003942   0.875160217285
0.655636310577   -0.672644615173   -0.343060106039
0.606908679008   0.0455630645156   0.793464481831
0.334341645241   -0.920355379581   -0.20288322866
0.721025288105   0.388419806957   -0.573805332184
-0.737127065659   0.523438870907   -0.427382081747
-0.208108156919   0.425872594118   0.88052457571
0.64291113615   0.7380002141   -0.204990312457
-0.760639727116   -0.454418540001   -0.463606566191
0.400537073612   -0.890526115894   0.215715646744
-0.510878920555   -0.0216097310185   0.859381020069
0.0354754477739   -0.983061313629   -0.179810836911
0.928697705269   -0.0340297296643   0.369272947311
-0.369136869907   -0.180090039968   0.911759614944
-0.632814884186   0.558455705643   0.536351144314
-0.625575721264   0.0394526645541   -0.779165267944
-0.456289738417   -0.828595638275   0.324390083551
0.989637613297   -0.141619339585   0.0236926674843
0.00258278870024   -0.147421196103   -0.989070415497
0.143564298749   0.978882491589   -0.145527794957
-0.473244011402   -0.880410432816   0.0302906781435
-0.851055324078   0.44804507494   -0.273789077997
0.227475181222   -0.155348077416   -0.961312651634
0.107872106135   -0.982154011726   -0.154068529606
-0.063209824264   0.147883534431   -0.986982762814
0.992153286934   0.116206549108   -0.0461292751133
0.344949305058   -0.281542539597   0.895401477814
-0.853593289852   0.302650749683   0.424005866051
-0.390369623899   -0.910569250584   -0.135923668742
0.367909997702   0.262331068516   -0.892090022564
0.440690159798   0.795601904392   0.415704011917
0.818800568581   -0.546076953411   0.177103161812
-0.426360696554   0.223621636629   0.876475870609
-0.897018671036   -0.229329377413   -0.377843260765
0.116507738829   -0.947312712669   0.298369824886
-0.769727289677   0.6280772686   0.114187896252
-0.623700678349   -0.778036773205   0.0752076879144
0.136078625917   -0.01332966052   0.990608334541
-0.582987010479   -0.756404042244   -0.296612620354
0.778467059135   -0.624552667141   0.0626339092851
-0.232626751065   -0.194388389587   0.952941715717
0.0326806046069   -0.742065489292   0.669530332088
0.861512601376   -0.318687558174   -0.395264834166
0.506683349609   0.589726269245   0.628883838654
0.989655554295   0.140451833606   0.0292423237115
-0.0591624751687   0.213860735297   0.975070953369
0.130696728826   -0.966714441776   0.219957947731
-0.766225576401   0.105438701808   -0.633862018585
0.0313406437635   0.991403877735   0.127028182149
0.641806900501   0.0774665921926   -0.762943506241
0.74317073822   -0.551602125168   -0.37872466445
-0.419853597879   -0.825156867504   0.377940535545
-0.520980060101   -0.121865436435   -0.844824552536
0.0898666232824   0.927404105663   -0.363105505705
0.885845601559   0.0921993106604   0.454727262259
0.455193996429   -0.362520217896   -0.813251197338
-0.415479242802   0.847676813602   -0.329880267382
0.906039655209   0.417745143175   -0.0676845386624
0.080431252718   -0.327006101608   -0.941593229771
-0.961737036705   0.261751025915   -0.0809214860201
0.178228676319   0.373405724764   -0.910386025906
-0.208077922463   -0.889974474907   -0.405769646168
0.598416864872   0.729654550552   -0.330910086632
-0.799445152283   0.51660233736   -0.306609630585
-0.0527701899409   0.448024839163   0.89246237278
-0.643845021725   0.170071139932   -0.746015667915
-0.362373262644   0.79093682766   0.493056327105
0.673905909061   0.587787985802   -0.447611540556
-0.793456852436   0.474046617746   -0.381714522839
0.434577226639   0.00218119565398   -0.900631904602
-0.426108926535   -0.880497038364   -0.207740560174
-0.973736345768   -0.148193582892   0.172847405076
0.18730507791   -0.0898046866059   0.978188097477
-0.129438683391   0.984872460365   0.115203492343
-0.573327898979   0.520473301411   0.632773756981
0.694860816002   0.718089520931   0.0389344282448
-0.434123873711   0.462011903524   -0.773357272148
0.933980226517   0.357323497534   -0.000912509683985
-0.345174103975   0.901557683945   -0.260861188173
-0.092389151454   0.243954181671   0.965375900269
0.997551679611   -0.0696857199073   -0.00587998377159
0.0211442057043   0.380684435368   -0.924463272095
0.0666602998972   0.922075510025   0.381225824356
-0.852058231831   -0.40939438343   0.326179325581
-0.511621057987   0.519641637802   -0.684263408184
0.110637247562   -0.749912500381   -0.652219772339
-0.34449249506   -0.796394765377   0.497071743011
-0.462473750114   -0.316810518503   -0.828099727631
0.816971838474   -0.515156745911   -0.259172827005
0.438189804554   0.30660790205   -0.84497410059
0.319098502398   0.825742125511   0.465108662844
0.840336740017   -0.473435848951   0.263993680477
0.155556514859   -0.411994338036   0.897810041904
-0.96161711216   -0.271131515503   0.0421928577125
0.22604136169   -0.869912862778   -0.43835708499
0.0360734499991   -0.600266873837   -0.79898583889
0.998329341412   0.0577552355826   0.00168292107992
0.0451354160905   -0.797711730003   0.601347446442
-0.996068537235   0.012171455659   -0.0877457633615
0.0876881554723   -0.00518952822313   -0.996134459972
-0.0125797651708   -0.999912440777   0.0041018333286
-0.563939332962   -0.135312005877   0.814655184746
0.335972994566   0.86356151104   0.376010149717
-0.754383563995   0.485749065876   -0.441535115242
-0.832739949226   0.545283138752   0.0959709435701
0.00408179545775   -0.167286768556   0.985899806023
0.553649246693   0.821389913559   0.137080639601
-0.929336309433   -0.013471538201   0.368988573551
0.269445061684   0.658526539803   0.702667891979
-0.252454787493   0.752436935902   -0.608362734318
-0.57765930891   0.168687596917   -0.798657774925
0.526194989681   -0.671041607857   -0.522323608398
-0.624042093754   -0.721974849701   0.29887086153
0.300427347422   -0.104833111167   0.948026061058
0.720069646835   -0.626887202263   -0.297509908676
0.625494301319   0.772024869919   -0.112846933305
-0.249355062842   -0.810123503208   -0.530586361885
-0.216699779034   0.580677390099   -0.784764289856
0.943855524063   -0.0807069912553   -0.320348441601
0.948228061199   -0.117678910494   0.294983506203
-0.233094424009   0.372984498739   0.898081064224
-0.215709462762   -0.920344650745   0.326244056225
0.999999165535   -0.000481572205899   0.00119224272203
0.000482465955429   0.999999582767   -0.000749453436583
-0.00119188136887   0.000750028062612   0.999998986721
0.8967487216   -0.404130995274   -0.180332750082
-0.275255262852   -0.828436911106   0.487777382135
-0.346520274878   -0.387776196003   -0.85413891077
0.865836501122   -0.500325798988   0.00112688576337
0.500324606895   0.865837097168   0.00120816437993
-0.0015801753616   -0.000482264149468   0.999998629093
