-0.514177024364   -0.773296713829   -0.370990872383
-0.0693330466747   0.468609184027   -0.88068062067
0.854877114296   -0.427103817463   -0.294563084841
-0.139948382974   -0.861951172352   0.487293183804
0.711704611778   0.254585593939   0.654723405838
-0.688397407532   0.438436299562   0.577825784683
0.771853327751   0.217850863934   -0.597313523293
0.257547557354   0.75180888176   0.607003033161
0.581301748753   -0.622353971004   0.5241792202
0.94919526577   -0.196644559503   0.245681256056
0.10101737082   0.929799318314   0.353933274746
-0.298033297062   -0.31113371253   0.902425587177
-0.609518826008   0.730537474155   -0.307899087667
0.404099851847   -0.0478387214243   -0.913463056087
-0.682048499584   -0.681194901466   -0.266051471233
0.598806738853   -0.683006346226   0.418249666691
0.534613549709   0.729726910591   0.426247566938
-0.596337854862   -0.0316379591823   0.802109837532
0.228837743402   -0.949073970318   -0.216545403004
-0.819095790386   -0.0675192326307   -0.569669425488
0.526037395   0.307733297348   -0.792833447456
0.947359681129   -0.19608861208   0.253098636866
-0.113417066634   -0.944782137871   -0.307446420193
0.299409806728   0.262556642294   -0.917288303375
-0.993943154812   0.0805968493223   0.0747067257762
-0.10617185384   -0.528804779053   -0.842076659203
-0.028363449499   -0.844908058643   0.534159004688
-0.986065685749   0.0769090279937   -0.147510901093
0.0663350969553   0.994950830936   0.0753160566092
0.152558580041   0.0644814223051   -0.986188650131
-0.889961242676   -0.220030173659   -0.399444311857
-0.455221682787   0.376297801733   0.806953012943
-0.0272439997643   0.899992585182   -0.435052961111
0.894350528717   0.0342695564032   -0.446052402258
-0.444502770901   0.180714130402   -0.877359509468
0.0505412481725   0.982938468456   0.176854684949
0.192697554827   0.685318887234   0.70228600502
-0.37601184845   0.712639570236   -0.5922498703
-0.906356871128   -0.149942785501   0.395011931658
-0.442792862654   0.80365228653   0.397589564323
0.865024030209   0.266206562519   0.425285160542
0.23594045639   0.532237768173   -0.81305295229
-0.839353621006   0.521350026131   0.153881907463
-0.485250711441   -0.846210420132   0.220135644078
0.244984194636   0.110100351274   0.963255226612
-0.0171621069312   0.598025560379   -0.801293253899
0.51581299305   0.691828906536   0.505281865597
0.856529295444   -0.404645770788   -0.320342600346
0.733725786209   -0.679241836071   0.0166443586349
0.666208267212   0.714402854443   -0.213997989893
0.133465617895   0.168104454875   0.976692259312
-0.218535840511   -0.918573498726   0.329339981079
-0.961762368679   0.259846299887   0.0865621417761
-0.165091469884   -0.297829866409   -0.940235197544
0.116488814354   0.922517597675   0.367955982685
0.868634819984   -0.274262100458   0.412618339062
0.481564074755   0.27155393362   -0.833279371262
0.917208433151   -0.0117180347443   -0.398235321045
-0.0570201016963   -0.99313813448   -0.10210467875
-0.394306242466   0.116358697414   -0.911582827568
0.815788865089   0.128790080547   0.563827693462
-0.566933512688   -0.0146672353148   0.823632955551
0.114345550537   -0.991563379765   0.0610500462353
0.210131645203   -0.661322891712   -0.72006714344
0.97622603178   0.101871103048   0.191324219108
-0.0531730502844   -0.743151605129   0.667006969452
-0.505375385284   0.344473451376   -0.791159749031
-0.845805048943   -0.0161557663232   0.533247351646
0.170907765627   0.938657045364   0.299522101879
-0.299456983805   0.864087879658   0.404570907354
-0.176346436143   -0.466849952936   0.866575479507
0.937671303749   0.188157439232   0.292180299759
0.16105389595   0.747798860073   -0.644095122814
0.64248162508   -0.574834883213   -0.506736814976
-0.749185562134   -0.332207322121   -0.573026418686
-0.222843065858   0.428307324648   -0.875724732876
-0.91002869606   -0.41350632906   0.0293309129775
-0.349555075169   0.803470849991   0.481918990612
0.948173224926   0.185544744134   0.257954806089
-0.0109363812953   0.830381810665   -0.557087481022
-0.317565619946   0.525394380093   0.789374947548
-0.083209477365   -0.84452933073   -0.529005110264
-0.0283966287971   0.532639861107   -0.845865488052
0.996127426624   -0.0553620643914   -0.068302474916
0.923710465431   -0.10570872575   0.368218243122
-0.104416333139   0.85531193018   0.5074827075
-0.368586808443   -0.507215082645   0.779022872448
-0.961271703243   -0.267080515623   -0.0680048167706
0.261936306953   -0.962092757225   0.0759397745132
-0.0857089757919   0.0551858246326   0.994790673256
0.20758099854   -0.159273475409   0.96516430378
0.244442597032   -0.946908771992   -0.208833962679
0.947184205055   0.27927723527   -0.157627046108
-0.338849335909   -0.242319107056   0.909099876881
0.837610661983   -0.517748355865   0.174198135734
0.428473442793   0.82049870491   0.378407776356
0.639751672745   0.490373134613   -0.591820895672
0.190303504467   -0.847105681896   -0.496181994677
-0.744649171829   0.204807654023   -0.635257005692
-0.329305380583   0.0879700556397   0.940116584301
0.812770366669   0.533169448376   0.234807804227
-0.480585366488   0.841422379017   -0.247075021267
0.763758480549   -0.262117773294   -0.589887440205
0.503997921944   -0.328818708658   0.798664093018
-0.403310090303   -0.907288551331   -0.119031272829
-0.990533351898   -0.0942984595895   0.0997571870685
-0.0691974684596   -0.284621447325   -0.956139266491
0.118555501103   -0.95399081707   0.275401800871
0.744602560997   0.611825048923   0.266902834177
0.248209387064   -0.624958097935   0.740148305893
0.619644343853   -0.484868496656   -0.617206096649
-0.493478029966   0.39617022872   0.774292290211
-0.860746145248   -0.0946247726679   -0.500162243843
-0.124882154167   -0.91328817606   0.387697219849
0.386192411184   0.874036550522   -0.294814318419
-0.460434377193   -0.0942846313119   -0.882672429085
-0.79928445816   0.476624041796   0.366024464369
0.718393981457   0.673586428165   0.173756718636
0.591380596161   -0.72289711237   0.357335567474
0.366304636002   -0.153951361775   -0.91767090559
0.622331976891   -0.77552229166   0.106151126325
-0.73898345232   -0.537391960621   0.406341314316
-0.258082002401   -0.331323117018   -0.907534360886
0.472564578056   -0.840479195118   0.26509898901
-0.810044944286   -0.295753091574   0.506317436695
-0.347145408392   -0.454009741545   -0.820588350296
0.648454129696   -0.696053564548   -0.308247834444
0.0263224355876   -0.384177476168   0.922883987427
-0.760798513889   -0.606561720371   -0.230799630284
-0.161711663008   -0.56529790163   -0.808880448341
0.352508097887   0.73250067234   -0.582392334938
0.92173063755   -0.379316538572   0.0808181986213
0.888148963451   0.452877312899   0.0780609995127
0.3210940063   -0.490015745163   -0.810421645641
-0.328770428896   0.744840085506   -0.580623149872
-0.227885589004   0.793664395809   0.564061105251
0.626583278179   0.562952756882   -0.538959801197
-0.745292961597   0.230610087514   -0.62558567524
0.109671160579   -0.0748887732625   0.991142749786
0.88149112463   -0.45343413949   -0.131798654795
0.459288209677   0.888137996197   0.01628514193
0.0677788630128   -0.680200576782   -0.729885756969
0.968018531799   0.221951976418   -0.116950727999
0.241549536586   -0.698616147041   0.673490405083
0.14600341022   -0.515122354031   -0.844589829445
0.983029067516   -0.0203092806041   0.182322070003
-0.111071176827   -0.856876015663   0.503414988518
-0.404001235962   0.347626715899   0.846131563187
0.523268520832   0.846520721912   -0.097942315042
-0.750315308571   0.40318518877   -0.523897528648
-0.116156965494   -0.993025302887   0.020206708461
-0.964489400387   0.117631092668   0.236480817199
-0.237208366394   0.00797973759472   -0.971426010132
0.464782357216   0.185898050666   -0.865690052509
-0.231036156416   0.969303071499   0.0841063335538
0.854751229286   0.160914555192   0.493464142084
-0.810447216034   -0.370663255453   -0.453634291887
-0.377508372068   -0.261681467295   0.888262450695
-0.447953939438   0.891140580177   0.0721505358815
-0.698202371597   -0.143226563931   -0.701426804066
-0.33009108901   -0.80500882864   0.492950975895
-0.635258436203   0.575714290142   0.514781296253
0.059830032289   -0.32457742095   -0.943964958191
0.672432422638   -0.685793936253   0.278426498175
-0.737736403942   -0.651410877705   0.177225291729
-0.900489151478   0.420395195484   0.111297868192
-0.434759438038   -0.864271402359   -0.253020048141
-0.0101768476889   -0.276229590178   0.961037814617
0.489546954632   -0.866345643997   0.0989395603538
-0.539620518684   -0.211869582534   0.814813494682
-0.684947788715   -0.452279269695   -0.571217954159
-0.588116049767   -0.190765187144   -0.785956859589
-0.433759868145   -0.745806396008   0.505593955517
-0.682621359825   0.638264477253   0.355874419212
-0.342565238476   -0.888846516609   -0.304304003716
0.936675727367   -0.34819534421   -0.0373979434371
-0.0727161988616   -0.297845423222   0.95184057951
0.646178126335   0.356944441795   -0.674569904804
-0.54755795002   -0.398881137371   -0.735577404499
-0.53163343668   0.844680130482   -0.0623004883528
0.761906802654   -0.58345079422   0.28121727705
-0.520354509354   -0.809940695763   -0.270605325699
0.385654211044   0.059843365103   -0.920700609684
-0.691184878349   -0.34608528018   -0.634419739246
-0.625819206238   -0.152377277613   0.764938890934
-0.361405223608   0.925746262074   -0.111265957355
-0.896824717522   0.193452447653   0.397846221924
0.0961480885744   -0.792586386204   0.602131545544
0.4318113029   0.578258574009   0.692210972309
0.565233767033   0.148429453373   0.811467468739
-0.382713705301   -0.824228584766   0.417345762253
0.730781078339   -0.546457648277   -0.409075856209
-0.444948673248   -0.467120319605   0.764080703259
0.401461899281   -0.866700291634   -0.296072602272
0.800530433655   0.175012171268   0.573168158531
0.809577405453   0.131379857659   0.57212215662
0.170358091593   0.880102753639   -0.443167299032
-0.561749517918   0.456243872643   0.690129697323
-0.623501121998   0.531122326851   -0.573720693588
-0.0292577575892   -0.749161720276   -0.661740660667
-0.781274795532   -0.395810246468   0.482642620802
-0.590936303139   -0.381263434887   0.710937738419
-0.512192726135   0.85817784071   0.0344876162708
-0.623259902   -0.34375718236   -0.702408790588
0.566056728363   0.486104398966   -0.665794491768
0.0370891131461   -0.821843624115   -0.568504631519
-0.823531508446   0.297112107277   -0.483239263296
0.928035378456   0.354972422123   0.112893112004
0.337832421064   -0.929762005806   0.146327972412
0.15690612793   -0.0976585894823   -0.982773244381
0.682896375656   0.730490982533   -0.00595664838329
0.303599029779   -0.276382863522   0.911833405495
0.664439737797   -0.624496161938   -0.410517215729
0.204666465521   -0.162818282843   -0.96519523859
0.796496152878   0.600860118866   0.0675355941057
0.568951308727   -0.78259652853   0.252660036087
-0.314715832472   0.281065702438   -0.906617879868
-0.252498596907   0.895947277546   0.365407913923
0.914985477924   0.3439193964   -0.211000084877
-0.165792196989   0.0720058530569   -0.983528375626
-0.0476317107677   -0.99675142765   -0.0649447143078
-0.985009729862   0.0360798127949   0.168683379889
0.552932202816   -0.832796931267   -0.026744749397
0.288862556219   0.161484315991   0.943653106689
-0.781552553177   -0.529501736164   0.329853743315
0.171731710434   0.878699421883   -0.44541618228
0.393235445023   0.35340872407   0.848803937435
0.903257489204   -0.32091999054   -0.284844249487
-0.465871930122   -0.63516664505   0.61605733633
0.201981514692   -0.754180252552   -0.624832451344
0.861491024494   -0.166659712791   0.479643344879
0.168202921748   0.447823613882   -0.878158211708
0.812812268734   0.441012322903   0.380584210157
0.557713150978   -0.777793109417   -0.289816975594
0.259925812483   0.522662878036   -0.811949551105
0.370271354914   0.722629666328   0.583699822426
0.891817092896   -0.452360332012   -0.00569699332118
0.281228989363   0.24990414083   -0.926530182362
0.768747746944   -0.636574685574   0.0616402104497
-0.574401557446   -0.729602992535   -0.371136516333
0.948638141155   0.299419224262   -0.102146185935
0.23448254168   -0.882203400135   -0.408332139254
-0.212376192212   0.363407939672   -0.907100319862
0.754114329815   0.561114430428   0.341265588999
-0.0371396504343   -0.48236528039   0.875182509422
0.65569216013   -0.672662138939   -0.342918992043
0.607051610947   0.0452927239239   0.793370604515
0.334328442812   -0.920273602009   -0.203275665641
0.720911085606   0.388645201921   -0.573796212673
-0.737233042717   0.523574769497   -0.427032738924
-0.207760125399   0.425741314888   0.880670249462
0.642902195454   0.737979531288   -0.205092594028
-0.76068598032   -0.454495698214   -0.463454961777
0.400674492121   -0.890485346317   0.215628877282
-0.510702252388   -0.0216687303036   0.859484553337
0.0355908870697   -0.983048737049   -0.17985676229
0.928698778152   -0.0339393541217   0.369278609753
-0.369123071432   -0.180175706744   0.911748230457
-0.632856249809   0.558415055275   0.536344647408
-0.625665843487   0.0392388477921   -0.779103696346
-0.456108748913   -0.828633189201   0.324548661709
0.989655554295   -0.141525194049   0.0235041603446
0.0024519932922   -0.147123575211   -0.989115059376
0.143442720175   0.97894090414   -0.145254641771
-0.473480165005   -0.880276858807   0.0304819550365
-0.851048052311   0.448291152716   -0.273408591747
0.227010473609   -0.155395150185   -0.9614148736
0.107705183327   -0.982176721096   -0.154040396214
-0.0632919892669   0.147853448987   -0.986981987953
0.992166161537   0.116052597761   -0.0462393350899
0.345004320145   -0.281846046448   0.895284771919
-0.853529274464   0.302595615387   0.424174159765
-0.390461057425   -0.910493671894   -0.136167049408
0.368333429098   0.262037187815   -0.89200168848
0.44074010849   0.795573890209   0.415704667568
0.81858330965   -0.546258807182   0.177546158433
-0.426505237818   0.22323051095   0.876505255699
-0.896915555   -0.229491919279   -0.377989292145
0.116772122681   -0.947365581989   0.298098415136
-0.769700348377   0.628100335598   0.114242702723
-0.623718857765   -0.778018116951   0.0752504244447
0.136147707701   -0.013335051015   0.990598797798
-0.582948684692   -0.756450176239   -0.296570211649
0.778423607349   -0.624572396278   0.0629762411118
-0.232867956161   -0.194145336747   0.952932357788
0.032877061516   -0.74186784029   0.669739663601
0.861444294453   -0.31874871254   -0.39536434412
0.506786763668   0.589941799641   0.628598332405
0.989681005478   0.140227451921   0.0294584482908
-0.0593500882387   0.214045882225   0.975018918514
0.130418971181   -0.966706097126   0.220159649849
-0.765987992287   0.105796247721   -0.634089529514
0.0313401147723   0.991337776184   0.127542972565
0.642090499401   0.0778239518404   -0.76266849041
0.742866754532   -0.551851451397   -0.378957748413
-0.419703453779   -0.824943900108   0.378571808338
-0.521534264088   -0.122178524733   -0.844437360764
0.0900551229715   0.927306175232   -0.363308846951
0.885746777058   0.0922126322985   0.454917043447
0.455349057913   -0.362767219543   -0.813054203987
-0.415430486202   0.847672700882   -0.329952269793
0.906044244766   0.417766153812   -0.0674929022789
0.0806310027838   -0.326989978552   -0.941581785679
-0.961791157722   0.261583447456   -0.0808197408915
0.178087055683   0.37352129817   -0.910366356373
-0.207948863506   -0.889975249767   -0.405834108591
0.598427474499   0.729852199554   -0.33045476675
-0.79940867424   0.516560256481   -0.30677562952
-0.0532010756433   0.447751373053   0.89257401228
-0.643893957138   0.170469328761   -0.745882570744
-0.36263436079   0.790417313576   0.493697017431
0.673718690872   0.588371157646   -0.447126895189
-0.793398559093   0.47409555316   -0.381774902344
0.4345523417   0.00196111388505   -0.900644421577
-0.426242828369   -0.880471229553   -0.207575276494
-0.973688662052   -0.148009032011   0.173273593187
0.187696024776   -0.0896866545081   0.978123962879
-0.129230856895   0.984910964966   0.11510758847
-0.573443174362   0.520612955093   0.632554411888
0.694906353951   0.718042075634   0.0389962904155
-0.433898717165   0.461928218603   -0.773533582687
0.933939278126   0.357430934906   -0.000715673726518
-0.345226973295   0.901528954506   -0.260890543461
-0.0926051437855   0.243902996182   0.965368151665
0.997568011284   -0.0694268122315   -0.00615893956274
0.0207919254899   0.380759686232   -0.924440264702
0.0665260180831   0.922063946724   0.38127720356
-0.852096259594   -0.409475058317   0.325978755951
-0.511563837528   0.519963145256   -0.684061944485
0.11060937494   -0.749645590782   -0.652531266212
-0.344509065151   -0.796518743038   0.496861547232
-0.462240129709   -0.316733747721   -0.828259527683
0.817097067833   -0.515012264252   -0.259065270424
0.438407570124   0.306339740753   -0.844958424568
0.319506764412   0.825592041016   0.465094894171
0.840067982674   -0.473871052265   0.264068186283
0.155603408813   -0.412033617496   0.897783875465
-0.961545228958   -0.27140134573   0.0420961454511
0.226314723492   -0.86981010437   -0.438419938087
0.0365506261587   -0.600147604942   -0.79905372858
0.998316705227   0.0579583868384   0.00213441485539
0.0450308993459   -0.797786712646   0.601255834103
-0.996085882187   0.0120502812788   -0.0875651910901
0.0875085443258   -0.00515187159181   -0.996150434017
-0.0124550182372   -0.999914109707   0.00407720403746
-0.564366042614   -0.134990751743   0.814412951469
0.335924506187   0.863614201546   0.37593254447
-0.754085958004   0.485744833946   -0.442047834396
-0.832672297955   0.545364737511   0.0960942581296
0.00413243984804   -0.167404308915   0.985879659653
0.553750574589   0.821311831474   0.137139245868
-0.929407596588   -0.0135664036497   0.368805527687
0.269325941801   0.658295989037   0.702929496765
-0.252319425344   0.752636909485   -0.608171522617
-0.577692329884   0.168609902263   -0.798650324345
0.526185572147   -0.671078324318   -0.522285938263
-0.624019503593   -0.721958816051   0.298956692219
0.300230592489   -0.104948937893   0.948075592518
0.720219314098   -0.626742303371   -0.297452896833
0.625416457653   0.772126793861   -0.11258097738
-0.249359533191   -0.810142278671   -0.530555725098
-0.216488450766   0.58063107729   -0.784856855869
0.943902850151   -0.0808523595333   -0.320172339678
0.948290467262   -0.117697536945   0.294775366783
-0.232885837555   0.373006731272   0.898125946522
-0.215660393238   -0.920333266258   0.326308637857
0.999998867512   -0.000593303178903   0.00140431488398
0.00059458828764   0.999999403954   -0.000914885429665
-0.00140377122443   0.000915719370823   0.999998569489
0.896638691425   -0.404213607311   -0.180694356561
-0.274947732687   -0.828202307224   0.488348901272
-0.34704875946   -0.388191014528   -0.853735864162
0.865774273872   -0.50043296814   0.00132045312785
0.500431120396   0.865775048733   0.00148013478611
-0.00188392354175   -0.000620666833129   0.999998033047
