-0.514164686203   -0.773328781128   -0.370941102505
-0.0693080574274   0.46853518486   -0.880721986294
0.854886591434   -0.427126944065   -0.294502168894
-0.140031933784   -0.861928284168   0.487309634686
0.711699068546   0.254548341036   0.654743909836
-0.688386142254   0.438502848148   0.57778865099
0.771946966648   0.217842325568   -0.597195625305
0.257492423058   0.751774668694   0.607068777084
0.581201791763   -0.622398257256   0.524237394333
0.949173390865   -0.196582660079   0.245815172791
0.100895546377   0.92979413271   0.353981554508
-0.298144161701   -0.311188220978   0.902370214462
-0.609511315823   0.730526566505   -0.307939738035
0.403995752335   -0.0479971431196   -0.913500785828
-0.682116806507   -0.681195437908   -0.265874832869
0.598766922951   -0.683034002781   0.418261528015
0.534622311592   0.729701340199   0.426280379295
-0.596369981766   -0.0316306389868   0.802086234093
0.228841394186   -0.949064493179   -0.216583073139
-0.819071948528   -0.0674859732389   -0.569707632065
0.526072978973   0.307769805193   -0.792795658112
0.947363734245   -0.196116104722   0.253062129021
-0.113441459835   -0.944765806198   -0.3074875772
0.299387723207   0.262594848871   -0.917284548283
-0.993952989578   0.0805410295725   0.0746366381645
-0.106083109975   -0.528820693493   -0.842077851295
-0.0283524189144   -0.844903469086   0.534166932106
-0.986068487167   0.0769405290484   -0.147475719452
0.0663836374879   0.994954645634   0.0752226784825
0.152519330382   0.0643847435713   -0.986201047897
-0.889945030212   -0.219998985529   -0.399497568607
-0.455255419016   0.376268416643   0.80694770813
-0.0272093527019   0.900012493134   -0.435013949871
0.894318759441   0.0342287123203   -0.446119248867
-0.444557696581   0.180781245232   -0.877317845821
0.0506205335259   0.982927560806   0.176892697811
0.19270439446   0.685311436653   0.702291429043
-0.375988513231   0.7126506567   -0.592251360416
-0.906365096569   -0.149924069643   0.39500015974
-0.442809432745   0.803644955158   0.39758592844
0.865019321442   0.2662281394   0.425281196833
0.235926538706   0.532238066196   -0.813056766987
-0.839353382587   0.521364212036   0.153835058212
-0.485299617052   -0.846212267876   0.220020726323
0.244888037443   0.110019050539   0.963288962841
-0.0171465277672   0.597968578339   -0.801336109638
0.515775561333   0.691877841949   0.505252957344
0.856552124023   -0.404646277428   -0.320280879736
0.733767688274   -0.679193735123   0.016759082675
0.66618257761   0.71443104744   -0.213983759284
0.133363217115   0.168178975582   0.976693451405
-0.218568578362   -0.918572604656   0.329320788383
-0.961741745472   0.259899258614   0.0866322517395
-0.165168240666   -0.297786474228   -0.940235435963
0.116489619017   0.922533333302   0.367916345596
0.868596196175   -0.274266779423   0.412696540356
0.481633543968   0.271495848894   -0.833258152008
0.917237877846   -0.0117123927921   -0.398167699575
-0.0569967590272   -0.99314135313   -0.102086447179
-0.394241124392   0.11633182317   -0.91161441803
0.815759599209   0.128860577941   0.563853859901
-0.566966116428   -0.0146519290283   0.823610782623
0.114392504096   -0.991554498672   0.0611071288586
0.210149496794   -0.661374092102   -0.720014929771
0.976223886013   0.101920932531   0.191308677197
-0.053142003715   -0.743099212646   0.667067825794
-0.505368590355   0.344544351101   -0.791133224964
-0.845791339874   -0.0161028336734   0.533270776272
0.170995950699   0.938631892204   0.299550503492
-0.299436211586   0.864112913609   0.404532819986
-0.176322340965   -0.466800421476   0.866607069969
0.937682449818   0.18816536665   0.29213938117
0.161070078611   0.747817993164   -0.64406889677
0.642472684383   -0.57482945919   -0.506754338741
-0.749189794064   -0.332173675299   -0.573040425777
-0.222834408283   0.428398549557   -0.875682294369
-0.910043478012   -0.4134760499   0.0292988326401
-0.349522083998   0.803437769413   0.481997996569
0.948125839233   0.185528293252   0.258140772581
-0.0108107281849   0.830378711224   -0.55709451437
-0.317711412907   0.525404989719   0.789309203625
-0.0831538662314   -0.844478487968   -0.529094994068
-0.0284292791039   0.532727956772   -0.845808923244
0.996131122112   -0.0552904903889   -0.0683063045144
0.923721849918   -0.105737946928   0.368181169033
-0.104362919927   0.855323493481   0.507474243641
-0.368573307991   -0.507189512253   0.779045879841
-0.961254358292   -0.267125219107   -0.0680748671293
0.261964797974   -0.962073683739   0.0760832875967
-0.0858168080449   0.055302169174   0.99477493763
0.20764605701   -0.159220427275   0.965159058571
0.244455903769   -0.946912169456   -0.208802953362
0.947166502476   0.279295951128   -0.157700195909
-0.338858544827   -0.242296695709   0.90910243988
0.83762294054   -0.517717242241   0.174231767654
0.428442209959   0.820524930954   0.378386169672
0.63972479105   0.490342319012   -0.591875493526
0.190265551209   -0.847127258778   -0.496159672737
-0.744681954384   0.204792127013   -0.635223567486
-0.329368621111   0.0880547985435   0.94008654356
0.812770724297   0.533162236214   0.23482273519
-0.48054137826   0.841418087482   -0.247175276279
0.763727426529   -0.262135058641   -0.589920043945
0.504009723663   -0.328863382339   0.798638224602
-0.403354197741   -0.907267391682   -0.119043365121
-0.990543007851   -0.0942330732942   0.0997231900692
-0.0691923499107   -0.284545183182   -0.956162333488
0.118477873504   -0.954020023346   0.27533403039
0.74461710453   0.611799538136   0.26692071557
0.248220846057   -0.625006198883   0.740103781223
0.619622290134   -0.484838664532   -0.617251694202
-0.493498951197   0.396130502224   0.774299323559
-0.86073666811   -0.0946289226413   -0.500177681446
-0.124864533544   -0.91330498457   0.387663304806
0.386164188385   0.874028921127   -0.294873952866
-0.460400998592   -0.0943777859211   -0.882679879665
-0.79931730032   0.476619631052   0.365958482027
0.718445301056   0.673540234566   0.173723727465
0.591339528561   -0.722930550575   0.357335954905
0.366270333529   -0.153996631503   -0.917676985264
0.622300982475   -0.775542974472   0.106182008982
-0.739014983177   -0.537359058857   0.406327575445
-0.258066624403   -0.33132815361   -0.907536923885
0.472524732351   -0.840498328209   0.265109300613
-0.810063779354   -0.295714765787   0.506309688091
-0.347155690193   -0.45399928093   -0.820589780807
0.648433983326   -0.696089684963   -0.308208525181
0.0262632407248   -0.384164452553   0.922891080379
-0.760817706585   -0.606528520584   -0.230823725462
-0.161708727479   -0.565314471722   -0.808869481087
0.352500587702   0.732492685318   -0.582406878471
0.921734035015   -0.379307240248   0.0808232203126
0.888123989105   0.452929586172   0.0780420154333
0.321114450693   -0.490017056465   -0.810412704945
-0.3288179636   0.744807422161   -0.580638170242
-0.227924600244   0.793702065945   0.563992440701
0.626603960991   0.56292194128   -0.538967907429
-0.745263636112   0.230555832386   -0.625640571117
0.109742000699   -0.0748702585697   0.991136312485
0.881478190422   -0.45344337821   -0.131853312254
0.45929607749   0.888134896755   0.0162347145379
0.0678292512894   -0.680233478546   -0.72985035181
0.968002736568   0.222015663981   -0.116960406303
0.24159860611   -0.698563814163   0.673527061939
0.145932689309   -0.515148043633   -0.844586372375
0.983045220375   -0.020296972245   0.182236403227
-0.111021272838   -0.856860816479   0.503451824188
-0.403962492943   0.347634881735   0.846146702766
0.523338377476   0.846479833126   -0.0979225412011
-0.750287413597   0.403264045715   -0.523876786232
-0.116211920977   -0.993021011353   0.0201019309461
-0.964463293552   0.117658853531   0.236573264003
-0.237287387252   0.00810505822301   -0.971405684948
0.464794397354   0.185892254114   -0.865684866905
-0.231099441648   0.96929192543   0.0840607732534
0.854727566242   0.16098831594   0.493481040001
-0.810472667217   -0.370729029179   -0.453535020351
-0.377390921116   -0.261687070131   0.888310730457
-0.44800683856   0.89111161232   0.0721804574132
-0.698240697384   -0.14322540164   -0.701388955116
-0.330034017563   -0.805036962032   0.492943227291
-0.635245978832   0.5756752491   0.514840304852
0.0598091296852   -0.324596226215   -0.943959832191
0.67240858078   -0.685814857483   0.278432488441
-0.737759828568   -0.651379525661   0.177243307233
-0.900500178337   0.420352786779   0.111368708313
-0.434737354517   -0.864256858826   -0.253107786179
-0.0101433936507   -0.276339739561   0.961006462574
0.489554613829   -0.866345584393   0.0989020913839
-0.539560854435   -0.211871430278   0.81485247612
-0.684989333153   -0.452278494835   -0.571168780327
-0.588169693947   -0.190711304545   -0.78592979908
-0.433814525604   -0.745757639408   0.505618929863
-0.682540416718   0.638337433338   0.355898708105
-0.342488646507   -0.888889908791   -0.304263412952
0.936706006527   -0.348115235567   -0.0373855046928
-0.0726871341467   -0.297809481621   0.951854050159
0.646155059338   0.356987446547   -0.674569189548
-0.547506272793   -0.39895632863   -0.735575139523
-0.531714737415   0.844626426697   -0.0623347945511
0.761923551559   -0.583430290222   0.281214505434
-0.520322501659   -0.809952974319   -0.270630061626
0.385664314032   0.0598771907389   -0.920694172382
-0.691175341606   -0.346113026142   -0.634415030479
-0.625838160515   -0.152324721217   0.764933824539
-0.361390650272   0.925744533539   -0.111327655613
-0.896817982197   0.193471983075   0.39785182476
0.0961544513702   -0.79256182909   0.602162778378
0.431823790073   0.578285634518   0.69218057394
0.565298438072   0.148350819945   0.811436831951
-0.382775247097   -0.824198126793   0.417349427938
0.730698823929   -0.546524882317   -0.409132868052
-0.444951087236   -0.467118024826   0.764080703259
0.401484310627   -0.866696476936   -0.296053349972
0.800517857075   0.175037145615   0.573178112507
0.809537470341   0.131431609392   0.572166740894
0.170356497169   0.880089104176   -0.443195074797
-0.561807572842   0.456255346537   0.69007486105
-0.623566329479   0.5311024189   -0.573668241501
-0.0292710866779   -0.749153375626   -0.661749541759
-0.78122228384   -0.395852804184   0.482692748308
-0.590997993946   -0.381154119968   0.71094506979
-0.512139558792   0.858214080334   0.0343744717538
-0.623245060444   -0.343787878752   -0.702406942844
0.566051483154   0.486144930124   -0.665769338608
0.0370362736285   -0.821791529655   -0.56858330965
-0.823537528515   0.297189801931   -0.483181327581
0.928033828735   0.354986816645   0.112860821187
0.337850570679   -0.929755926132   0.146324679255
0.15687635541   -0.097664155066   -0.982777476311
0.68290656805   0.730481207371   -0.00598299596459
0.303594619036   -0.27635371685   0.911843717098
0.664431273937   -0.624520421028   -0.410493940115
0.204752847552   -0.162864863873   -0.965169072151
0.796479523182   0.600877940655   0.0675731822848
0.568943500519   -0.782573163509   0.252749979496
-0.314663350582   0.2810523808   -0.906640231609
-0.25255343318   0.895940005779   0.365387886763
0.914988398552   0.343949258327   -0.210938736796
-0.165783435106   0.0719630792737   -0.983533024788
-0.0475258082151   -0.996758103371   -0.064919821918
-0.985016345978   0.0359805673361   0.168666094542
0.552891671658   -0.83282160759   -0.0268137454987
0.288973212242   0.161461740732   0.943623125553
-0.781540334225   -0.529469847679   0.329934000969
0.171787142754   0.878720760345   -0.445352613926
0.39321616292   0.353337287903   0.84884262085
0.903255343437   -0.320940107107   -0.284828424454
-0.46583789587   -0.635209798813   0.616038620472
0.201959773898   -0.754139006138   -0.624889314175
0.861514568329   -0.166682094336   0.479593336582
0.168244570494   0.447836667299   -0.878143548965
0.812768876553   0.441042006016   0.380642473698
0.557763814926   -0.777768790722   -0.289784789085
0.259933888912   0.522688627243   -0.811930418015
0.370196044445   0.722646415234   0.58372682333
0.891846001148   -0.452303826809   -0.00565697997808
0.281236767769   0.249899595976   -0.926529049873
0.768744587898   -0.636577785015   0.0616480559111
-0.574401974678   -0.729601919651   -0.371138036251
0.948642194271   0.299396902323   -0.1021739766
0.234466150403   -0.882236838341   -0.408269256353
-0.212376192212   0.363345116377   -0.907125532627
0.754099190235   0.561122357845   0.341285943985
-0.0371722131968   -0.482351303101   0.875188827515
0.655707716942   -0.672665536404   -0.342882573605
0.607085883617   0.0452252104878   0.793348252773
0.334325909615   -0.920252919197   -0.203373387456
0.72088342905   0.388701975346   -0.573792517185
-0.73726016283   0.52360701561   -0.426946312189
-0.207674324512   0.425709009171   0.880706071854
0.642898797989   0.737975299358   -0.20511855185
-0.760697364807   -0.454513788223   -0.463418513536
0.400707691908   -0.890475749969   0.215606853366
-0.510659217834   -0.0216838009655   0.859509706497
0.0356193520129   -0.983045339584   -0.179869815707
0.928699076176   -0.0339176952839   0.369279801846
-0.369119554758   -0.180198445916   0.91174519062
-0.632865190506   0.558405578136   0.536344051361
-0.625689744949   0.0391857214272   -0.77908718586
-0.456063628197   -0.828642070293   0.324589341879
0.98965972662   -0.141503795981   0.0234582815319
0.00242018676363   -0.147049322724   -0.989126205444
0.143414646387   0.978955149651   -0.145186334848
-0.473538964987   -0.88024353981   0.0305311772972
-0.851046323776   0.448352068663   -0.273313969374
0.226894140244   -0.155408263206   -0.961440205574
0.107662938535   -0.982182621956   -0.154032453895
-0.0633118972182   0.147845134139   -0.986981987953
0.992169499397   0.116013467312   -0.0462664030492
0.345018565655   -0.28192076087   0.895255744457
-0.853513360023   0.302581489086   0.42421618104
-0.390483140945   -0.910475254059   -0.136226907372
0.368437260389   0.261963456869   -0.891980469227
0.440753340721   0.79556709528   0.415703564882
0.818529486656   -0.546304047108   0.177655309439
-0.426539421082   0.223134249449   0.876513123512
-0.896890699863   -0.229532346129   -0.378023713827
0.116838075221   -0.947378516197   0.298031628132
-0.769693434238   0.628106415272   0.114255577326
-0.623723685741   -0.778013169765   0.0752614885569
0.136164560914   -0.0133356368169   0.990596473217
-0.582939267159   -0.756461083889   -0.296561032534
0.778412222862   -0.62457793951   0.0630622804165
-0.232929617167   -0.194085240364   0.95292955637
0.0329249165952   -0.741819322109   0.669791042805
0.861427128315   -0.318764477968   -0.395389050245
0.506812810898   0.589994311333   0.628527998924
0.989687204361   0.140172466636   0.0295113939792
-0.0593961328268   0.214092046022   0.975005984306
0.130350843072   -0.96670383215   0.220209851861
-0.765929579735   0.10588452965   -0.634145379066
0.0313401222229   0.991321444511   0.127669915557
0.642160177231   0.077911965549   -0.762600839138
0.742791891098   -0.551913142204   -0.379014670849
-0.419665575027   -0.824890911579   0.378729194403
-0.521671354771   -0.122257560492   -0.844341218472
0.0901011824608   0.927282094955   -0.363358914852
0.885721623898   0.0922169089317   0.454965144396
0.455388873816   -0.36282774806   -0.813004910946
-0.415419489145   0.847671329975   -0.329969644547
0.906044900417   0.417772293091   -0.06744594872
0.0806801617146   -0.326985657215   -0.941579043865
-0.961804509163   0.261542618275   -0.0807932317257
0.178050935268   0.373549550772   -0.91036182642
-0.207918122411   -0.889975368977   -0.405849546194
0.598429977894   0.72990077734   -0.33034285903
-0.799399793148   0.516550123692   -0.30681592226
-0.0533065572381   0.44768384099   0.89260160923
-0.643905997276   0.170566603541   -0.745849907398
-0.362700819969   0.790287911892   0.49385535717
0.673671424389   0.588516771793   -0.447006493807
-0.793384134769   0.474108874798   -0.381788343191
0.4345446527   0.0019063645741   -0.900648295879
-0.426277518272   -0.8804641366   -0.207533970475
-0.9736764431   -0.147965341806   0.173379465938
0.187793314457   -0.0896565765142   0.978108048439
-0.129181489348   0.98492026329   0.115083396435
-0.573471367359   0.520646452904   0.632501244545
0.694917321205   0.718030631542   0.0390119105577
-0.433843880892   0.461908310652   -0.773576259613
0.933929800987   0.357455909252   -0.0006675713812
-0.34523871541   0.901522517204   -0.260897159576
-0.0926574021578   0.243890091777   0.965366363525
0.997572004795   -0.0693638175726   -0.00622806604952
0.0207050759345   0.380778372288   -0.924434483051
0.0664938166738   0.922061026096   0.381290048361
-0.852105438709   -0.409494608641   0.325930148363
-0.511550188065   0.520042657852   -0.684011757374
0.110601551831   -0.749579787254   -0.652608215809
-0.344514489174   -0.796548306942   0.496810376644
-0.46218174696   -0.316715568304   -0.828299045563
0.817127764225   -0.514977693558   -0.25903698802
0.438459962606   0.30627399683   -0.844955086708
0.319609105587   0.825554192066   0.46509167552
0.840001702309   -0.473979413509   0.264084517956
0.155616238713   -0.412041693926   0.897777915001
-0.961527109146   -0.271469146013   0.0420734472573
0.226383000612   -0.869785130024   -0.438434273005
0.0366690456867   -0.600116848946   -0.79907143116
0.998313605785   0.0580077953637   0.00224729301408
0.045003734529   -0.79780626297   0.60123193264
-0.996090292931   0.0120207853615   -0.0875194221735
0.0874629989266   -0.00514302961528   -0.996154487133
-0.0124246738851   -0.999914526939   0.00407154811546
-0.564471840858   -0.134911701083   0.814352691174
0.335911929607   0.863627314568   0.375913590193
-0.754012405872   0.485743463039   -0.442174851894
-0.832656025887   0.545384347439   0.0961239784956
0.00414563249797   -0.16743119061   0.985875070095
0.553774952888   0.82129329443   0.137151628733
-0.929425358772   -0.0135919600725   0.368759781122
0.269295275211   0.658237695694   0.702995836735
-0.252286672592   0.752687394619   -0.608122587204
-0.577699840069   0.168592393398   -0.798648536205
0.526182830334   -0.671087265015   -0.522277235985
-0.624014854431   -0.721954643726   0.298976570368
0.300180703402   -0.104978531599   0.948088109493
0.720256447792   -0.62670648098   -0.297438412905
0.625397622585   0.772151827812   -0.11251373589
-0.249361336231   -0.810146808624   -0.530547916889
-0.216436430812   0.580619692802   -0.784879684448
0.943914294243   -0.0808887407184   -0.320129364729
0.948306500912   -0.117701202631   0.294722229242
-0.232832819223   0.373013049364   0.898137032986
-0.215647056699   -0.920330226421   0.326326012611
0.999998748302   -0.000622039427981   0.00145697011612
0.000623431405984   0.999999344349   -0.000955136143602
-0.00145637511741   0.00095604325179   0.999998509884
0.896611630917   -0.40423309803   -0.180784896016
-0.274870157242   -0.828144609928   0.488490402699
-0.347180008888   -0.388293832541   -0.853635728359
0.865758240223   -0.500460624695   0.00136835186277
0.500458657742   0.865759074688   0.00154757057317
-0.00195916113444   -0.000655018433463   0.999997854233
