-0.513991823298   -0.773110153779   -0.37163570295
-0.070056743648   0.469631843749   -0.880078396512
0.854929504844   -0.426317512496   -0.295548507502
-0.139472790458   -0.861434330921   0.488342333034
0.711463016449   0.255839506775   0.654497152781
-0.688743578516   0.438722053565   0.57719601763
0.771652012436   0.217603100042   -0.597663837417
0.258591889319   0.751160783838   0.607361269429
0.581105331659   -0.623222566726   0.52336433375
0.949750107688   -0.195252695067   0.244644881441
0.099939908994   0.929840948431   0.354129672876
-0.29662560162   -0.311884907763   0.902630077481
-0.609317167136   0.731419014706   -0.306200611951
0.402465957614   -0.0474428965783   -0.914204749783
-0.683193781291   -0.680275970831   -0.265463482827
0.598115165421   -0.682852433213   0.419488740432
0.534195749348   0.729898594881   0.426477364662
-0.597405348379   -0.0309934774754   0.801340286072
0.228762024468   -0.949027212532   -0.216830085631
-0.819126028935   -0.0672975443523   -0.569652165138
0.526023274089   0.307925949535   -0.79276801444
0.947405252223   -0.196433483616   0.252660195864
-0.113998274529   -0.944824098099   -0.307102290867
0.299044614504   0.262147496967   -0.917524391158
-0.993986534555   0.079992742521   0.0747792101252
-0.105939723489   -0.529717593743   -0.841531963663
-0.0277045864429   -0.844393529122   0.535006564321
-0.985932481497   0.0760109334733   -0.148860605673
0.0651555014509   0.994938724741   0.0764963701186
0.153921741672   0.0657211686077   -0.985894936308
-0.890443620939   -0.220168270459   -0.398291464397
-0.454250516942   0.376740333993   0.80729374369
-0.0276880079777   0.899773667889   -0.435477577825
0.89454986632   0.0358302547521   -0.445529717877
-0.444237143645   0.181292286995   -0.877374758517
0.0493345403672   0.982776322222   0.178092121123
0.192519820528   0.685051969731   0.702595130549
-0.375531126135   0.712919343533   -0.59221818861
-0.906593895859   -0.149832601207   0.394509441722
-0.442631545893   0.803449691253   0.39817823673
0.864734082829   0.264948078413   0.426658507169
0.237302087168   0.533170806938   -0.812044709394
-0.839586471207   0.521107779038   0.153431548227
-0.484906438574   -0.846251887418   0.220733977609
0.244867930107   0.11092531572   0.963190153157
-0.0156277256137   0.598071107585   -0.80129066166
0.51564011851   0.691424139572   0.506011785832
0.856662735489   -0.405269798393   -0.319194843528
0.733240692124   -0.679751103944   0.0172198751725
0.666697533176   0.713719695711   -0.214752404435
0.133688019921   0.168945649963   0.976516707839
-0.217198983325   -0.9190550085   0.328880666798
-0.962168410137   0.258350935601   0.0865259764954
-0.164488760032   -0.297645234172   -0.940399256911
0.115990933186   0.922249586445   0.368784223795
0.869395995525   -0.273815801571   0.41130950606
0.48030896971   0.272911353944   -0.833560247675
0.917450952273   -0.0111297770663   -0.397693196115
-0.0569005660593   -0.993003075683   -0.103475684421
-0.393758905621   0.117562833186   -0.91166490801
0.816178172152   0.128122869486   0.56341611764
-0.566491834469   -0.0145354735794   0.823939149141
0.113754968162   -0.991651778762   0.060717023115
0.209531579313   -0.661359017853   -0.720208835529
0.976365895532   0.101609777028   0.190748764749
-0.0529731565195   -0.743155234602   0.667018846789
-0.505476499981   0.345258201837   -0.790752984206
-0.845280114519   -0.0141936829038   0.534134877503
0.173190750232   0.938400401444   0.299014465543
-0.298153848431   0.864142943503   0.405414918151
-0.176130659256   -0.467246529298   0.866405604627
0.938127002882   0.186916168516   0.291513417207
0.160926079511   0.747877483722   -0.644035764749
0.641713080066   -0.575068763319   -0.507444815056
-0.749871402179   -0.331625069615   -0.572466325121
-0.221748350339   0.427588547954   -0.87635364025
-0.91008876874   -0.413427656925   0.0285658100471
-0.350094418887   0.80389402669   0.480820436043
0.948404183351   0.186418598405   0.256471462683
-0.0127052943378   0.830590201283   -0.556739160675
-0.316809217823   0.524755203597   0.79010372471
-0.0829492471778   -0.845823660728   -0.526974152446
-0.0272547566436   0.530524160622   -0.847231546412
0.996181007966   -0.0559146666778   -0.0670592977698
0.923029593435   -0.105030665383   0.370114751086
-0.106228609665   0.855039545699   0.507565619185
-0.369772703334   -0.507814862543   0.778069542682
-0.961389965515   -0.266198967364   -0.0697670694603
0.260974190047   -0.96237015845   0.075737376861
-0.0873029572024   0.0546057496843   0.994684073344
0.206680839335   -0.159536469202   0.965314014011
0.243763257314   -0.947109147568   -0.208719277922
0.9475560696   0.278446363932   -0.156860184169
-0.33746167111   -0.242588821374   0.909543997988
0.838279267288   -0.51702667671   0.173122169595
0.428261007526   0.820873972857   0.377833865765
0.639267990601   0.491214303908   -0.591645961559
0.190495003474   -0.846564086496   -0.497032092632
-0.745015496378   0.205031107618   -0.634755193019
-0.327791918741   0.0871780915635   0.940719107045
0.812576128408   0.533970567213   0.233656733033
-0.48194656711   0.840996678769   -0.245870072903
0.764283920118   -0.262920653824   -0.588848723563
0.502827763479   -0.328759419518   0.799425721598
-0.403775097949   -0.907077711043   -0.11906173359
-0.990457667142   -0.0944774994483   0.100337488993
-0.0695959206233   -0.285518391008   -0.95584290353
0.118953845806   -0.953705012304   0.276218630932
0.744502015892   0.611470750862   0.267993039411
0.248098458991   -0.626068671171   0.739246355165
0.619809569932   -0.483881741563   -0.61781433878
-0.494280944725   0.396035293598   0.773849076957
-0.860201692513   -0.0943542434296   -0.501149004733
-0.125456749041   -0.913374689255   0.387307734429
0.385654363475   0.874332349073   -0.29464157089
-0.459904478573   -0.0946744245397   -0.88290691691
-0.799849099844   0.476003883075   0.365597758167
0.718453312331   0.673509834381   0.173808345577
0.590804885637   -0.722761011836   0.358561161976
0.367116364532   -0.154922634764   -0.917182943654
0.621502408167   -0.776453227666   0.104188012221
-0.739142010747   -0.5370991192   0.406440185148
-0.259622504016   -0.329613290694   -0.907717595955
0.47267569726   -0.840762823717   0.263999165673
-0.809902212171   -0.296387201566   0.506174904029
-0.347327067676   -0.453070083987   -0.821030697998
0.647804980059   -0.696078384215   -0.309553857736
0.0276885711728   -0.384559870096   0.922684696599
-0.761302864067   -0.606290845503   -0.229846383096
-0.161580535092   -0.565039018902   -0.809087534076
0.352035967916   0.732919986339   -0.58215029925
0.921934058364   -0.378892070045   0.080488454357
0.889095380736   0.450987144336   0.078230426286
0.319923544282   -0.490055160221   -0.810860571094
-0.327350469325   0.745960143429   -0.5799871849
-0.228059631317   0.793771515252   0.563840035949
0.626497323969   0.562928377218   -0.53908510013
-0.745311953227   0.230300724485   -0.625676968314
0.109801959807   -0.0729729945677   0.991271139339
0.881432505249   -0.453767946225   -0.131039649228
0.459369424661   0.888127014026   0.0144961596241
0.0658476905346   -0.68092389254   -0.729387917517
0.968433455766   0.219732496211   -0.117704170959
0.24041781008   -0.698613113731   0.673898355777
0.147923134311   -0.514353440621   -0.844724383723
0.982808727805   -0.0189630011305   0.183650235877
-0.110479640138   -0.857368615421   0.502705984056
-0.403005693435   0.347068689495   0.846835129072
0.522898404838   0.846722229014   -0.0981770090757
-0.751108293974   0.403242844531   -0.522715543157
-0.114967289978   -0.993177631421   0.0195119112264
-0.964459972757   0.116304132923   0.237255789423
-0.237906458897   0.00845819777161   -0.971251242319
0.465698977434   0.184646677644   -0.865465231452
-0.230271011647   0.969584416323   0.0829537269712
0.854458731369   0.160660088567   0.494053248476
-0.810678733572   -0.369281708815   -0.454346795377
-0.378947927117   -0.260610554417   0.887964305285
-0.446316546263   0.892027554766   0.0713328961329
-0.698832158502   -0.142854874861   -0.700875237807
-0.330259627152   -0.804715503466   0.493316872968
-0.634477890014   0.57621648988   0.515181874559
0.0605876785393   -0.32422900749   -0.944036378489
0.672726217019   -0.685439638555   0.278589193677
-0.737406651817   -0.65195709414   0.176588157178
-0.900394644922   0.420525774216   0.11156861842
-0.434968262555   -0.864418548579   -0.25215706106
-0.00959656012433   -0.275569675567   0.961233197482
0.48798195648   -0.867203912293   0.0991513220016
-0.541317227679   -0.211561458715   0.813767416529
-0.684725688994   -0.450776134784   -0.572670592174
-0.588726000971   -0.190694407569   -0.785517242779
-0.432774546422   -0.746405897761   0.505553585446
-0.682720944274   0.637584409086   0.356900873549
-0.343662268754   -0.888904169911   -0.302895397372
0.936424879168   -0.348668793141   -0.0392239514196
-0.0707438386724   -0.297118578019   0.952216288396
0.645930983056   0.356591972211   -0.674992837357
-0.548454518097   -0.398267848396   -0.735241703464
-0.531009234107   0.845118267634   -0.0616790645576
0.761331640073   -0.583892676562   0.281857190933
-0.520826164805   -0.809673985675   -0.270496105286
0.386153130088   0.0591386436945   -0.920537006831
-0.692052781977   -0.346053928041   -0.633490036106
-0.625220441827   -0.151264110645   0.765649115426
-0.360780190809   0.925940520616   -0.111677241201
-0.896596548908   0.192324928893   0.398905690875
0.097252446382   -0.793272288234   0.60104994667
0.432037718444   0.577693862219   0.69254112614
0.564820659831   0.149313562265   0.811592928969
-0.381422440338   -0.824896340204   0.417208520916
0.731774927307   -0.545207747599   -0.408966951872
-0.444000089556   -0.467313662607   0.764514134085
0.401847279936   -0.866460454116   -0.296251658327
0.800863711303   0.175682162426   0.57249724342
0.809479420258   0.131223048181   0.572296758514
0.170374189062   0.880272667895   -0.442823515476
-0.561885845952   0.455961118719   0.690205588456
-0.62305761143   0.530222865374   -0.575032978075
-0.02888234149   -0.750265392704   -0.660505602445
-0.781642516237   -0.394924744155   0.482772641381
-0.590244912222   -0.382728063398   0.710725103738
-0.513431365349   0.857403520835   0.0353190534228
-0.622895799209   -0.344061668813   -0.702582658042
0.566573585634   0.486051022373   -0.665393699784
0.0391894573208   -0.822486232407   -0.567433329949
-0.823078707352   0.295416318358   -0.485047049626
0.928137737081   0.35479896428   0.112596784823
0.337511605043   -0.929703703615   0.147434527658
0.156991265577   -0.0988368272998   -0.982641859531
0.684164336635   0.729300912735   -0.0062720937878
0.302751584607   -0.276169351146   0.912179789025
0.663521392642   -0.625979766583   -0.409742227912
0.205357584262   -0.162305986913   -0.965134720751
0.796133337548   0.601256034854   0.0682853527164
0.569209953734   -0.782398841489   0.252689693905
-0.314897075357   0.280745936706   -0.906654041493
-0.253397197955   0.895710398637   0.365366585557
0.914674637234   0.344796462854   -0.2109163512
-0.166525635771   0.0733588184416   -0.983304477966
-0.0468554191688   -0.9966908426   -0.0664223905839
-0.984923236768   0.0350121126642   0.169411834419
0.554594478704   -0.831686077772   -0.0268929773542
0.288216018323   0.161672685083   0.943818557605
-0.780612894445   -0.5311875478   0.329368028335
0.172612161696   0.879058791675   -0.444365482924
0.390960232956   0.352933392722   0.850051831683
0.904076953517   -0.320458516942   -0.282756434123
-0.465926718462   -0.633641401678   0.617584704395
0.200212982397   -0.755371028959   -0.623962635331
0.861874152474   -0.167072387573   0.478810779544
0.169430180092   0.448833055335   -0.877406577655
0.813214525333   0.439268333831   0.381740051187
0.556754478977   -0.778198059193   -0.290572247138
0.260141634678   0.523203335423   -0.811532254263
0.370437285162   0.72207788797   0.584277110168
0.891685229029   -0.452616607635   -0.00597150102032
0.281232373232   0.248781125693   -0.926831324322
0.768947255111   -0.63624560629   0.0625431637603
-0.574132799188   -0.730273565162   -0.370232425541
0.948790275493   0.299076078185   -0.10173746894
0.234439816442   -0.882460513508   -0.407800704471
-0.211742734458   0.363066029197   -0.907385294595
0.754502709869   0.560784957273   0.340948518837
-0.0364639375803   -0.482881456689   0.874926214056
0.655283176998   -0.672566524949   -0.343886939939
0.607033689508   0.0446474596175   0.793420887141
0.334540091025   -0.919996180975   -0.204181180544
0.720828015063   0.389375951159   -0.573405041275
-0.737105664674   0.523988638965   -0.426744824622
-0.208627547146   0.42419281209   0.881212235924
0.642767287343   0.738577256898   -0.203356460226
-0.760801119939   -0.453494403619   -0.464246143534
0.400235156963   -0.8909708962   0.214435727565
-0.510875204948   -0.0226646864406   0.859356059476
0.0349671830003   -0.983141917879   -0.179469399682
0.928151880581   -0.0346379961193   0.370586421498
-0.370555505541   -0.17953322404   0.911293826808
-0.633618092349   0.557669223122   0.536221176968
-0.625209921236   0.0391387745512   -0.779474637634
-0.455676055368   -0.82914003275   0.323861295396
0.989919115237   -0.139813108884   0.0226371347944
0.00172016756999   -0.147948599624   -0.988993555537
0.141623396058   0.979062565137   -0.146216644865
-0.472685966702   -0.880761824246   0.0287504057876
-0.851128857253   0.447842004202   -0.27389269363
0.22835858914   -0.153935532685   -0.961330435669
0.108640185247   -0.982078721937   -0.154008746727
-0.0619815736336   0.147932295914   -0.987053352335
0.992146962239   0.116779363522   -0.0447993925856
0.344469863834   -0.282925147831   0.895150196132
-0.853674919942   0.30233505506   0.424066793728
-0.39061444414   -0.910245502712   -0.137380787675
0.369340446816   0.262287745257   -0.89151151032
0.440448270031   0.795338121525   0.416464396888
0.818286597576   -0.546481848863   0.178226353525
-0.427722151137   0.223315068345   0.875890484979
-0.896383161748   -0.229582123623   -0.379195564119
0.116408714285   -0.947323824657   0.298373226808
-0.770524669113   0.627104959975   0.114153858734
-0.622668816036   -0.778828630553   0.0755612980855
0.136291158282   -0.012858203859   0.99058537581
-0.583965629168   -0.755905969442   -0.295956600388
0.777895849015   -0.625307136952   0.0622015479137
-0.232082295827   -0.193899844868   0.953173991527
0.0327556282435   -0.742075508322   0.669515503007
0.860971029495   -0.319259671212   -0.395982510608
0.507598222207   0.589404107795   0.62844796326
0.989727633545   0.139758483065   0.0301127516119
-0.0599429680755   0.214444506285   0.974895068355
0.129792341748   -0.966685636666   0.220619192021
-0.766254076685   0.105634725275   -0.633794915394
0.0310287047548   0.991325942432   0.127710983645
0.641788056483   0.0781932265503   -0.762885253414
0.743134174682   -0.552249690961   -0.377851660381
-0.419854568501   -0.824517574869   0.379332189567
-0.521031419137   -0.123251967797   -0.844591743214
0.0886129433333   0.927056597556   -0.364299068351
0.885710014684   0.0939899466372   0.454624746159
0.455703320333   -0.362948970047   -0.812774586819
-0.414103404052   0.847877707352   -0.33109177599
0.906587461675   0.416701453284   -0.0667762919315
0.0813482949171   -0.327815942575   -0.941232788797
-0.961830591073   0.261296859939   -0.081276472995
0.178768977861   0.375123281777   -0.909573623201
-0.207180034345   -0.889385447629   -0.407516820406
0.596716065039   0.730584687076   -0.331927631773
-0.800710312382   0.514852869427   -0.306250744469
-0.0528482106541   0.44852261688   0.892207671329
-0.644002700353   0.170054988831   -0.745883250054
-0.361381480353   0.791720782183   0.492525764522
0.674287733535   0.586736315421   -0.448415598046
-0.793939293298   0.473086340703   -0.381902753065
0.435198878174   0.00355962794435   -0.900327310196
-0.424573120903   -0.881008878099   -0.208712773248
-0.973828098934   -0.14791134937   0.172571916761
0.187101929596   -0.0906189708867   0.978151864516
-0.129041472669   0.984840309311   0.115921799022
-0.573103049868   0.520418135708   0.633022794422
0.694449253783   0.718537903352   0.0379936227188
-0.435078301174   0.461376468269   -0.773200249855
0.93362960864   0.358232215191   -0.00233106630476
-0.346549613598   0.901495292146   -0.25924815053
-0.0907695939492   0.242849579447   0.96580793255
0.9975754062   -0.0692446490621   -0.00696329817928
0.0199554063681   0.380464769766   -0.924580088864
0.0666715134218   0.922199402268   0.380924102355
-0.852186034075   -0.408732996456   0.326674610178
-0.511445474048   0.51888154339   -0.684971146112
0.110464883121   -0.750799095323   -0.651228245748
-0.343382196485   -0.796481138161   0.497701179114
-0.460828424195   -0.318865014602   -0.828228389948
0.818367784429   -0.513753733823   -0.257548578704
0.438114878487   0.306674873004   -0.844988683662
0.318897975992   0.825841452313   0.465069862011
0.840451922573   -0.473219207038   0.264015431241
0.155318616408   -0.411738582764   0.897968522199
-0.961699807981   -0.270844095146   0.0421539494472
0.225853064461   -0.870123448476   -0.438036046103
0.0352520005392   -0.60031860209   -0.798983649672
0.998299944233   0.0582851367007   0.000253344840846
0.046416783622   -0.797634263823   0.601352694659
-0.995974201597   0.013471700005   -0.0886222491962
0.0885518304211   -0.00573792959753   -0.996055043405
-0.0139270629599   -0.999892788984   0.00452188615539
-0.564011642566   -0.135823936883   0.814519935434
0.336386980263   0.863036596542   0.376844308088
-0.75414499041   0.486538478641   -0.441073284434
-0.832320599727   0.545965092021   0.0957315912556
0.00360661787817   -0.167370969094   0.985887392663
0.554282790259   0.820919653193   0.137337217912
-0.929560962377   -0.0127449055051   0.368448075866
0.269350474996   0.658915811979   0.702339144818
-0.251727509114   0.752108715618   -0.609069569957
-0.578132475788   0.168533539201   -0.798347848124
0.527014686681   -0.669833554779   -0.523047348636
-0.622911197894   -0.723131699662   0.298432881033
0.301524600445   -0.10445777054   0.947719098415
0.720185862855   -0.626435688461   -0.298178891213
0.624832168082   0.772442167671   -0.113656761059
-0.248122831841   -0.810391350415   -0.5307550466
-0.218799196553   0.580612114707   -0.784229866712
0.943695910719   -0.0784565575802   -0.321376098467
0.948022107531   -0.118462081915   0.295331709743
-0.233026465099   0.37355764134   0.897860431894
-0.216685832936   -0.920011643266   0.32653610223
0.999992801915   0.000219661527806   0.00378785781252
-0.000207805616772   0.999995079673   -0.00313008740479
-0.0037885267348   0.00312927773603   0.99998792727
0.896375193171   -0.404392107338   -0.181599935547
-0.274771073551   -0.828316973915   0.488253876445
-0.347868323087   -0.387760253567   -0.853598040969
0.865257172256   -0.501324672368   0.0018970329908
0.501323260981   0.865259248071   0.00119232012248
-0.00223916483394   -8.06367724618e-05   0.999997489816
