-0.514051795006   -0.773689031601   -0.37034586072
-0.0690355747938   0.467676848173   -0.881199419498
0.854976534843   -0.427415132523   -0.293822199106
-0.140964493155   -0.861700177193   0.487444162369
0.711611747742   0.254111617804   0.655008375645
-0.688286066055   0.439203947783   0.577375292778
0.772965967655   0.217733561993   -0.595915853977
0.25691691041   0.751389920712   0.607788562775
0.580101132393   -0.622900724411   0.524859428406
0.94892680645   -0.195920884609   0.247291252017
0.0995672270656   0.929729521275   0.354526996613
-0.299373239279   -0.311798065901   0.901752531528
-0.609440147877   0.730413138866   -0.308349400759
0.402789354324   -0.0497482195497   -0.913939714432
-0.682893395424   -0.681191444397   -0.263884067535
0.598299324512   -0.683381855488   0.418362438679
0.534737706184   0.729378044605   0.426688700914
-0.596735715866   -0.0315733961761   0.80181646347
0.228886753321   -0.948963880539   -0.216975703835
-0.818785727024   -0.0671237036586   -0.570161700249
0.526498615742   0.308159083128   -0.792361795902
0.947410583496   -0.196406587958   0.252660989761
-0.113695517182   -0.944585323334   -0.307947933674
0.299142867327   0.263026744127   -0.917240679264
-0.994058430195   0.079953558743   0.0738599300385
-0.105116583407   -0.529004573822   -0.842083513737
-0.028255334124   -0.844844102859   0.534265935421
-0.98610830307   0.0772476196289   -0.147048294544
0.0668923929334   0.995003700256   0.0741152539849
0.152038827538   0.0632492601871   -0.986348688602
-0.889747560024   -0.219698175788   -0.400102525949
-0.455662608147   0.375947445631   0.806867480278
-0.0268497858196   0.900220096111   -0.434606552124
0.893962681293   0.0337194986641   -0.446871072054
-0.445165425539   0.181545957923   -0.87685161829
0.0515606366098   0.982804179192   0.177306056023
0.192825824022   0.685213565826   0.702353596687
-0.375725269318   0.712793648243   -0.592246353626
-0.906448423862   -0.149691611528   0.394897073507
-0.443014293909   0.803548514843   0.397552639246
0.864961385727   0.266488701105   0.425235897303
0.235754385591   0.532253265381   -0.813096761703
-0.839336752892   0.521543264389   0.15331800282
-0.485862016678   -0.846219301224   0.218748778105
0.243827596307   0.109112501144   0.963661015034
-0.0170226115733   0.597354829311   -0.801796376705
0.515354275703   0.692426741123   0.504930853844
0.856808125973   -0.40461397171   -0.319636285305
0.734215915203   -0.678676664829   0.018025752157
0.665913045406   0.714728415012   -0.213829621673
0.132237657905   0.169000700116   0.976704657078
-0.21889950335   -0.918566524982   0.329117894173
-0.961517512798   0.260461032391   0.0874309018254
-0.166033491492   -0.297314047813   -0.94023257494
0.116466857493   0.922706305981   0.36748957634
0.86816316843   -0.274301677942   0.413583517075
0.482419133186   0.270872145891   -0.833006620407
0.917577981949   -0.0116322236136   -0.397385597229
-0.0567251704633   -0.993175148964   -0.101908400655
-0.393488109112   0.116050675511   -0.911975502968
0.815417647362   0.129722967744   0.564150691032
-0.567339539528   -0.0144812194631   0.823356628418
0.114977858961   -0.991444528103   0.0617887303233
0.210328042507   -0.661926090717   -0.719455361366
0.976204037666   0.102454453707   0.191124871373
-0.0527991317213   -0.742534160614   0.667723953724
-0.505282580853   0.34532302618   -0.790848612785
-0.845639765263   -0.0154810231179   0.533529520035
0.171996891499   0.938356220722   0.299841165543
-0.299209147692   0.864411950111   0.404061704874
-0.17605805397   -0.466204017401   0.866981744766
0.937804579735   0.188270553946   0.29167920351
0.161284819245   0.748048901558   -0.643746852875
0.642380535603   -0.574763417244   -0.506946027279
-0.749222576618   -0.331767737865   -0.573232650757
-0.222720518708   0.429388970137   -0.875226080418
-0.910215437412   -0.413122355938   0.0289450511336
-0.349146783352   0.803090929985   0.48284727335
0.947598218918   0.1852876544   0.260242283344
-0.00934776198119   0.830353319645   -0.557158827782
-0.319327712059   0.525530040264   0.788573384285
-0.0825526118279   -0.843921601772   -0.530076801777
-0.0288300160319   0.533692002296   -0.845187366009
0.996169626713   -0.0544903017581   -0.068387940526
0.9238691926   -0.106066860259   0.367716670036
-0.103736124933   0.85545283556   0.507384717464
-0.368380963802   -0.506902575493   0.779323577881
-0.961063563824   -0.267597317696   -0.0689092129469
0.262250036001   -0.961866974831   0.0776972323656
-0.0870730653405   0.0566005334258   0.994592726231
0.208340093493   -0.158623591065   0.965107738972
0.244602814317   -0.946953594685   -0.208442792296
0.946976184845   0.279495060444   -0.158488616347
-0.338992297649   -0.24206225574   0.90911501646
0.837759137154   -0.517361998558   0.174631476402
0.428069889545   0.820818126202   0.378171622753
0.639431416988   0.490020960569   -0.592458426952
0.18985696137   -0.84735172987   -0.495932877064
-0.745038151741   0.20463269949   -0.634857177734
-0.330098092556   0.0889927893877   0.939742267132
0.812756299973   0.533102571964   0.235008090734
-0.480065017939   0.841357171535   -0.248305603862
0.763364911079   -0.262313872576   -0.590309619904
0.504162847996   -0.329379856586   0.798328697681
-0.403848797083   -0.907028317451   -0.11918810755
-0.990654945374   -0.0934595316648   0.0993384569883
-0.0691385269165   -0.283717393875   -0.956412196159
0.117569878697   -0.954342603683   0.274604380131
0.744745016098   0.611539781094   0.26715913415
0.248359873891   -0.625557541847   0.739591181278
0.619412839413   -0.484455227852   -0.617762804031
-0.493718624115   0.395707249641   0.774375677109
-0.860636770725   -0.0946632176638   -0.500343084335
-0.124684490263   -0.913484871387   0.387297213078
0.385868817568   0.873921334743   -0.295578747988
-0.460050851107   -0.0954347997904   -0.882748782635
-0.799661457539   0.476606488228   0.365222930908
0.719005048275   0.673031210899   0.173380255699
0.590893030167   -0.723304927349   0.357316881418
0.365892231464   -0.154463469982   -0.917749404907
0.621968209743   -0.775760769844   0.106540068984
-0.739357948303   -0.536998927593   0.406179755926
-0.257886439562   -0.331402152777   -0.907561123371
0.472089976072   -0.840695977211   0.265257060528
-0.810276567936   -0.295285195112   0.506219804287
-0.347250491381   -0.453912883997   -0.820597469807
0.648222982883   -0.696482419968   -0.307764917612
0.025566117838   -0.384047031403   0.922959506512
-0.761021256447   -0.606151878834   -0.231141746044
-0.161703884602   -0.565497398376   -0.808742582798
0.35242626071   0.732393026352   -0.582577228546
0.921763300896   -0.379227131605   0.0808653384447
0.88785046339   0.453497439623   0.0778566896915
0.321346193552   -0.490009605885   -0.81032538414
-0.329329967499   0.744466662407   -0.580784916878
-0.228344842792   0.794108510017   0.563249766827
0.62683314085   0.562586545944   -0.539051532745
-0.744942188263   0.229973986745   -0.626237273216
0.110496021807   -0.0746755227447   0.991067171097
0.881326079369   -0.453569084406   -0.132436558604
0.45940721035   0.88808709383   0.015695899725
0.068380586803   -0.680576860905   -0.729478776455
0.967823505402   0.222733289003   -0.11707919091
0.242160588503   -0.698000729084   0.673908889294
0.145152047276   -0.515424668789   -0.844552099705
0.983223080635   -0.0201612133533   0.181289508939
-0.110468283296   -0.856697678566   0.503850996494
-0.40350612998   0.347713172436   0.84633231163
0.52413636446   0.846012949944   -0.0976892933249
-0.749975919724   0.404175311327   -0.523620486259
-0.116813443601   -0.992973029613   0.0189521107823
-0.964173138142   0.117960385978   0.237603589892
-0.238169565797   0.00948217883706   -0.971177279949
0.464895576239   0.185792639852   -0.865651905537
-0.231797412038   0.969171583652   0.0835247561336
0.854483485222   0.161825582385   0.493629842997
-0.810737609863   -0.371498674154   -0.45243036747
-0.376077920198   -0.261753797531   0.888847768307
-0.448631137609   0.890771389008   0.0725012049079
-0.698656439781   -0.143208280206   -0.700978338718
-0.329405516386   -0.80535364151   0.492846339941
-0.635115087032   0.5752363801   0.515491902828
0.0595602802932   -0.324792444706   -0.94390809536
0.672120928764   -0.686075627804   0.278484642506
-0.738042056561   -0.651006996632   0.177436932921
-0.900618135929   0.419893264771   0.112145550549
-0.434501290321   -0.864093065262   -0.254070520401
-0.00977830123156   -0.277547895908   0.960662066936
0.489645242691   -0.866341948509   0.0984843075275
-0.538886070251   -0.211890146136   0.815294027328
-0.685455560684   -0.452276676893   -0.570610582829
-0.588759422302   -0.190093427896   -0.78563785553
-0.43445160985   -0.745203256607   0.505889177322
-0.681626141071   0.63916862011   0.356159031391
-0.341649830341   -0.889360427856   -0.303831249475
0.937036395073   -0.347239553928   -0.0372483097017
-0.0723750591278   -0.297426819801   0.951997458935
0.645919620991   0.357446789742   -0.674551427364
-0.54691785574   -0.399796277285   -0.735556781292
-0.532605588436   0.844034790993   -0.0627422109246
0.762101471424   -0.583197772503   0.281214654446
-0.519955098629   -0.81009298563   -0.270917087793
0.385808259249   0.0602473244071   -0.920609712601
-0.691041469574   -0.346451669931   -0.634376049042
-0.626073658466   -0.151726767421   0.764859974384
-0.361238837242   0.925716042519   -0.112054780126
-0.896749377251   0.193697437644   0.397896766663
0.0962200835347   -0.792271792889   0.602533936501
0.431951642036   0.578607618809   0.69183164835
0.56600099802   0.14751149714   0.811100006104
-0.38344964385   -0.823854207993   0.417409449816
0.729800820351   -0.547270178795   -0.409739047289
-0.445012509823   -0.467086851597   0.764063954353
0.40175357461   -0.86665481329   -0.2958098948
0.800348639488   0.17532633245   0.573326051235
0.809089303017   0.13196721673   0.572677195072
0.170357942581   0.879954874516   -0.443460941315
-0.562452435493   0.45635959506   0.689480364323
-0.624263763428   0.530910253525   -0.573087334633
-0.0294525232166   -0.749058961868   -0.661848366261
-0.780658245087   -0.396289050579   0.483246982098
-0.591668486595   -0.379924058914   0.71104580164
-0.511555194855   0.858612596989   0.0331012047827
-0.62308883667   -0.344154238701   -0.702366113663
0.56600779295   0.486610680819   -0.66546612978
0.0364342704415   -0.821189284325   -0.569491624832
-0.823594391346   0.298090934753   -0.482528865337
0.928009152412   0.355161160231   0.112514808774
0.338067084551   -0.929684519768   0.14627841115
0.156555682421   -0.0977101549506   -0.982824027538
0.682997584343   0.730393469334   -0.00630261423066
0.303562730551   -0.275994896889   0.911962985992
0.664352297783   -0.624781727791   -0.410224080086
0.205692961812   -0.163365751505   -0.964884459972
0.796293258667   0.60107845068   0.0679835602641
0.568865060806   -0.78231471777   0.25372466445
-0.314092427492   0.280876874924   -0.906892597675
-0.253158032894   0.895869791508   0.365141510963
0.915017485619   0.344275325537   -0.210279673338
-0.165660306811   0.0715015307069   -0.983587384224
-0.0463181063533   -0.996831655502   -0.0646632015705
-0.985094547272   0.0348457768559   0.168447241187
0.552441298962   -0.833093822002   -0.0276272278279
0.290240228176   0.161182835698   0.943281888962
-0.781389296055   -0.529126405716   0.330841422081
0.172384545207   0.878954350948   -0.444660365582
0.39300018549   0.352563291788   0.849264383316
0.903235554695   -0.321151643991   -0.284652769566
-0.465482026339   -0.635675251484   0.61582750082
0.201724842191   -0.753690958023   -0.625505387783
0.861761927605   -0.166933819652   0.479061096907
0.168678611517   0.448010206223   -0.877971768379
0.812266230583   0.441404670477   0.381294429302
0.558364629745   -0.777463018894   -0.289448052645
0.259973704815   0.522994160652   -0.811720848083
0.369352340698   0.722839653492   0.584021985531
0.892184138298   -0.451641380787   -0.00524981832132
0.281318277121   0.24990041554   -0.926504075527
0.768700182438   -0.63662737608   0.0616899207234
-0.574421525002   -0.729558348656   -0.371193408966
0.94868940115   0.299153417349   -0.102448284626
0.234306052327   -0.88261204958   -0.407549530268
-0.212341934443   0.362633675337   -0.907418131828
0.753898859024   0.561264038086   0.341495484114
-0.0375079996884   -0.482170462608   0.875274121761
0.655918955803   -0.672676980495   -0.342455863953
0.607436716557   0.0444628670812   0.793122768402
0.33431905508   -0.920011997223   -0.204471871257
0.720591008663   0.389359772205   -0.573713839054
-0.737582862377   0.523934364319   -0.425986230373
-0.206728711724   0.425353080034   0.881100416183
0.642833352089   0.737948179245   -0.205420866609
-0.760826647282   -0.454686373472   -0.463036805391
0.40104919672   -0.890383481979   0.215352863073
-0.510198295116   -0.0218543354422   0.859779059887
0.0359374806285   -0.982998907566   -0.18006002903
0.928704977036   -0.0336910784245   0.36928576231
-0.369073927402   -0.180493846536   0.911705195904
-0.632928788662   0.558316171169   0.536361992359
-0.626000285149   0.0385828502476   -0.778867781162
-0.45554882288   -0.828730642796   0.325085878372
0.989698886871   -0.141310468316   0.0229672137648
0.00208019185811   -0.146214023232   -0.989250779152
0.143149629235   0.979108154774   -0.144413888454
-0.474201351404   -0.879865884781   0.031129879877
-0.85102969408   0.449027717113   -0.272254645824
0.225569397211   -0.155595973134   -0.961721539497
0.107183754444   -0.98225158453   -0.153926953673
-0.0635107532144   0.147738426924   -0.986985206604
0.992208659649   0.115564793348   -0.0465483814478
0.345195323229   -0.282741159201   0.894928812981
-0.853342413902   0.302395552397   0.424692392349
-0.390700519085   -0.910282552242   -0.136889502406
0.369567543268   0.261120676994   -0.891759932041
0.440928578377   0.795490980148   0.415663480759
0.817925333977   -0.546818196774   0.178852066398
-0.426883935928   0.222074493766   0.876614511013
-0.896628260612   -0.229995399714   -0.378364801407
0.117592133582   -0.947515189648   0.297299593687
-0.769611477852   0.628184735775   0.114377170801
-0.623784780502   -0.777950286865   0.0754047557712
0.136347874999   -0.0133143765852   0.990571558475
-0.582834005356   -0.756569087505   -0.296492338181
0.77827244997   -0.624652087688   0.0640447065234
-0.23365880549   -0.193424403667   0.952885389328
0.0334356836975   -0.741291224957   0.670350193977
0.861234128475   -0.318949878216   -0.395659863949
0.507107317448   0.59055763483   0.627761006355
0.989754319191   0.139575213194   0.0300848707557
-0.059896454215   0.214609667659   0.974861562252
0.129610002041   -0.966675460339   0.220770910382
-0.765287041664   0.106856130064   -0.634757876396
0.0313411802053   0.991140842438   0.129064142704
0.642925739288   0.0788770541549   -0.761856257915
0.741964280605   -0.552601218224   -0.379632592201
-0.419234007597   -0.824295401573   0.380499541759
-0.523193955421   -0.123162157834   -0.843266963959
0.0906001254916   0.927017867565   -0.363908559084
0.885423660278   0.0922872722149   0.455530494452
0.455869048834   -0.363484352827   -0.812442302704
-0.415328830481   0.847642302513   -0.33015832305
0.90603774786   0.417869746685   -0.0669361501932
0.0812252610922   -0.326936423779   -0.941549301147
-0.961950421333   0.261102408171   -0.0804791525006
0.177633285522   0.373847782612   -0.910320937634
-0.207600042224   -0.889979422092   -0.406003504992
0.598450422287   0.730437397957   -0.329117357731
-0.799307107925   0.516438663006   -0.30724465847
-0.054454062134   0.446936547756   0.892906785011
-0.644031941891   0.171623945236   -0.745498538017
-0.363476932049   0.788834095001   0.495606005192
0.673132538795   0.590157628059   -0.445652991533
-0.793229222298   0.474277883768   -0.381900399923
0.434418737888   0.00129054987337   -0.900710105896
-0.426694005728   -0.880374252796   -0.207058891654
-0.973531067371   -0.147524818778   0.174567043781
0.188888207078   -0.0893019512296   0.977929651737
-0.128679707646   0.98501855135   0.114803917706
-0.573774456978   0.520988941193   0.63194411993
0.695028185844   0.717913746834   0.0391874872148
-0.433265119791   0.461703747511   -0.774022579193
0.933840036392   0.357690870762   -0.000147148297401
-0.345334380865   0.901473045349   -0.260941535234
-0.0932037606835   0.243728473783   0.96535462141
0.997613728046   -0.0686865895987   -0.00699961138889
0.0197458639741   0.380990833044   -0.924367964268
0.0661584660411   0.922023952007   0.381437957287
-0.852200567722   -0.409704744816   0.325417041779
-0.511414110661   0.520914673805   -0.683449745178
0.110498085618   -0.748859107494   -0.653452515602
-0.344601035118   -0.796850442886   0.496265560389
-0.461512565613   -0.316541969776   -0.828738391399
0.817469418049   -0.514616906643   -0.258675813675
0.439008891582   0.305547654629   -0.84493303299
0.320781230927   0.825120687485   0.465054005384
0.839267909527   -0.475201517344   0.26422137022
0.155793219805   -0.412087410688   0.897726237774
-0.961316287518   -0.272247880697   0.0418575629592
0.22715510428   -0.869520008564   -0.438560724258
0.0379880219698   -0.599745035172   -0.799288928509
0.998279452324   0.0585298389196   0.00352773838677
0.0446665100753   -0.798047721386   0.600936532021
-0.996140182018   0.0117103578523   -0.0869918018579
0.0869375616312   -0.00506461272016   -0.996200859547
-0.0121064484119   -0.999918580055   0.00402699410915
-0.565648376942   -0.134048327804   0.813678622246
0.33575591445   0.863776385784   0.375710457563
-0.753199756145   0.485717445612   -0.443586200476
-0.832486629486   0.545588254929   0.0964337959886
0.00431561563164   -0.167663261294   0.985834896564
0.554028332233   0.821110546589   0.137222871184
-0.929627120495   -0.0139198619872   0.368238508701
0.268926978111   0.657561421394   0.70376932621
-0.251935809851   0.753272354603   -0.60754352808
-0.577766358852   0.168436914682   -0.798633217812
0.526141643524   -0.671186208725   -0.522191524506
-0.623987972736   -0.721898913383   0.299167156219
0.299599885941   -0.105322025716   0.94823372364
0.720672547817   -0.626309812069   -0.29726600647
0.625196754932   0.772426843643   -0.11173966527
-0.249398320913   -0.810192346573   -0.530461013317
-0.21585687995   0.580497801304   -0.785129368305
0.94403719902   -0.0813062861562   -0.319660753012
0.948502779007   -0.1177085042   0.294086992741
-0.232206359506   0.37310859561   0.898259520531
-0.215459167957   -0.920290529728   0.326561897993
0.999997437   -0.000972198846284   0.00204435409978
0.000975010858383   0.999998569489   -0.00137497088872
-0.00204301439226   0.00137696054298   0.999996960163
0.896316826344   -0.404428690672   -0.181806489825
-0.273981928825   -0.827513277531   0.490056782961
-0.348640322685   -0.389434456825   -0.852520227432
0.865568220615   -0.500787436962   0.00189162872266
0.500783264637   0.865569651127   0.00230066571385
-0.00278948084451   -0.00104408711195   0.999995589256
