-0.513939503213   -0.773246228407   -0.371424901281
-0.0701007459042   0.4693932365   -0.880202178452
0.854957351252   -0.426333507694   -0.295444864158
-0.139816809403   -0.861211218741   0.488637387561
0.711381759178   0.255896485066   0.654563199118
-0.688757760404   0.439126662416   0.576871321733
0.772104721128   0.217495020731   -0.597118259282
0.258520947119   0.750852655806   0.607772333337
0.580535287051   -0.623631465872   0.523509861666
0.949757215115   -0.19464624236   0.245100127852
0.0990656396925   0.929788031334   0.354514055885
-0.296895994197   -0.312421281482   0.9023556458
-0.609224141703   0.731564479818   -0.306038162711
0.401500404425   -0.0482457158571   -0.914587216261
-0.683844551351   -0.680063057937   -0.264330979676
0.597781986108   -0.682965225939   0.419779939067
0.534144905211   0.729798828094   0.426711718552
-0.59778417286   -0.0308572628493   0.801062988789
0.228759470934   -0.948981652382   -0.217032089562
-0.818986399117   -0.0670922104632   -0.569877103731
0.526241752924   0.30811111427   -0.792551044882
0.947419577181   -0.196645660278   0.252441337875
-0.114216529694   -0.94474215456   -0.307273242801
0.298915923161   0.26228371221   -0.917527397515
-0.994049866528   0.0795747198167   0.0743823018091
-0.105388173053   -0.529984377869   -0.841433236921
-0.0275353561237   -0.844265611748   0.535217134425
-0.985920684727   0.0759883327126   -0.148950249137
0.0651647014045   0.994956814685   0.0762528596357
0.153993393097   0.0654729730753   -0.98590026102
-0.890463458417   -0.220036880009   -0.398319721657
-0.454215907531   0.376656209063   0.807352469198
-0.027617722036   0.899841025743   -0.4353428417
0.894428300172   0.0359176434372   -0.445766686442
-0.444460207745   0.181787196372   -0.877159357795
0.0495291791135   0.982681707434   0.178559576308
0.192546927849   0.68491975987   0.702716588046
-0.375275227607   0.71307681443   -0.592190814068
-0.90669409622   -0.149687605573   0.394334168716
-0.442674425586   0.803349826242   0.398332034374
0.864660958308   0.26478001748   0.426910962053
0.237488484162   0.53340472347   -0.81183657276
-0.839625311838   0.521180161961   0.152972463206
-0.485166725196   -0.846240329856   0.22020570585
0.244218313162   0.110673135424   0.96338407326
-0.0152009106308   0.59773490067   -0.801549699543
0.515363666354   0.691639712085   0.505998814296
0.856836754416   -0.405397949166   -0.318564403369
0.733333246971   -0.679631251927   0.0179919507319
0.666696229466   0.713688096081   -0.214861441697
0.133185909549   0.169560204402   0.976478801911
-0.217065188038   -0.919147724355   0.328709849191
-0.962158216633   0.258281155546   0.0868470543801
-0.164724832089   -0.297419410098   -0.940429382883
0.115827482781   0.922271590995   0.368780567108
0.869380608986   -0.273696401167   0.411421483042
0.480376259772   0.272956759271   -0.833506602623
0.917682395462   -0.0109309843753   -0.397164367283
-0.0566966309877   -0.992994192595   -0.103672684478
-0.393248665724   0.117656479009   -0.911873039328
0.816135571925   0.128357088935   0.563424516647
-0.566522388856   -0.0144694844355   0.823919302447
0.113908345454   -0.991622454234   0.0609081036948
0.209454100207   -0.661655074687   -0.719959403055
0.976393536004   0.101788340462   0.190511932949
-0.0527697143871   -0.742867212822   0.667355723252
-0.505401311755   0.345834491774   -0.790549187828
-0.845119856104   -0.0134428935892   0.534407819396
0.174189388012   0.938199228795   0.299065651978
-0.297753610321   0.864293510127   0.405388105268
-0.175989069615   -0.467066845085   0.866531251369
0.938280680243   0.186668933072   0.291177050107
0.160936657424   0.748016927967   -0.643871157742
0.641485003534   -0.575063338327   -0.507739251145
-0.750064252273   -0.331319833977   -0.572390413158
-0.221385132279   0.427923379944   -0.876282034566
-0.910211344836   -0.41318401786   0.0281828869507
-0.35000561558   0.803841121293   0.480973513596
0.948204160544   0.186523251141   0.257134102583
-0.0124269066059   0.830620193054   -0.556700697757
-0.317418401986   0.524670536313   0.789915429907
-0.0826132739238   -0.845852838165   -0.52698009748
-0.0271310153285   0.530500578016   -0.847250284586
0.99621230417   -0.05569661474   -0.0667752358863
0.922949879622   -0.105062819597   0.370304366223
-0.106302980814   0.855043400956   0.507543553551
-0.369950261489   -0.507801719591   0.777993713088
-0.961333362068   -0.266201363196   -0.0705336884635
0.260865519587   -0.962338018332   0.0765161366252
-0.0882459498577   0.0551577075849   0.994570399533
0.206790032551   -0.159277297689   0.96533342679
0.243723775707   -0.947169821555   -0.208489928512
0.947542402003   0.278388346697   -0.157045613853
-0.337216307845   -0.242546533993   0.909646272224
0.838514859318   -0.516656390913   0.173086696289
0.42799298175   0.821119572643   0.377603833397
0.639048802059   0.491220539253   -0.591877529902
0.1902938692   -0.846554166347   -0.497126027065
-0.745254903997   0.20505712681   -0.634465682927
-0.327794619093   0.0873858629048   0.940698888411
0.812551446799   0.534064055664   0.233528864924
-0.481986342129   0.840915748106   -0.24606883303
0.764236992162   -0.263234717127   -0.588769312643
0.502597184662   -0.328993762451   0.799474311181
-0.404150825536   -0.906901641838   -0.119128175723
-0.990500633264   -0.0940970877724   0.100270801211
-0.0696663586201   -0.285289407497   -0.95590614207
0.118554181619   -0.953811140658   0.276023937328
0.744553026185   0.61126209045   0.268327128664
0.248157647128   -0.626580196918   0.73879296085
0.619724594776   -0.483483105816   -0.618211543908
-0.494563370195   0.39584244569   0.773767297739
-0.860035030633   -0.0943479772376   -0.50143614277
-0.125486329717   -0.91345893032   0.387099423499
0.385400757289   0.874355639141   -0.294904175257
-0.459614264064   -0.0952292371355   -0.88299836957
-0.800138103423   0.475850405797   0.365164903506
0.718739627624   0.673234930123   0.173689598265
0.590424446618   -0.722917992402   0.358871215198
0.367167973166   -0.155384378638   -0.917084169723
0.621174547941   -0.776742344428   0.103988034709
-0.739341898656   -0.536857674268   0.406395613253
-0.259837906938   -0.329325322367   -0.907760482818
0.472501418266   -0.840908941048   0.263845717421
-0.809970294082   -0.296320375658   0.506105085605
-0.347405429493   -0.452842564072   -0.821123060036
0.647596884595   -0.696238193027   -0.309629865537
0.0276956994767   -0.384571689632   0.922679556381
-0.761479627629   -0.606099821897   -0.229764624351
-0.161582293747   -0.565052773654   -0.809077576833
0.351908053176   0.732962130686   -0.582174576128
0.921982583598   -0.378790018303   0.0804129192122
0.88917809711   0.450826785823   0.0782145817874
0.319808684536   -0.49008544234   -0.810887578214
-0.327238012637   0.746037176279   -0.579951562369
-0.228319046318   0.793985501748   0.563433612862
0.626585114063   0.56277321151   -0.539145070682
-0.745158713243   0.229942026217   -0.625991339123
0.110217856439   -0.072492479209   0.991260240593
0.881359452777   -0.453866383557   -0.131190018207
0.459409990229   0.888116065802   0.0138677519009
0.0656652729856   -0.681233711951   -0.729115012618
0.968449021353   0.219551601937   -0.117913473053
0.240405001953   -0.698367900027   0.674157037527
0.147882914097   -0.514293206173   -0.844768099423
0.982867791069   -0.0185846890314   0.183372611405
-0.110007040675   -0.857413031985   0.502733869541
-0.402530484632   0.346920749763   0.847121716358
0.523158573048   0.846570049368   -0.0981033075887
-0.751181946261   0.40368941638   -0.522264816653
-0.115008813126   -0.993186196527   0.0188189248427
-0.964316507027   0.116173541318   0.23790204407
-0.238467287439   0.00921343185846   -0.971106824966
0.46598519284   0.184247710136   -0.865396199069
-0.230461996819   0.969591701697   0.0823358975354
0.85425117388   0.161073626986   0.494277471279
-0.810832611815   -0.369346322549   -0.454019569663
-0.378686167417   -0.260406036603   0.888135959585
-0.446259187272   0.892060530525   0.0712793634556
-0.699145544687   -0.142751490155   -0.70058369907
-0.330002717813   -0.804821241041   0.493316304418
-0.634266279712   0.576094421104   0.51557880522
0.060705627942   -0.32418357572   -0.944044403601
0.672662441304   -0.68547865426   0.278647186623
-0.737455128666   -0.651938665663   0.176453703327
-0.900438669263   0.420311530365   0.112019731912
-0.434883690538   -0.864366902817   -0.252479767541
-0.0092940087541   -0.276058100327   0.961096013229
0.487698217628   -0.86738087874   0.0989992915021
-0.541389793274   -0.211529206097   0.813727526084
-0.684870455094   -0.450450670067   -0.572753571421
-0.589087647918   -0.190382535569   -0.785321738665
-0.432881025831   -0.746289662674   0.50563401474
-0.682341381235   0.637813632292   0.357217034753
-0.343496574548   -0.88913927234   -0.302392886253
0.936527554555   -0.348357556967   -0.0395367179149
-0.0701871985018   -0.29677999745   0.952363055919
0.645775232697   0.356734858382   -0.675066359442
-0.54837121181   -0.398514642086   -0.735170112356
-0.531284634535   0.844941607958   -0.0617277591402
0.761295226295   -0.583829195617   0.282086952489
-0.520689422971   -0.809719310966   -0.270623654279
0.386409243195   0.0591448036062   -0.920429133057
-0.692186574727   -0.346240445961   -0.633241896394
-0.625175677411   -0.150738293353   0.765789356997
-0.360601051221   0.925956543526   -0.112122082395
-0.896515423365   0.192207052387   0.399144766572
0.097482511785   -0.793305610157   0.600968692021
0.432154203457   0.577687335767   0.692473888698
0.565066461893   0.149078556923   0.811465019277
-0.381453364751   -0.824899942998   0.41717312301
0.731569015312   -0.545266602597   -0.409256775055
-0.443808953639   -0.46736238489   0.764595326862
0.402058433573   -0.866378962946   -0.296203491805
0.800863676703   0.175954237673   0.57241372938
0.809238809931   0.131462038071   0.572582117297
0.1703707544   0.880241568651   -0.442886652388
-0.562233363068   0.455952314793   0.689928352866
-0.623361554877   0.529894109305   -0.575006612854
-0.028859210306   -0.750454857891   -0.660291338916
-0.781400996853   -0.395005998931   0.48309703262
-0.590379416503   -0.38250134309   0.710735441007
-0.513478510364   0.857392338279   0.0349026883693
-0.622729446841   -0.344341546718   -0.702593008249
0.566682851188   0.48627333207   -0.665138175635
0.0393701310988   -0.822327974822   -0.567650151592
-0.822994859612   0.295491029208   -0.485143806217
0.928146487788   0.354859989433   0.112332030634
0.337568323816   -0.929652185577   0.147629402927
0.156817486152   -0.0991019765292   -0.98264290273
0.684464380224   0.729017822838   -0.00644408174124
0.302523573224   -0.275970720905   0.912315542369
0.663315912555   -0.62639697891   -0.409437205153
0.205922476208   -0.162479130628   -0.96498521538
0.795975858664   0.601429690164   0.068591254634
0.569226111678   -0.782229416411   0.25317735658
-0.31459382776   0.280586441913   -0.906808674501
-0.253944271213   0.89561438987   0.365222085552
0.914627263235   0.345175481852   -0.210501439603
-0.166676299395   0.0734063349869   -0.983275404556
-0.0460922155023   -0.996714810634   -0.0665965009006
-0.984933763707   0.0342212835221   0.1695121968
0.554748018539   -0.831568928533   -0.0273450731633
0.288704991221   0.161566067833   0.943687360183
-0.780323051031   -0.531403352289   0.329706556205
0.173119146151   0.879241757937   -0.443805917418
0.390342917979   0.352457804877   0.850532716693
0.904246740453   -0.320479994508   -0.282188599168
-0.465803412496   -0.633523389821   0.617798749964
0.199673302809   -0.755409726325   -0.624088709655
0.862065979524   -0.167344733781   0.478370136007
0.169903395506   0.449150499541   -0.877152589324
0.813082252611   0.439026963543   0.382299065879
0.556803454268   -0.778151112602   -0.290604128103
0.260179950071   0.523441721177   -0.81136622934
0.370104778439   0.722060925459   0.584508744932
0.891812113933   -0.452367974615   -0.00586250670782
0.281258067705   0.248541673637   -0.926887768728
0.768987373405   -0.636176174738   0.0627558303157
-0.574066476024   -0.730415574287   -0.370055090418
0.948851680241   0.298878415665   -0.101745670933
0.234355728951   -0.882686445619   -0.407359829915
-0.211560585203   0.362679378198   -0.907582386022
0.754480181165   0.560785887882   0.340996838961
-0.036469175038   -0.482933022392   0.874897534089
0.655308824526   -0.672528723428   -0.343911995521
0.607199346109   0.0441074714344   0.79332432526
0.334563382936   -0.919821276754   -0.204929650441
0.720677665037   0.38985041977   -0.573271622638
-0.737211808883   0.524238384671   -0.426254460248
-0.208385010541   0.42370336406   0.881505046308
0.642724230308   0.73868096992   -0.203115702133
-0.760893035273   -0.453345900802   -0.464240544436
0.400299227615   -0.891038458631   0.214035028933
-0.510688082144   -0.0229773685463   0.859458971267
0.0349984038919   -0.983128967402   -0.179534245147
0.928015525668   -0.0346995551868   0.370921993131
-0.370893914541   -0.179592244614   0.911144516436
-0.633789630523   0.557536677486   0.536156280854
-0.625254535569   0.03879632388   -0.779455971177
-0.45537618514   -0.829245258359   0.324013628567
0.989995446902   -0.139346120102   0.0221737214989
0.00136028511729   -0.147716865524   -0.989028754518
0.141092752248   0.979164126412   -0.146049473847
-0.472827301963   -0.88068818651   0.0286820616541
-0.851146662114   0.448060294806   -0.273480039107
0.227999346688   -0.153721470071   -0.961449950621
0.108560390578   -0.982102190988   -0.153915327545
-0.0617687419749   0.14786705566   -0.987076469361
0.992168969537   0.116664563198   -0.044610711512
0.344485324921   -0.283551493227   0.894946038375
-0.85361336116   0.302164557311   0.424312160979
-0.390735320342   -0.910107208517   -0.13795208749
0.370128317132   0.261935420563   -0.891288317163
0.44044895944   0.79525630699   0.416619875091
0.817930157768   -0.546769825107   0.178977695167
-0.42820754647   0.222809370798   0.875782097003
-0.896115611182   -0.229828512322   -0.379678372204
0.116683797256   -0.947383153327   0.29807725886
-0.770672745746   0.626920701436   0.1141663395
-0.622457643666   -0.778979712744   0.0757435738113
0.136418476772   -0.0126902026695   0.990570016683
-0.584144751888   -0.755834112445   -0.295786584053
0.777699456955   -0.625517624872   0.0625400321893
-0.232289611248   -0.193500634206   0.953204616579
0.0329646332904   -0.741852460361   0.669752387087
0.860763183709   -0.319489375922   -0.396249012925
0.507937077327   0.589560400408   0.628027435505
0.989770723471   0.139363114468   0.0305260099773
-0.0603025093186   0.21475378932   0.974804809868
0.129296257986   -0.966674056908   0.220960958933
-0.766024893486   0.106050354536   -0.634002511716
0.0309073508118   0.991232782768   0.128461301686
0.642067440558   0.0788092168959   -0.762586722352
0.742778018507   -0.552681122912   -0.377921144685
-0.419682891359   -0.824128070735   0.380367182767
-0.52167718555   -0.123921343614   -0.84409502704
0.0885138939693   0.92685922836   -0.364824973622
0.88556605719   0.0944492217934   0.454809963452
0.456002246625   -0.363333614336   -0.812435004026
-0.413683040041   0.847957380919   -0.331413069337
0.906736698707   0.416456976427   -0.0662732676349
0.0818223783559   -0.327920519228   -0.941155264273
-0.961923350249   0.260971383492   -0.0812244128559
0.178702331793   0.375654646377   -0.909367397297
-0.206806539687   -0.889256725391   -0.407987170741
0.596371441685   0.730982377306   -0.331671324674
-0.80093368828   0.514419517663   -0.306394821799
-0.0533510123714   0.448371858969   0.892253520903
-0.644117321692   0.170472537224   -0.745688936453
-0.361448441719   0.79132062942   0.493119341978
0.674142343927   0.587154813918   -0.448086291486
-0.793963499745   0.472949635592   -0.382021731405
0.435300807131   0.00356738017559   -0.900278002125
-0.424423336285   -0.881082241333   -0.208707727754
-0.973795610286   -0.147677525458   0.172955074696
0.187466624821   -0.0906762414563   0.978076726956
-0.128757034631   0.984870127332   0.115984733147
-0.573186463201   0.520542530295   0.632844967237
0.694410937902   0.718580683545   0.0378847008532
-0.435029571093   0.461169464937   -0.773351147206
0.9335156102   0.358528418656   -0.00244510298804
-0.346893490673   0.901455419913   -0.258926692404
-0.0906284262347   0.242560299567   0.965893881041
0.997597356442   -0.0688705092166   -0.00750782127801
0.0193107424361   0.380509628096   -0.924575317729
0.0665327712234   0.922208911195   0.380925339754
-0.852264761445   -0.408622909084   0.326606942012
-0.511346641029   0.519101254227   -0.684878456785
0.110314954143   -0.750707137325   -0.651359658607
-0.343181684515   -0.796627336837   0.49760548391
-0.460200953869   -0.319224676746   -0.828438704923
0.818804868984   -0.513303508619   -0.257056597986
0.438301636321   0.306368271238   -0.845003052052
0.319370251658   0.825686189017   0.465021461465
0.840175170994   -0.47368850487   0.264054695848
0.155363698576   -0.411637822784   0.898006917578
-0.961619851449   -0.27113905149   0.0420817781896
0.22616229231   -0.870079259384   -0.437964267865
0.0356038215167   -0.600158729739   -0.79908814721
0.998277836909   0.0586615997527   0.000420773025532
0.0466232584542   -0.797726968225   0.601213735654
-0.99597314758   0.0136855931884   -0.0886013196234
0.0885279750795   -0.00587637231696   -0.996056356777
-0.0141522764334   -0.999889080242   0.00464115118014
-0.564521225895   -0.135574508181   0.814208412046
0.336380037322   0.863004305805   0.376924446877
-0.753766711925   0.486665306852   -0.441579690544
-0.832159336588   0.546200200407   0.0957923775958
0.00351893027952   -0.167538373641   0.985859275195
0.554525432834   0.820729087113   0.137496581439
-0.929689768032   -0.0127238942439   0.368123671789
0.269171112032   0.658757626252   0.702556262731
-0.251443527782   0.752247627028   -0.609015319977
-0.578254160821   0.168417882776   -0.798284123764
0.527191627102   -0.669611256664   -0.523153661234
-0.62264846728   -0.723364487454   0.298416997645
0.301496881727   -0.10459672196   0.947712591488
0.720390215633   -0.626150040531   -0.29828520574
0.624609932301   0.772654937536   -0.113431829626
-0.247915007024   -0.810512868909   -0.530666598369
-0.219009123165   0.580475460386   -0.784272429619
0.943701834936   -0.0782120784959   -0.321418290573
0.948051133619   -0.11865713376   0.295160181345
-0.232767531135   0.373688796905   0.897873019706
-0.21683709206   -0.91993324088   0.32665655945
0.999989444113   0.000160063244691   0.00459195404759
-0.000142393435317   0.999992586042   -0.00384806241032
-0.00459253593639   0.00384736792649   0.999982053026
0.896191749934   -0.404506033654   -0.182250421363
-0.274297988935   -0.828032839947   0.489001256886
-0.348713292858   -0.388247968066   -0.853031391378
0.865064036079   -0.501656272095   0.00227994527815
0.501654041274   0.865067026205   0.00150434244425
-0.00272696830421   -0.0001576087838   0.999996269395
