-0.513885988796   -0.773451405959   -0.371071574146
-0.0701725991317   0.46900583197   -0.880402939516
0.854983623732   -0.42638767829   -0.295290621171
-0.1403218252   -0.860905761301   0.489030730661
0.711247423348   0.2559597951   0.654684417161
-0.688793792185   0.439688359466   0.576400258845
0.772748867608   0.217333819877   -0.596343188397
0.258442417537   0.750395422151   0.608370139991
0.579712605028   -0.624237712056   0.523698934904
0.94977185567   -0.193767331207   0.245738974389
0.0977974715589   0.929701029516   0.355093861217
-0.297269367298   -0.313225505146   0.901953827085
-0.609092246518   0.731793230596   -0.305753663733
0.400031572979   -0.0494127934543   -0.915168354164
-0.684822149067   -0.679733067827   -0.262643447759
0.597293247893   -0.683158824095   0.420160442074
0.534081515096   0.729624339721   0.427089285887
-0.598329099455   -0.0306976212216   0.800662191437
0.2287571113   -0.948924217944   -0.217285555499
-0.818765041036   -0.0668082039839   -0.57022843796
0.526587116826   0.308349627014   -0.792228827999
0.947432106193   -0.196946942354   0.252159287063
-0.114513694797   -0.944622586581   -0.307530132874
0.298762477327   0.262488229867   -0.917518888809
-0.994139309674   0.07899880161   0.073798525091
-0.104597789882   -0.530379309616   -0.841283002493
-0.0273191382234   -0.84407166596   0.535534020778
-0.985910155883   0.0759170036417   -0.14905627489
0.0651454571833   0.99498734766   0.075869937427
0.154068925921   0.0650906026617   -0.985913778943
-0.890477443739   -0.219895763043   -0.398366383608
-0.454192464042   0.376530127367   0.807424466308
-0.0275522739601   0.899928284132   -0.435166583757
0.894253783461   0.0360011734495   -0.446109948639
-0.444774666047   0.1825200563   -0.876847720811
0.049856466056   0.982542795281   0.179231660802
0.192639010701   0.684700471747   0.702905025978
-0.374892553261   0.713337494637   -0.592119238206
-0.90683283193   -0.149448595623   0.394105737335
-0.442770629099   0.803175213431   0.398577152554
0.864538957521   0.264550453407   0.427300185502
0.237753151264   0.533781447909   -0.81151143241
-0.839674820584   0.521310449235   0.152255085945
-0.485578431714   -0.846206993463   0.219424954982
0.243227840372   0.110313823853   0.963675815788
-0.0146086768201   0.597234730041   -0.80193345347
0.514954285058   0.691972225202   0.505960990443
0.8570931518   -0.405567647603   -0.317657382027
0.733441968428   -0.679483254675   0.0191150612101
0.666720670082   0.713616945163   -0.215021867867
0.132462927017   0.170450468442   0.976422147831
-0.216821069697   -0.919286706942   0.328482228096
-0.962153192762   0.258136742611   0.0873307263978
-0.165075308251   -0.297115083013   -0.940464124808
0.115539368376   0.922303863766   0.368790234737
0.869363052755   -0.273487675011   0.411597344648
0.48047740515   0.273056907071   -0.833415495801
0.918040514239   -0.0106054935786   -0.396344720821
-0.0563659839586   -0.99298001456   -0.103988299997
-0.392459539404   0.11780583258   -0.912193672276
0.816080347174   0.128741337999   0.563416839335
-0.566548615371   -0.0143817335172   0.823902805046
0.114173260345   -0.991573917381   0.0612015767026
0.209311943249   -0.662073533233   -0.719615971894
0.976440066116   0.102025171204   0.190146421801
-0.0524719705799   -0.742461784224   0.667830211409
-0.505264693396   0.346665352148   -0.790272562618
-0.844894280617   -0.0122997235789   0.534791895396
0.175673686671   0.937908231343   0.299110189381
-0.297174720743   0.864525154894   0.4053189385
-0.175783541272   -0.466776719362   0.866729277733
0.938502707492   0.186321632716   0.290683534471
0.160954933063   0.748240131939   -0.64360718958
0.641146959108   -0.57504276369   -0.508189331602
-0.750349309554   -0.330851212608   -0.572287854814
-0.220803985379   0.428399364342   -0.876196088026
-0.910403243238   -0.412800861222   0.0275931817003
-0.349873598236   0.80378444474   0.481164246024
0.947918219357   0.186631207011   0.258108198204
-0.011982188707   0.83067268995   -0.556632113092
-0.318288354428   0.524549020342   0.789646027467
-0.0821476009293   -0.845912519401   -0.526957096149
-0.0269478085743   0.53043615398   -0.847296466512
0.996255784061   -0.055403033046   -0.0663695461391
0.922848490186   -0.105115266746   0.370542095933
-0.10638866991   0.855044580771   0.507523611086
-0.370178490834   -0.507788878956   0.777893526989
-0.961255265334   -0.26617261279   -0.0716969669408
0.260667637036   -0.962298464927   0.0776791310478
-0.0896699384973   0.0559803947712   0.994397052254
0.206908480033   -0.158879452688   0.965373606644
0.243683999215   -0.94725984692   -0.208127102849
0.94752677504   0.278309363708   -0.157279714698
-0.336888215418   -0.242506681939   0.909778456289
0.83886254831   -0.516101118588   0.173058546264
0.427569825122   0.821480459054   0.37729815801
0.638743776156   0.491249430125   -0.592182730095
0.190006395212   -0.846521290537   -0.497291940861
-0.745589671468   0.205123626305   -0.634050739083
-0.327806371669   0.0876603663096   0.940669252645
0.812506277852   0.534205884684   0.233361567573
-0.482054489809   0.840797081909   -0.246340690728
0.764163784885   -0.263678076984   -0.588665933776
0.502263332854   -0.329363100502   0.799532045949
-0.404703909471   -0.906638748205   -0.119251523734
-0.990567896068   -0.0934752849941   0.100187895354
-0.069800687532   -0.284960396208   -0.9559944752
0.117911438377   -0.953970619929   0.275747980974
0.744598034242   0.610983352451   0.268836586852
0.248264669831   -0.627333535141   0.738117395406
0.619627647153   -0.482858135186   -0.618796897349
-0.494960690989   0.39559226772   0.77364117787
-0.859797301591   -0.0943304515719   -0.501846954841
-0.125548853251   -0.913569112671   0.386819029807
0.385061522223   0.874374759511   -0.295290372403
-0.459184684898   -0.0960308169902   -0.883135044794
-0.800547968119   0.475654141282   0.364521725858
0.719142337888   0.672843378358   0.173539868779
0.589868724916   -0.723139014914   0.359339466904
0.367272630647   -0.156050483206   -0.916929147464
0.620711592949   -0.777150437835   0.10370301515
-0.739624285949   -0.53651876212   0.406329341208
-0.260140412109   -0.328914601174   -0.907822753142
0.472276684336   -0.841103896282   0.263626571291
-0.810058891442   -0.296248067716   0.506005607449
-0.347504425623   -0.452527698637   -0.821254744972
0.647314379095   -0.69644415445   -0.309757379815
0.0277097153744   -0.384616591335   0.922660419301
-0.761719283129   -0.605834645265   -0.229669580715
-0.161629147895   -0.565078087267   -0.809050538497
0.351723316335   0.733005948602   -0.582231043539
0.922044861868   -0.378667445928   0.0802760119671
0.889305141637   0.450573247878   0.0782311533533
0.319657946239   -0.49011704612   -0.81092791203
-0.327040001322   0.746169571478   -0.579892928165
-0.228687669049   0.794282948036   0.562864591607
0.626704089892   0.562560548588   -0.539228720382
-0.744945591125   0.229434582467   -0.626431032621
0.110796838786   -0.0717997930927   0.991246109817
0.881256590484   -0.45400872988   -0.13138833632
0.459468042679   0.888099579386   0.0129713088067
0.0653610141216   -0.681674613192   -0.728730169241
0.968474509028   0.21926300874   -0.11824067981
0.24038523914   -0.698028262127   0.674515738938
0.147798521954   -0.514180526256   -0.844851456368
0.98295886174   -0.0180400592735   0.18293832947
-0.109304496869   -0.857492240595   0.502752010721
-0.401816651109   0.3466655001   0.847564988619
0.523531197351   0.846354763591   -0.0979729531387
-0.751304508367   0.404359549395   -0.521569641104
-0.11504245021   -0.993200735375   0.0178194809371
-0.964107372325   0.115957938654   0.238852948677
-0.23929523455   0.0102983355131   -0.970892236557
0.466385775656   0.183613898337   -0.865315112894
-0.230731852982   0.969607828501   0.08138470943
0.853959671346   0.161699088577   0.494576874174
-0.811033855596   -0.369472411936   -0.453557297258
-0.378319853003   -0.260104037847   0.888380536887
-0.446204184093   0.892096422094   0.0711744320989
-0.699576302649   -0.142599092549   -0.700184615352
-0.329647195266   -0.804975926196   0.493301616557
-0.633976122126   0.575916015621   0.516134691264
0.0608963319078   -0.324071119926   -0.944070731455
0.67255559651   -0.685556535412   0.278713484348
-0.737536850851   -0.651912682791   0.176207967051
-0.900493569977   0.420023006585   0.112658796234
-0.434778756263   -0.864282815671   -0.252947914871
-0.00887488209414   -0.276759622189   0.960898198559
0.487314021666   -0.867622614005   0.0987726883034
-0.541490463807   -0.211506561038   0.813666425658
-0.68506431953   -0.449995526983   -0.572879484535
-0.589585531309   -0.189920388457   -0.785059964155
-0.433062048447   -0.746118050893   0.50573225755
-0.681796277099   0.638152097998   0.357653094988
-0.34326960567   -0.889469944263   -0.301677304541
0.93667158211   -0.347916037461   -0.0400097256319
-0.0693709239602   -0.296306680872   0.952570220918
0.645571069734   0.356932629779   -0.6751570867
-0.548237810376   -0.398864718824   -0.735079750335
-0.531670289933   0.844692863635   -0.0618115598084
0.761235869708   -0.583717192755   0.282478653269
-0.520461855334   -0.809800623406   -0.270818033878
0.386832531999   0.0591370375792   -0.92025181498
-0.692355064351   -0.346552725876   -0.632886777438
-0.625129987318   -0.149954256335   0.765980561087
-0.360356717468   0.925967023816   -0.112818912337
-0.896411842172   0.192032137975   0.399461471481
0.0978044788633   -0.793346858448   0.600861919334
0.432296302468   0.577688861045   0.692383915683
0.56541400375   0.148766328728   0.811280212874
-0.381482372237   -0.824905629427   0.417135352389
0.731285309599   -0.545343269856   -0.409661462658
-0.443559680886   -0.467425680841   0.764701276567
0.402371928934   -0.866264256556   -0.296113269916
0.800844329629   0.1763504202   0.572318870034
0.808892768371   0.131771785843   0.572999725771
0.170385335637   0.880207131421   -0.442949481538
-0.562726689146   0.455929382965   0.689541203317
-0.623788030583   0.529437623597   -0.574964603799
-0.0288508814724   -0.750727135769   -0.65998211662
-0.781060893619   -0.395100709111   0.483569343652
-0.590546595016   -0.382173818685   0.710772742462
-0.513575068896   0.857359345967   0.034287030939
-0.622491259154   -0.344787070805   -0.702585587727
0.566876607397   0.486617163587   -0.664721481591
0.0396451524855   -0.822073705928   -0.567999193579
-0.82284820828   0.295632471362   -0.485306365099
0.928145150038   0.354977705508   0.11197057227
0.33767786204   -0.92956760351   0.147911230109
0.156589405611   -0.0994731074063   -0.982641775498
0.684874776102   0.728629857507   -0.00671355416264
0.302210360447   -0.275654411223   0.912514955281
0.663035021019   -0.626987381311   -0.408988245037
0.206714686633   -0.162723996836   -0.964774553553
0.795752811894   0.60167599082   0.0690178559083
0.569250824061   -0.78198906829   0.253863341942
-0.314162918561   0.280314843084   -0.907042032845
-0.254761627612   0.895480518568   0.364981032331
0.914548070742   0.345743010936   -0.20991330756
-0.166869488243   0.0735000846871   -0.983235633734
-0.0449547313872   -0.996747734626   -0.0668806821375
-0.984953626329   0.0330407486032   0.169630960948
0.554996849132   -0.831378833186   -0.0280665848266
0.289445055775   0.161371006534   0.943494015846
-0.779871820969   -0.53175994018   0.330198892909
0.173822427138   0.879514832654   -0.442989190573
0.389426947294   0.35178011037   0.851232874524
0.904506725539   -0.320475292479   -0.281359503777
-0.465660523747   -0.633317768639   0.618117206159
0.198855461569   -0.755486524105   -0.624256852025
0.862332176152   -0.167775790332   0.477738947701
0.170562867468   0.449643272899   -0.8767720544
0.812887513125   0.438681892478   0.383108454902
0.556886163633   -0.778061131499   -0.290686560413
0.260185233895   0.523795733564   -0.811136038876
0.3696283835   0.722045377931   0.584829317253
0.892008128984   -0.451982855547   -0.00574422474224
0.28129241607   0.248237214608   -0.926958932178
0.769049656053   -0.63607328696   0.063034912075
-0.573966203871   -0.730608690681   -0.3698293362
0.948944666321   0.298596116458   -0.101707322733
0.234257088738   -0.883009104762   -0.406716777727
-0.211252542322   0.3621260556   -0.907875037226
0.754418775596   0.560834262294   0.341053135546
-0.036443469999   -0.482996950758   0.874863314497
0.655380946109   -0.67244247025   -0.343943221595
0.607410481427   0.0433074498954   0.793206764871
0.334615051292   -0.919556450925   -0.206030825393
0.720475727906   0.390564205152   -0.573039551123
-0.737383272754   0.524574126707   -0.425544233485
-0.208041016935   0.422995676377   0.881926070053
0.642638968889   0.738848186948   -0.20277700143
-0.761027466695   -0.453096857938   -0.464263322116
0.400364783714   -0.891152947763   0.213434916673
-0.51043631816   -0.0234448506056   0.859595895804
0.0350412815446   -0.983100042884   -0.179684207068
0.927807819186   -0.0348169799131   0.371430247243
-0.371409153421   -0.17972780417   0.910907875234
-0.634007109768   0.557372678363   0.536069661684
-0.625347472973   0.0382893285136   -0.77940648276
-0.454945626212   -0.829379059741   0.324275889413
0.990102627654   -0.138686102087   0.0215163147529
0.000851685553136   -0.147369665887   -0.989081117102
0.140342656895   0.97931013814   -0.145792976482
-0.473025015399   -0.880583913516   0.0286235229145
-0.851182848769   0.448361819908   -0.272872564416
0.227453495838   -0.153439400761   -0.961624280852
0.108418161117   -0.982143413861   -0.153752453475
-0.0614355330815   0.147748909846   -0.987114955268
0.992205209427   0.116467052203   -0.0443198390806
0.344539924649   -0.284459209502   0.894636908724
-0.853521778695   0.301886858601   0.424693887285
-0.390887213421   -0.909916085545   -0.138780054946
0.371260362108   0.261410281755   -0.890971609043
0.440462329477   0.795138804398   0.416829962997
0.817409738038   -0.547191873417   0.180062138796
-0.428910724354   0.22209749271   0.875618806483
-0.895726019427   -0.230203974151   -0.380369594483
0.117091795856   -0.947459146358   0.297675456372
-0.770887080894   0.626659744984   0.114151971193
-0.622153818188   -0.779194213927   0.0760329106213
0.136593319842   -0.0124072962107   0.99054950607
-0.584420133967   -0.75570786147   -0.295565111484
0.777389353699   -0.625850791571   0.0630601256371
-0.232634691672   -0.192915563919   0.953239049467
0.0332380602868   -0.741536642489   0.670088530863
0.860453264762   -0.319848125436   -0.396632519867
0.508444107557   0.589763159668   0.627426493694
0.989831297834   0.138800038304   0.0311215551563
-0.0608220054641   0.215202894917   0.974673482593
0.128587267953   -0.966655193637   0.221456657461
-0.765705922072   0.106643968814   -0.634288187514
0.03071018807   0.991095692118   0.129561620139
0.642457255585   0.0797269902842   -0.762162897133
0.742274250565   -0.553300193544   -0.378005069772
-0.419406476566   -0.823558992415   0.381901549389
-0.522615675581   -0.124937911925   -0.843364318548
0.0883309843398   0.926577187605   -0.365584945828
0.885350838077   0.0951536857453   0.455082047114
0.456455398393   -0.363868783354   -0.811940870863
-0.413077240862   0.848075194416   -0.331866927695
0.906949955841   0.416109672126   -0.0655325748283
0.0825164873346   -0.328056710615   -0.941047195383
-0.962057154594   0.260513379938   -0.0811098647989
0.178578847336   0.376444902111   -0.909064811198
-0.206290151433   -0.889056811766   -0.408683690491
0.595884800421   0.731538816407   -0.331318977298
-0.801247323109   0.51379627786   -0.306620469094
-0.0540743177268   0.448178920687   0.892306910886
-0.644300043066   0.171055011743   -0.745397637146
-0.361555646373   0.790736168763   0.493977556156
0.673910208471   0.587772485208   -0.447625442252
-0.793998712922   0.472773133758   -0.382166989514
0.435424956075   0.00358160654377   -0.900217906799
-0.424230069072   -0.881176903971   -0.208701011986
-0.973746210651   -0.147371337909   0.173493533036
0.187981441951   -0.0907546590984   0.977970638278
-0.128379494952   0.984908767661   0.116075081998
-0.573311667586   0.520688781882   0.632611195153
0.694335830003   0.718661093794   0.0377357581297
-0.43498446752   0.460878969676   -0.773549667653
0.933360330577   0.3589310436   -0.00264560857503
-0.347376505281   0.901409128404   -0.258439832086
-0.0903773029188   0.242136509372   0.966023733635
0.997626648836   -0.0683521403707   -0.00830990002687
0.0183741565138   0.380581908601   -0.924564654969
0.0663585706907   0.922217650966   0.38093456701
-0.852371730953   -0.40844898125   0.32654534446
-0.51122102645   0.519408852782   -0.684739005584
0.110070406505   -0.750589017618   -0.651537130365
-0.34290454759   -0.796812130993   0.497500652406
-0.459265161832   -0.319792013148   -0.828739150429
0.819446143666   -0.512663141087   -0.256289916699
0.438536144079   0.305909854339   -0.845047461007
0.320101598173   0.825452875813   0.464932808758
0.839774384691   -0.474390884009   0.264068688008
0.155454689973   -0.411443715413   0.898080123604
-0.961494228089   -0.271596368077   0.0420031212952
0.226633379528   -0.870028437406   -0.43782168675
0.0361029109833   -0.599890455852   -0.799267177354
0.99824639372   0.0591920287902   0.000664192867128
0.0469118028112   -0.797889556709   0.600975488728
-0.995973597033   0.0140373009676   -0.0885412231386
0.0884630935359   -0.00609358601099   -0.996060816061
-0.0145215390158   -0.99988290434   0.0048272677097
-0.565263031608   -0.135233856192   0.813750274492
0.336355051984   0.862956276351   0.37705668554
-0.753221736345   0.486845221035   -0.442310690186
-0.831935624132   0.546530328963   0.095852578597
0.00337148493818   -0.167764981927   0.985821253539
0.554861920111   0.82046298537   0.137727046175
-0.929881714448   -0.0127329934041   0.367638229806
0.268875514352   0.658527472213   0.702885144332
-0.25104970607   0.752448961206   -0.608929064722
-0.578422005835   0.168282194124   -0.798191133944
0.527437756992   -0.669286223479   -0.523321472481
-0.622284015274   -0.723696797147   0.298371496852
0.301423825839   -0.1048191656   0.947711253357
0.720709852717   -0.625712889333   -0.298430374325
0.624276369418   0.772978863001   -0.113060567578
-0.247634672439   -0.810702411576   -0.530507934786
-0.219313849113   0.580254753293   -0.784350595631
0.943704670219   -0.0778846656629   -0.321489462131
0.948106414941   -0.118927773663   0.294873550185
-0.232360151306   0.373879097982   0.897899315167
-0.217032223488   -0.919820963418   0.326843095726
0.999983428616   3.70357639138e-05   0.00575683258548
-8.73418020391e-06   0.99998791577   -0.00491612018909
-0.00575694509085   0.00491598844097   0.99997134491
0.895937144275   -0.404639753957   -0.183202901248
-0.273571228993   -0.827624928028   0.490097705742
-0.349936303026   -0.388977696049   -0.852197709338
0.864767996165   -0.50216362301   0.00282993519505
0.502159845924   0.864772581083   0.00196777746489
-0.00343539662397   -0.000280591153694   0.999994059642
