-0.514731585979   -0.772527694702   -0.371823042631
-0.070208914578   0.470212697983   -0.879756093025
0.854471802711   -0.426732927561   -0.296271651983
-0.13781991601   -0.862790286541   0.486414045095
0.711790502071   0.255220741034   0.654382646084
-0.688737928867   0.436411857605   0.5789514184
0.769302010536   0.217800706625   -0.600614070892
0.259372353554   0.752667427063   0.60515922308
0.583866775036   -0.621332883835   0.522537112236
0.94975143671   -0.19826439023   0.242205426097
0.104254409671   0.929998338223   0.352468520403
-0.295132607222   -0.309506505728   0.903937220573
-0.609904766083   0.730894625187   -0.306282937527
0.406143248081   -0.0435862727463   -0.912769377232
-0.680487930775   -0.681097090244   -0.270264446735
0.599586009979   -0.682722985744   0.417595475912
0.534736454487   0.729979932308   0.425659716129
-0.595443964005   -0.0319160856307   0.802762627602
0.228906974196   -0.949287116528   -0.215535447001
-0.819673597813   -0.0685253664851   -0.568717360497
0.525106430054   0.30685210228   -0.793791532516
0.947313785553   -0.195165082812   0.253982752562
-0.112607337534   -0.94524037838   -0.30633354187
0.299860358238   0.261593669653   -0.917416214943
-0.993656814098   0.0822783261538   0.0766578912735
-0.108711630106   -0.528392016888   -0.84201169014
-0.0287738963962   -0.84500426054   0.533984899521
-0.986028552055   0.0757471174002   -0.148357748985
0.0647871568799   0.994895219803   0.0773701220751
0.153460979462   0.0666774734855   -0.985902547836
-0.890133142471   -0.221431225538   -0.398285329342
-0.454804599285   0.376897752285   0.80690819025
-0.0285618267953   0.899397730827   -0.436197131872
0.895209014416   0.0348292589188   -0.444283336401
-0.442947596312   0.179093405604   -0.878477632999
0.0489714927971   0.983215391636   0.175753578544
0.193118020892   0.68524491787   0.702242732048
-0.376554936171   0.712670743465   -0.591867208481
-0.90604186058   -0.150132745504   0.395661920309
-0.442834913731   0.803610801697   0.39762660861
0.864875018597   0.265927731991   0.425762355328
0.236407279968   0.532439768314   -0.812785029411
-0.83934289217   0.52100777626   0.155094787478
-0.484047055244   -0.846165120602   0.22294177115
0.247390195727   0.112051419914   0.962414979935
-0.0181451253593   0.599586308002   -0.800104379654
0.516692399979   0.690721213818   0.505898416042
0.855978786945   -0.404228240252   -0.3223349154
0.732478141785   -0.680658578873   0.0134031418711
0.666999101639   0.713557839394   -0.214353501797
0.136337623   0.165949136019   0.976664185524
-0.217285856605   -0.918681323528   0.329865783453
-0.962324678898   0.258205264807   0.0852129012346
-0.163456588984   -0.298922419548   -0.940174102783
0.116307333112   0.922097742558   0.369064152241
0.869560599327   -0.27409183979   0.410777360201
0.479934364557   0.27314722538   -0.833698749542
0.916557073593   -0.0117649175227   -0.399730831385
-0.0575321093202   -0.993048250675   -0.102689921856
-0.395743876696   0.117118529975   -0.910862267017
0.816323578358   0.127800747752   0.56327855587
-0.566307663918   -0.0147575885057   0.82406181097
0.113628342748   -0.991690039635   0.0603275708854
0.209719851613   -0.659729003906   -0.721647560596
0.976287186146   0.100776359439   0.191591754556
-0.0536736175418   -0.744715929031   0.665219783783
-0.50561606884   0.342596083879   -0.791820883751
-0.846082448959   -0.0173205714673   0.532770633698
0.168810322881   0.93932312727   0.298622071743
-0.300086975098   0.863547861576   0.405256569386
-0.177012011409   -0.467868357897   0.865890264511
0.937344431877   0.188107103109   0.293259561062
0.16099601984   0.747390329838   -0.644583582878
0.642863631248   -0.574966192245   -0.506103038788
-0.748870253563   -0.332898736   -0.573037326336
-0.222902342677   0.425771981478   -0.876945137978
-0.909634411335   -0.414321362972   0.0300511606038
-0.350542157888   0.804397940636   0.479650050402
0.949423253536   0.185402497649   0.253419429064
-0.0134779149666   0.830389022827   -0.557021021843
-0.313709795475   0.525433123112   0.790889501572
-0.0848799943924   -0.845904588699   -0.526536643505
-0.0279874168336   0.530259251595   -0.847373485565
0.99599802494   -0.0571886561811   -0.0686830878258
0.923555731773   -0.104994662106   0.368810206652
-0.105532325804   0.855052471161   0.507689118385
-0.368656724691   -0.507800579071   0.778608262539
-0.961711645126   -0.265810728073   -0.0667487233877
0.261031419039   -0.962608933449   0.0724332928658
-0.0835064649582   0.0522364266217   0.995137214661
0.205728247762   -0.160612761974   0.965339004993
0.243924960494   -0.946889102459   -0.209527134895
0.947721719742   0.278575927019   -0.155624374747
-0.33887681365   -0.242944315076   0.908922731876
0.837190806866   -0.518660724163   0.173500865698
0.429271489382   0.819737195969   0.379152864218
0.640465736389   0.491398543119   -0.590195834637
0.191524893045   -0.846415400505   -0.496889531612
-0.743721663952   0.205203533173   -0.636215090752
-0.327843040228   0.0859165638685   0.94081735611
0.812615096569   0.533566474915   0.234442949295
-0.481846064329   0.841382861137   -0.244743153453
0.764449596405   -0.261509895325   -0.589261710644
0.503944039345   -0.32765313983   0.799176990986
-0.402066141367   -0.907885432243   -0.118687950075
-0.990305244923   -0.0957518965006   0.100633531809
-0.0694066360593   -0.286460280418   -0.955574810505
0.120325610042   -0.953295409679   0.277037292719
0.743968486786   0.61264449358   0.266791373491
0.247810333967   -0.62374830246   0.741301655769
0.620564997196   -0.485391408205   -0.61586868763
-0.492701411247   0.397390604019   0.77416151762
-0.861064434052   -0.0940782502294   -0.499717235565
-0.125751167536   -0.912814319134   0.388531386852
0.387132942677   0.874023973942   -0.293615728617
-0.461253136396   -0.0921495333314   -0.882470428944
-0.798356831074   0.477064549923   0.367472171783
0.717116296291   0.674695312977   0.174729645252
0.592315971851   -0.722109735012   0.357378423214
0.367295533419   -0.152786746621   -0.917469441891
0.623122870922   -0.774980247021   0.105468265712
-0.738192796707   -0.538192987442   0.406718254089
-0.258436322212   -0.331291347742   -0.907445132732
0.473625808954   -0.839929044247   0.2649487257
-0.809547364712   -0.296704918146   0.506556272507
-0.346859753132   -0.454406648874   -0.820489406586
0.649014532566   -0.695043683052   -0.309345155954
0.0276697259396   -0.384783476591   0.922592043877
-0.760272681713   -0.607335090637   -0.23049838841
-0.161899864674   -0.564925968647   -0.809102654457
0.352710425854   0.732629299164   -0.582107961178
0.921620190144   -0.379622131586   0.0806426927447
0.888847231865   0.451418578625   0.0785615220666
0.320475190878   -0.489926785231   -0.810720324516
-0.327484816313   0.745783507824   -0.580138504505
-0.226752787828   0.792724370956   0.565836727619
0.62616533041   0.563643753529   -0.538723170757
-0.745989382267   0.232150390744   -0.624184310436
0.107742369175   -0.0753126814961   0.991322159767
0.881685733795   -0.453494817019   -0.130279362202
0.459371119738   0.88807117939   0.0175415128469
0.0665167719126   -0.67930918932   -0.730831444263
0.968359291553   0.220520049334   -0.116838388145
0.240532368422   -0.699935674667   0.672483623028
0.147871926427   -0.514313817024   -0.844757497311
0.982605755329   -0.0206195376813   0.184555605054
-0.112338006496   -0.857354164124   0.502318680286
-0.404823333025   0.347427964211   0.845820248127
0.521807014942   0.847378373146   -0.0983226448298
-0.750889778137   0.401551634073   -0.524328887463
-0.114483647048   -0.993155837059   0.0231304466724
-0.965102314949   0.116709627211   0.234427824616
-0.235522910953   0.00451490515843   -0.97185832262
0.464156538248   0.18597689271   -0.86600881815
-0.229429870844   0.969584465027   0.085251942277
0.855523586273   0.159118056297   0.49270761013
-0.809664189816   -0.369147241116   -0.45626115799
-0.380469739437   -0.261782884598   0.886968135834
-0.446863204241   0.891739904881   0.071506857872
-0.697092950344   -0.143271967769   -0.702520132065
-0.331539779902   -0.804369866848   0.493021756411
-0.635722219944   0.576595366001   0.513220250607
0.0600757449865   -0.323980927467   -0.944154262543
0.672913789749   -0.685480356216   0.278035461903
-0.737277388573   -0.652037620544   0.176830500364
-0.900187790394   0.421582043171   0.109227031469
-0.435355424881   -0.864616274834   -0.250807464123
-0.0112964510918   -0.273326396942   0.961854994297
0.489494502544   -0.866273641586   0.0998253896832
-0.540880978107   -0.211828678846   0.813987970352
-0.683990418911   -0.452436298132   -0.572239875793
-0.586775660515   -0.191779822111   -0.786711394787
-0.432592451572   -0.747045993805   0.504763364792
-0.684513032436   0.636508285999   0.355385929346
-0.344710588455   -0.887625932693   -0.305441975594
0.935851573944   -0.350328952074   -0.038098488003
-0.0731879547238   -0.298981308937   0.951448202133
0.646955251694   0.355857104063   -0.67439943552
-0.548600971699   -0.397055029869   -0.735788166523
-0.529609143734   0.845998227596   -0.0616532713175
0.761444866657   -0.583984613419   0.281360298395
-0.521262645721   -0.809635877609   -0.269768446684
0.385340005159   0.0587512031198   -0.920902490616
-0.691159069538   -0.345651626587   -0.634684205055
-0.625546276569   -0.153678238392   0.76490187645
-0.361926704645   0.92569321394   -0.110004976392
-0.897151231766   0.192982569337   0.397337883711
0.0958049446344   -0.793095171452   0.601515948772
0.431208878756   0.577717721462   0.693037629128
0.563561320305   0.150879114866   0.812178611755
-0.381096124649   -0.824816167355   0.41766500473
0.732914984226   -0.544897973537   -0.407335042953
-0.445284277201   -0.466952055693   0.763988018036
0.400813102722   -0.866935431957   -0.296263158321
0.800668954849   0.174295067787   0.573193192482
0.810681283474   0.129605263472   0.570962607861
0.170628547668   0.880562126637   -0.442149549723
-0.560072958469   0.455864876509   0.691740870476
-0.621514379978   0.532023072243   -0.575040280819
-0.0292112268507   -0.749256908894   -0.661634922028
-0.782857954502   -0.394417971373   0.48121497035
-0.589294672012   -0.383909493685   0.710876405239
-0.513444900513   0.857308864594   0.0373604334891
-0.623783648014   -0.342979580164   -0.702323973179
0.566388130188   0.485292285681   -0.666104972363
0.0385552532971   -0.822961628437   -0.566787064075
-0.82323628664   0.295339643955   -0.484826296568
0.928008019924   0.354729324579   0.113878145814
0.337468951941   -0.929872453213   0.14646473527
0.157847493887   -0.0974901095033   -0.982639253139
0.682450056076   0.730912208557   -0.00540759321302
0.303773015738   -0.276887178421   0.911622405052
0.664818704128   -0.623779475689   -0.41099306941
0.202347815037   -0.161379233003   -0.965925514698
0.796805083752   0.600556731224   0.0665831640363
0.569347918034   -0.783127307892   0.250109136105
-0.316270202398   0.280982494354   -0.906102657318
-0.251255512238   0.896212279797   0.36561486125
0.914791703224   0.343296378851   -0.212846845388
-0.165680319071   0.0733622536063   -0.983447015285
-0.0500866360962   -0.996568143368   -0.0659030079842
-0.984906792641   0.0383387207985   0.168786197901
0.554052770138   -0.832095861435   -0.0253387652338
0.286351233721   0.161910623312   0.944345235825
-0.781683146954   -0.530472874641   0.327978700399
0.169918268919   0.878220081329   -0.447053939104
0.393651545048   0.355395257473   0.847781002522
0.903419196606   -0.320036947727   -0.285324543715
-0.466799557209   -0.633748471737   0.616815268993
0.202201336622   -0.755476891994   -0.62319278717
0.860937178135   -0.166185259819   0.480801075697
0.166845083237   0.447570204735   -0.87854629755
0.813814580441   0.440542131662   0.378983438015
0.556658327579   -0.77820533514   -0.290736883879
0.259449273348   0.52210521698   -0.81246060133
0.372001498938   0.722325146198   0.582976222038
0.891235649586   -0.453489333391   -0.00681718112901
0.280991733074   0.250343441963   -0.926483571529
0.768784761429   -0.636576771736   0.061155281961
-0.574468076229   -0.729450583458   -0.371333032846
0.948563218117   0.299960374832   -0.101249918342
0.235013142228   -0.881453812122   -0.40964370966
-0.21212400496   0.364777892828   -0.906609356403
0.754206240177   0.5613707304   0.340640306473
-0.0362427048385   -0.48238530755   0.875209033489
0.655636668205   -0.672433853149   -0.343472421169
0.605791687965   0.0470677092671   0.794229865074
0.334481269121   -0.920815229416   -0.200553163886
0.721899390221   0.387148469687   -0.573565483093
-0.736728727818   0.522513628006   -0.429197192192
-0.210060745478   0.426471710205   0.879770636559
0.642732620239   0.738309800625   -0.204434350133
-0.7603687644   -0.453914225101   -0.464544087648
0.399756073952   -0.890788316727   0.21608158946
-0.511892914772   -0.0214026235044   0.858782589436
0.034804277122   -0.983117640018   -0.179633960128
0.928736269474   -0.0345671698451   0.369126141071
-0.369103848934   -0.179679736495   0.911853909492
-0.632395744324   0.558606684208   0.536688148975
-0.625359892845   0.0407291576266   -0.779272854328
-0.45716586709   -0.82843208313   0.323573261499
0.9894977808   -0.142371684313   0.0249894596636
0.00352990208194   -0.149028331041   -0.9888266325
0.144505038857   0.978529930115   -0.146960631013
-0.471969991922   -0.881121695042   0.0294769983739
-0.851159334183   0.446698874235   -0.275659054518
0.229721829295   -0.155192419887   -0.960803389549
0.108677491546   -0.982063293457   -0.154080837965
-0.0627562627196   0.147911787033   -0.987007498741
0.992094159126   0.116935037076   -0.0455559380352
0.34478327632   -0.279739648104   0.896030247211
-0.853865742683   0.30305069685   0.423170894384
-0.389920264482   -0.91099178791   -0.134373292327
0.365339279175   0.263796925545   -0.892714083195
0.440571337938   0.795795500278   0.415459364653
0.820014715195   -0.545087814331   0.174513995647
-0.425232678652   0.225957170129   0.876424849033
-0.897737503052   -0.22842682898   -0.376681029797
0.115085169673   -0.946976542473   0.299984782934
-0.769777595997   0.628113389015   0.113648638129
-0.62375754118   -0.77801066637   0.0750060304999
0.135532140732   -0.0131512340158   0.990685641766
-0.583299040794   -0.755984902382   -0.297067433596
0.778558492661   -0.624617516994   0.0608244463801
-0.231535896659   -0.19580553472   0.952917277813
0.0313568785787   -0.743213117123   0.668319523335
0.861834943295   -0.31854403019   -0.394677311182
0.506218552589   0.588356971741   0.630538523197
0.989500939846   0.141790598631   0.0279869958758
-0.0581221021712   0.213104277849   0.975299119949
0.132324099541   -0.966686069965   0.219108060002
-0.767620325089   0.103323735297   -0.63252133131
0.0311698634177   0.991769969463   0.124180398881
0.640146434307   0.0756077989936   -0.764523386955
0.74501645565   -0.550085306168   -0.37730178237
-0.420345157385   -0.826352894306   0.374767750502
-0.517938673496   -0.120611168444   -0.846872210503
0.0885931551456   0.928023397923   -0.361833930016
0.886301338673   0.0923298373818   0.453811734915
0.454555988312   -0.360898524523   -0.814328610897
-0.4161632061   0.847631514072   -0.329133629799
0.905856132507   0.4179058671   -0.0691324397922
0.0789480432868   -0.326918125153   -0.941749334335
-0.961386978626   0.262973040342   -0.0811187028885
0.17884850502   0.373003095388   -0.910429537296
-0.209160894156   -0.889783024788   -0.405632644892
0.598541617393   0.728494465351   -0.333232313395
-0.799497008324   0.51698243618   -0.305832773447
-0.0505222417414   0.449471890926   0.891864657402
-0.64357984066   0.167853578925   -0.746746361256
-0.361253559589   0.793522238731   0.489712506533
0.674759864807   0.584933876991   -0.450057208538
-0.793854832649   0.473865747452   -0.381111264229
0.434460759163   0.0034564693924   -0.900684118271
-0.425486057997   -0.880590319633   -0.208620011806
-0.973917961121   -0.149627223611   0.170574054122
0.185276135802   -0.0904552489519   0.978514492512
-0.13098308444   0.984596133232   0.115818344057
-0.572688758373   0.519425749779   0.634211659431
0.694517374039   0.718432128429   0.0387412272394
-0.435514867306   0.462657690048   -0.77218824625
0.934295833111   0.356492966413   -0.00202399073169
-0.344659417868   0.901802361012   -0.260696053505
-0.0911110639572   0.244264811277   0.965418815613
0.997454404831   -0.0711731687188   -0.00437049334869
0.0230786073953   0.380211621523   -0.924611508846
0.0674692466855   0.922156989574   0.380886346102
-0.851727068424   -0.409131675959   0.327371776104
-0.512130856514   0.517842113972   -0.685245573521
0.110828787088   -0.751299381256   -0.650589108467
-0.344600558281   -0.795490503311   0.498442918062
-0.463723778725   -0.317411214113   -0.827170073986
0.816217303276   -0.516183137894   -0.259507775307
0.436777472496   0.3080060184   -0.845196843147
0.317099124193   0.826531887054   0.465073376894
0.841827511787   -0.471144735813   0.263342052698
0.15554215014   -0.411542922258   0.898019552231
-0.961957871914   -0.269796609879   0.0429747030139
0.224596679211   -0.870541334152   -0.437851697206
0.0335168018937   -0.600696980953   -0.798773944378
0.998402714729   0.0564948506653   -0.000592183263507
0.0454823374748   -0.797478199005   0.601630985737
-0.995996892452   0.0127787636593   -0.0884696766734
0.0884114429355   -0.00505333859473   -0.996071219444
-0.0131756262854   -0.999905586243   0.00390332029201
-0.561460912228   -0.137245073915   0.816042542458
0.336392223835   0.863135516644   0.376612961292
-0.756043612957   0.485963821411   -0.438448697329
-0.833306789398   0.544568240643   0.0951065048575
0.00383531255648   -0.166342392564   0.986060619354
0.552797555923   0.822055697441   0.136525645852
-0.929026484489   -0.0135429864749   0.36976531148
0.269616097212   0.659632921219   0.70156365633
-0.253410637379   0.751465857029   -0.609165072441
-0.577319502831   0.169435456395   -0.798745155334
0.526060223579   -0.670965373516   -0.522557318211
-0.624470055103   -0.721870541573   0.298228144646
0.301236629486   -0.104224152863   0.947836399078
0.719389975071   -0.627603292465   -0.297644257545
0.625886976719   0.771525382996   -0.114079296589
-0.249376654625   -0.809939622879   -0.530856966972
-0.218014255166   0.581058323383   -0.784117937088
0.943547070026   -0.0798063278198   -0.321480751038
0.948014855385   -0.117274083197   0.29582875967
-0.233998641372   0.373122006655   0.897788763046
-0.215667560697   -0.92034059763   0.326283216476
1.0   -3.56644818567e-06   1.28115834741e-05
3.56591021955e-06   1.0   4.20007199864e-05
-1.28117326312e-05   -4.20006726927e-05   1.0
0.897296607494   -0.403596609831   -0.178797587752
-0.276580750942   -0.829706788063   0.484860509634
-0.344037622213   -0.385611712933   -0.856120169163
0.866019189358   -0.500010788441   2.31619524129e-05
0.500010788441   0.866019189358   3.13027303491e-05
-3.57103999704e-05   -1.55275374709e-05   1.0
