-0.513951122761   -0.774327635765   -0.36914896965
-0.0685595721006   0.466036021709   -0.882105410099
0.855075359344   -0.428050369024   -0.292607307434
-0.142656475306   -0.861364662647   0.487544894218
0.711389005184   0.253251612186   0.655583202839
-0.688167750835   0.440357267857   0.576637327671
0.774731814861   0.217557832599   -0.593682706356
0.255926012993   0.750692009926   0.609067678452
0.57818031311   -0.623802959919   0.525906264782
0.948478519917   -0.194820180535   0.249867141247
0.0972588285804   0.929567396641   0.35559129715
-0.301544725895   -0.31296890974   0.900622725487
-0.609342455864   0.730246007442   -0.30893778801
0.400458008051   -0.0528547689319   -0.914789438248
-0.684350192547   -0.681136667728   -0.26022619009
0.597426176071   -0.684116721153   0.418409138918
0.535003125668   0.728689014912   0.427532404661
-0.597372233868   -0.0315688401461   0.80134254694
0.228953808546   -0.948821365833   -0.217527493834
-0.818209707737   -0.0665153264999   -0.571059167385
0.527364194393   0.308729290962   -0.791563808918
0.94747620821   -0.196908473969   0.252023518085
-0.114112555981   -0.94426882267   -0.308763235807
0.298776060343   0.263786762953   -0.917141973972
-0.994236588478   0.0790135487914   0.0724598094821
-0.103438176215   -0.52933973074   -0.842080771923
-0.0281799323857   -0.844722628593   0.534461915493
-0.986214339733   0.0776484832168   -0.146123215556
0.0676876604557   0.995108544827   0.0719538778067
0.150995567441   0.0610712096095   -0.986646175385
-0.889330565929   -0.219315752387   -0.401237756014
-0.456507474184   0.375355929136   0.806665241718
-0.0263074245304   0.90056014061   -0.433934777975
0.893316209316   0.0326140075922   -0.448243707418
-0.44623991847   0.182963579893   -0.876010417938
0.053442068398   0.982578575611   0.177998021245
0.193178638816   0.684995353222   0.702469468117
-0.375222891569   0.713109493256   -0.592184662819
-0.906581401825   -0.149185210466   0.394783467054
-0.44343984127   0.803313553333   0.397553026676
0.864845693111   0.267004400492   0.425147712231
0.235378533602   0.532349467278   -0.81314265728
-0.839236140251   0.521986603737   0.152357235551
-0.487001001835   -0.846159815788   0.216433688998
0.241894051433   0.107440844178   0.964335918427
-0.0169517286122   0.596267580986   -0.802606761456
0.514567017555   0.693461179733   0.504313766956
0.857282578945   -0.404445976019   -0.318574994802
0.734955906868   -0.677810132504   0.0203281156719
0.6654920578   0.715193808079   -0.21358409524
0.130230918527   0.170503094792   0.976713180542
-0.219392493367   -0.918560802937   0.328805476427
-0.961130976677   0.261385649443   0.0889087170362
-0.167613089085   -0.296519219875   -0.940203249454
0.116217412055   0.923021435738   0.36677646637
0.867374897003   -0.274229466915   0.415281832218
0.483894944191   0.269869714975   -0.832475841045
0.918250977993   -0.0113922422752   -0.395835012197
-0.0561569333076   -0.993230223656   -0.101686403155
-0.391996860504   0.115602523088   -0.912674367428
0.814813017845   0.131440863013   0.564626514912
-0.567960679531   -0.0142117971554   0.822932958603
0.116191372275   -0.991222143173   0.063073284924
0.210539892316   -0.662872731686   -0.718521177769
0.976190745831   0.10331325233   0.190730020404
-0.0521969720721   -0.741570055485   0.668841779232
-0.505055725574   0.346648067236   -0.790413677692
-0.845395028591   -0.0142171178013   0.533952355385
0.173856154084   0.937887489796   0.300234973431
-0.298866033554   0.865007340908   0.403040140867
-0.175584942102   -0.464977383614   0.867736101151
0.938002705574   0.188569054008   0.290848225355
0.161722287536   0.748561799526   -0.643040537834
0.642229378223   -0.574578464031   -0.507347047329
-0.749257862568   -0.330930203199   -0.573670506477
-0.222407206893   0.431129038334   -0.874449968338
-0.910581886768   -0.412359237671   0.0282920114696
-0.348390042782   0.802550673485   0.484289973974
0.946641981602   0.184667527676   0.264134079218
-0.00650914479047   0.830349624157   -0.557204782963
-0.322221249342   0.525754153728   0.787245869637
-0.0814789310098   -0.842975914478   -0.53174507618
-0.0296261180192   0.53533166647   -0.844122171402
0.99623465538   -0.0530246309936   -0.0685923546553
0.924200892448   -0.106676541269   0.366705358028
-0.102505043149   0.855674147606   0.507261812687
-0.367893218994   -0.506400942802   0.779879927635
-0.960726797581   -0.268364012241   -0.0706026554108
0.26265630126   -0.961512625217   0.0806548371911
-0.0895301923156   0.0589430294931   0.994238436222
0.209472104907   -0.157455801964   0.965053915977
0.244911029935   -0.947042226791   -0.207676813006
0.946646749973   0.279854863882   -0.159816265106
-0.339368969202   -0.24169677496   0.909071683884
0.83799123764   -0.516706824303   0.175455763936
0.427316457033   0.821338415146   0.377894043922
0.638944685459   0.489491224289   -0.593420624733
0.189139053226   -0.847709298134   -0.495595961809
-0.745638072491   0.204419404268   -0.634221255779
-0.3315140903   0.0906182080507   0.939088225365
0.81268966198   0.533004641533   0.235460445285
-0.479201376438   0.841245770454   -0.250343024731
0.76265245676   -0.262577027082   -0.59111303091
0.504500985146   -0.330424755812   0.797683060169
-0.404771596193   -0.906571984291   -0.119528889656
-0.990870952606   -0.0918746143579   0.0986601263285
-0.0691004544497   -0.282263249159   -0.956845104694
0.115757904947   -0.954927504063   0.273337900639
0.744877099991   0.611167192459   0.267643094063
0.248695611954   -0.626564502716   0.738625347614
0.619119226933   -0.483623445034   -0.618708133698
-0.494070768356   0.39501696825   0.774503529072
-0.860478043556   -0.0947219282389   -0.50060492754
-0.124384969473   -0.913777530193   0.386702746153
0.385426580906   0.873668551445   -0.296900004148
-0.45943287015   -0.0973415002227   -0.882862448692
-0.800229847431   0.476684272289   0.363874047995
0.719949245453   0.672157466412   0.172850906849
0.590129256248   -0.723959445953   0.357253700495
0.365267783403   -0.155200153589   -0.917873799801
0.62145191431   -0.776080787182   0.107220038772
-0.739925801754   -0.536422073841   0.405907899141
-0.257502108812   -0.331587105989   -0.907602667809
0.471384644508   -0.840974748135   0.265627533197
-0.810648679733   -0.294545292854   0.506055116653
-0.347340226173   -0.453877240419   -0.820579230785
0.647926270962   -0.697111725807   -0.306963771582
0.0242403522134   -0.383921504021   0.923047482967
-0.761317253113   -0.605507612228   -0.231854602695
-0.161839455366   -0.565861880779   -0.808460474014
0.352295070887   0.732144057751   -0.582969307899
0.921789646149   -0.379164099693   0.0808605477214
0.887359678745   0.454484939575   0.0776931792498
0.321865826845   -0.48993113637   -0.810166597366
-0.330144196749   0.743915915489   -0.581028282642
-0.229088500142   0.794745504856   0.562048077583
0.6272315979   0.562073051929   -0.539123773575
-0.744378268719   0.229027241468   -0.627253949642
0.111706823111   -0.0743828490376   0.990953445435
0.881057977676   -0.453812658787   -0.133382707834
0.459628611803   0.887987196445   0.0148416282609
0.0692979842424   -0.68111884594   -0.728886067867
0.967497110367   0.224008113146   -0.117344178259
0.243201732635   -0.69706350565   0.674503803253
0.143655985594   -0.515842437744   -0.844552874565
0.983555555344   -0.0199712309986   0.179498121142
-0.109459511936   -0.856450676918   0.504490733147
-0.402629882097   0.347735345364   0.846740424633
0.52559274435   0.845169007778   -0.0971676707268
-0.749427378178   0.405918031931   -0.52305752039
-0.117844723165   -0.992888689041   0.0168712101877
-0.963649213314   0.118443600833   0.239481344819
-0.239776611328   0.0119636850432   -0.970754384995
0.465019673109   0.185422316194   -0.865664660931
-0.23304516077   0.968971788883   0.0823626220226
0.854076504707   0.16343870759   0.493802726269
-0.811125516891   -0.37304225564   -0.450460761786
-0.373689293861   -0.26193267107   0.889801979065
-0.449924141169   0.890073478222   0.0730583816767
-0.69932359457   -0.143195003271   -0.700315415859
-0.328299731016   -0.80593919754   0.492626905441
-0.634953379631   0.574419021606   0.516601443291
0.059141792357   -0.325004637241   -0.943861365318
0.671536743641   -0.686636686325   0.278511226177
-0.738607227802   -0.650309205055   0.177643626928
-0.900799930096   0.419145852327   0.113473512232
-0.434136688709   -0.863762021065   -0.255813360214
-0.00920899678022   -0.279699683189   0.960043370724
0.489873111248   -0.866300940514   0.0977087542415
-0.53762024641   -0.211963996291   0.816110134125
-0.686286211014   -0.452320605516   -0.569576382637
-0.589731991291   -0.188969999552   -0.785179257393
-0.43569278717   -0.744171440601   0.506340444088
-0.679991185665   0.64070212841   0.35652884841
-0.340177536011   -0.890149772167   -0.303170979023
0.937608838081   -0.345719963312   -0.0369788408279
-0.0718955472112   -0.296835154295   0.952218413353
0.645575225353   0.358201503754   -0.67448079586
-0.545828163624   -0.401290565729   -0.735552489758
-0.534138798714   0.84300506115   -0.0635467842221
0.762376308441   -0.582750678062   0.281396567822
-0.519219040871   -0.810366928577   -0.2715087533
0.38625639677   0.0608853697777   -0.920379817486
-0.690686821938   -0.34716579318   -0.634371817112
-0.62658727169   -0.150645151734   0.764653146267
-0.361026465893   0.925625145435   -0.113481067121
-0.896672666073   0.194088757038   0.397878915071
0.0963111445308   -0.791712522507   0.603254079819
0.432090550661   0.579241633415   0.691214084625
0.567180871964   0.146124780178   0.810526609421
-0.384635895491   -0.823220014572   0.417569220066
0.728258907795   -0.548594892025   -0.410709828138
-0.44525796175   -0.467014044523   0.763965427876
0.402266710997   -0.866591215134   -0.295298427343
0.799954235554   0.175833895802   0.573720872402
0.808278560638   0.132815659046   0.573625087738
0.170428201556   0.879749894142   -0.443840444088
-0.563595592976   0.456508636475   0.688447475433
-0.625422000885   0.530678391457   -0.572038292885
-0.0298706497997   -0.748858809471   -0.662056028843
-0.779714763165   -0.396977245808   0.484204471111
-0.592792093754   -0.377666115761   0.711312770844
-0.510544657707   0.859300792217   0.0307627916336
-0.622849702835   -0.344920992851   -0.70220208168
0.566000044346   0.48751604557   -0.664809823036
0.0353137329221   -0.820008575916   -0.571260750294
-0.823648512363   0.299856692553   -0.481340885162
0.927921593189   0.355560213327   0.111975394189
0.338537216187   -0.929529845715   0.146173790097
0.156058058143   -0.097729973495   -0.982901155949
0.683060467243   0.73032861948   -0.00696599716321
0.303569316864   -0.27522110939   0.912194609642
0.664284646511   -0.625198721886   -0.409698009491
0.207280144095   -0.164261594415   -0.964392602444
0.795980513096   0.60141736269   0.0686454772949
0.568726599216   -0.781866550446   0.255410909653
-0.313097417355   0.280494183302   -0.907354950905
-0.254229992628   0.895770788193   0.364639252424
0.915061295033   0.344844460487   -0.209153488278
-0.165308684111   0.0707258656621   -0.983702659607
-0.0440613850951   -0.996959090233   -0.064274571836
-0.985257148743   0.0327181592584   0.167922273278
0.551683664322   -0.83353883028   -0.0292945466936
0.292656213045   0.160567745566   0.942640066147
-0.781023323536   -0.528612375259   0.332522928715
0.173332601786   0.879391133785   -0.443426430225
0.392630189657   0.35121384263   0.849994361401
0.903214991093   -0.321434319019   -0.284398704767
-0.464972227812   -0.636459767818   0.61540210247
0.201304212213   -0.75291210413   -0.626577973366
0.862135410309   -0.167458295822   0.478205263615
0.16933773458   0.448431700468   -0.877629637718
0.811297893524   0.442168921232   0.382468730211
0.559571623802   -0.776785492897   -0.288935810328
0.259871035814   0.523583292961   -0.811373889446
0.367813974619   0.723230183125   0.584509193897
0.892849326134   -0.450331658125   -0.00463467603549
0.28143492341   0.250078588724   -0.92642056942
0.768625199795   -0.636724591255   0.0616208016872
-0.574464738369   -0.729412436485   -0.371413230896
0.948777854443   0.298764944077   -0.102762490511
0.234137430787   -0.883266866207   -0.406225711107
-0.212132692337   0.361357390881   -0.907976090908
0.753433346748   0.561701118946   0.34180405736
-0.0380087159574   -0.481759905815   0.875478565693
0.656424820423   -0.672606289387   -0.341624438763
0.607982873917   0.0430398657918   0.792782664299
0.334365725517   -0.919541299343   -0.206502631307
0.720108568668   0.390629440546   -0.573456406593
-0.73823928833   0.524402678013   -0.424269407988
-0.205038934946   0.424759536982   0.881781339645
0.64262098074   0.737957417965   -0.206051215529
-0.761049926281   -0.4549010396   -0.462458759546
0.401590436697   -0.890264749527   0.214834287763
-0.509439051151   -0.0222193971276   0.860219836235
0.0364940725267   -0.982881247997   -0.180589586496
0.928705096245   -0.0333733968437   0.369314312935
-0.369019001722   -0.181192263961   0.911588907242
-0.632896542549   0.558289706707   0.536427557468
-0.626687765121   0.0374545864761   -0.77836984396
-0.454647541046   -0.828800201416   0.326168447733
0.989751815796   -0.141067162156   0.0221677236259
0.00154018308967   -0.144683197141   -0.98947685957
0.14278998971   0.979370653629   -0.142983183265
-0.475404977798   -0.879170358181   0.0323968678713
-0.851013123989   0.450217485428   -0.270334810019
0.223084717989   -0.156088665128   -0.96222114563
0.10621997714   -0.982401192188   -0.153640061617
-0.063832886517   0.147458463907   -0.987006247044
0.992291629314   0.114647068083   -0.0470464676619
0.345614552498   -0.284180045128   0.894311070442
-0.853041529655   0.301948517561   0.425613969564
-0.390986889601   -0.909982860088   -0.138059571385
0.371519982815   0.259536623955   -0.891411066055
0.441300004721   0.795371294022   0.415498286486
0.816839754581   -0.547745585442   0.18096280098
-0.427440077066   0.220215722919   0.876812398434
-0.896177470684   -0.230879426003   -0.378893911839
0.118999555707   -0.947733998299   0.296039491892
-0.769427657127   0.628388881683   0.114492528141
-0.623948693275   -0.777787804604   0.0757238343358
0.136634901166   -0.0131734553725   0.99053388834
-0.582659304142   -0.756714701653   -0.296464085579
0.777961075306   -0.62484484911   0.0659203901887
-0.235127002001   -0.192228391767   0.952766239643
0.034272454679   -0.740361809731   0.671334326267
0.860867917538   -0.319349676371   -0.3961340487
0.507672905922   0.591506659985   0.626408874989
0.9898686409   0.138547465205   0.0310600008816
-0.0607527978718   0.215567260981   0.974597275257
0.128332465887   -0.966610252857   0.221800401807
-0.764162421227   0.108599931002   -0.635815858841
0.0313577577472   0.990813791752   0.131547346711
0.644261181355   0.0805857852101   -0.760548114777
0.740491330624   -0.553852260113   -0.380684018135
-0.418428122997   -0.823197484016   0.383749693632
-0.525918722153   -0.124874398112   -0.841317951679
0.0914213806391   0.926566779613   -0.364850908518
0.884826421738   0.0925083756447   0.456644713879
0.456863582134   -0.364576816559   -0.811393499374
-0.415238797665   0.847561180592   -0.330479562283
0.905987977982   0.418124973774   -0.0660097151995
0.0822344794869   -0.326820313931   -0.94150197506
-0.962212264538   0.260345906019   -0.0797972306609
0.176778525114   0.37435027957   -0.910280823708
-0.207115784287   -0.889989793301   -0.406228005886
0.598518192768   0.731343924999   -0.326973974705
-0.79911750555   0.516274452209   -0.308012872934
-0.0564550422132   0.445641934872   0.893429398537
-0.644284188747   0.173433840275   -0.744861423969
-0.365003436804   0.786135554314   0.498761832714
0.672064244747   0.593221366405   -0.443190783262
-0.792949557304   0.474670112133   -0.381993770599
0.434066593647   0.000130779837491   -0.900880753994
-0.427571237087   -0.880163788795   -0.206142157316
-0.973250925541   -0.146847635508   0.176687315106
0.190852001309   -0.0886345356703   0.977609038353
-0.127898991108   0.985180020332   0.114289812744
-0.574294507504   0.521513879299   0.63103812933
0.695190191269   0.717739105225   0.0395110696554
-0.432315170765   0.461382508278   -0.774744987488
0.933721005917   0.358000874519   0.000694338872563
-0.345423191786   0.90142261982   -0.260998219252
-0.0940634831786   0.243459671736   0.965339004993
0.997678995132   -0.0675767213106   -0.00836967956275
0.0180809162557   0.381410211325   -0.924229025841
0.0656486451626   0.921932578087   0.381746798754
-0.852351129055   -0.410013467073   0.324632972479
-0.511228442192   0.52244913578   -0.68241661787
0.11019577831   -0.747620165348   -0.654920637608
-0.344840437174   -0.797290444374   0.495391815901
-0.460258066654   -0.316343486309   -0.829511523247
0.818075537682   -0.514057159424   -0.257871329784
0.439851075411   0.304235011339   -0.844968676567
0.323033809662   0.824300348759   0.464949548244
0.837961912155   -0.477462023497   0.264291226864
0.156224027276   -0.412011265755   0.897686362267
-0.960900783539   -0.273752957582   0.0415807701647
0.228612542152   -0.869083464146   -0.438668757677
0.0403602607548   -0.598954319954   -0.799765467644
0.998218655586   0.0593677274883   0.00591399474069
0.0439380444586   -0.798579454422   0.600283503532
-0.996237456799   0.011239237152   -0.0859340950847
0.0858825519681   -0.00499187270179   -0.996292769909
-0.0116265425459   -0.999924361706   0.00400783633813
-0.567796230316   -0.132563754916   0.812424957752
0.335401982069   0.864050209522   0.375396817923
-0.751739919186   0.485637843609   -0.446142315865
-0.832204222679   0.54593527317   0.096906028688
0.0046339710243   -0.167918398976   0.985790014267
0.554449856281   0.820827662945   0.137212559581
-0.92999202013   -0.0146325025707   0.367288410664
0.268208056688   0.656256079674   0.705260515213
-0.251354962587   0.754396378994   -0.60638833046
-0.577861726284   0.168301194906   -0.798592865467
0.526050448418   -0.671308338642   -0.522126436234
-0.623976588249   -0.721817016602   0.299388498068
0.29837667942   -0.106001079082   0.948543667793
0.721467614174   -0.625587880611   -0.296857297421
0.624864637852   0.772918820381   -0.110184498131
-0.249558225274   -0.810285508633   -0.530243396759
-0.214777991176   0.58024585247   -0.785611331463
0.944241046906   -0.0821711570024   -0.318836629391
0.948910951614   -0.117630511522   0.292798757553
-0.230962976813   0.373321294785   0.898491680622
-0.214998051524   -0.920214235783   0.327080339193
0.999993801117   -0.00171932950616   0.00308207864873
0.00172564818058   0.999996423721   -0.00204863632098
-0.00307854521088   0.00205394229852   0.999993145466
0.895837545395   -0.40466594696   -0.183631524444
-0.272291332483   -0.826427042484   0.49282425642
-0.351187258959   -0.391489207745   -0.85053139925
0.865175008774   -0.501462161541   0.00280571589246
0.501452028751   0.865177869797   0.00362648395821
-0.00424598762766   -0.00173061143141   0.999989509583
