-0.513921916485   -0.774850130081   -0.368091791868
-0.0682005360723   0.464640378952   -0.882869184017
0.855121612549   -0.428621798754   -0.291634082794
-0.144038230181   -0.861146986485   0.487523198128
0.711166858673   0.252496123314   0.656115412712
-0.688109517097   0.441216021776   0.576050102711
0.776112675667   0.217419013381   -0.591927468777
0.255159467459   0.750128507614   0.610082685947
0.576665222645   -0.624528765678   0.526707708836
0.948111951351   -0.194000393152   0.251888126135
0.0954625755548   0.929408192635   0.356492996216
-0.30326667428   -0.313949376345   0.899702787399
-0.609296917915   0.730136454105   -0.309286296368
0.398458302021   -0.0553015656769   -0.915517747402
-0.68555688858   -0.681059777737   -0.257233887911
0.596687138081   -0.68479180336   0.418359428644
0.535268187523   0.728052556515   0.428284347057
-0.597873270512   -0.0316172726452   0.800966858864
0.229002222419   -0.948732793331   -0.217862531543
-0.81770581007   -0.0660623013973   -0.571832954884
0.528124153614   0.309098482132   -0.790912747383
0.947514951229   -0.197293058038   0.251576840878
-0.114412620664   -0.944020032883   -0.309412181377
0.298538476229   0.264389097691   -0.917045891285
-0.994371592999   0.0783398896456   0.0713303014636
-0.102129861712   -0.529618918896   -0.842064917088
-0.0281893983483   -0.844610333443   0.534638822079
-0.986322462559   0.0778506621718   -0.145283609629
0.0682252347469   0.995203733444   0.0701056048274
0.150044560432   0.0592347197235   -0.986903190613
-0.888940572739   -0.219138428569   -0.402197748423
-0.457286328077   0.374855875969   0.806456625462
-0.0259594563395   0.900811553001   -0.433433592319
0.892792582512   0.0315802022815   -0.449359714985
-0.447086453438   0.184118613601   -0.875336527824
0.0550921820104   0.982396543026   0.178498804569
0.193567022681   0.684773743153   0.702578663826
-0.374800175428   0.713419556618   -0.592078864574
-0.906673371792   -0.148719653487   0.394747793674
-0.443842858076   0.80306917429   0.397597044706
0.864730656147   0.267458170652   0.425096511841
0.235041335225   0.532490372658   -0.813147962093
-0.839101493359   0.522432506084   0.151568099856
-0.488009423018   -0.846058428288   0.214550450444
0.240323603153   0.106062948704   0.964880943298
-0.0170249678195   0.595388293266   -0.803257703781
0.513917028904   0.694341361523   0.50376522541
0.857670962811   -0.404231220484   -0.317801326513
0.735498249531   -0.677162826061   0.0222001597285
0.665205061436   0.715514063835   -0.213405281305
0.12862560153   0.171726867557   0.976711511612
-0.219708487391   -0.918562471867   0.328589588404
-0.960830211639   0.262066185474   0.0901477783918
-0.168918594718   -0.295912563801   -0.940160751343
0.115862108767   0.923280358315   0.366236746311
0.86673104763   -0.274069339037   0.416729211807
0.485132157803   0.269145637751   -0.831990003586
0.918834745884   -0.011122841388   -0.394485801458
-0.0556323453784   -0.993271410465   -0.101572558284
-0.390701681376   0.115274563432   -0.913271009922
0.814336299896   0.132924884558   0.564966738224
-0.568423271179   -0.0140187833458   0.822616815567
0.117266394198   -0.991026937962   0.0641415938735
0.210630893707   -0.66359937191   -0.717823445797
0.976196587086   0.103933446109   0.1903629601
-0.0517188794911   -0.740833103657   0.669695079327
-0.504806578159   0.347665011883   -0.790126144886
-0.845225811005   -0.0130913639441   0.534249007702
0.175395861268   0.937527418137   0.300464034081
-0.298630237579   0.865528404713   0.402095228434
-0.175218939781   -0.463882535696   0.868395864964
0.938146233559   0.188874557614   0.290186315775
0.162107273936   0.74904024601   -0.642386138439
0.642132341862   -0.574377596378   -0.507697224617
-0.749257862568   -0.330195486546   -0.57409375906
-0.222053542733   0.432495117188   -0.873865067959
-0.910914361477   -0.411662757397   0.0277269855142
-0.347745925188   0.802173137665   0.485377192497
0.945866644382   0.184017851949   0.267345756292
-0.00406212545931   0.830376446247   -0.557188034058
-0.324530154467   0.525939583778   0.786172866821
-0.0806223526597   -0.842262208462   -0.53300511837
-0.0303080100566   0.536570131779   -0.843311309814
0.996283829212   -0.0518354177475   -0.0687868371606
0.924514949322   -0.1071863994   0.36576384306
-0.101432345808   0.855846047401   0.507187306881
-0.367401123047   -0.506002545357   0.780370295048
-0.960458517075   -0.26892349124   -0.0721084252
0.262905299664   -0.961238861084   0.0830703750253
-0.0916529968381   0.0608279593289   0.993931412697
0.210300430655   -0.156457483768   0.965036153793
0.245196938515   -0.947119474411   -0.206985965371
0.946389019489   0.280153155327   -0.16081674397
-0.339764863253   -0.241436377168   0.908993005753
0.838160395622   -0.516183674335   0.17618611455
0.426669627428   0.821743786335   0.37774348259
0.638578057289   0.48910394311   -0.594134151936
0.188580691814   -0.84796333313   -0.495374143124
-0.746093451977   0.204292818904   -0.633726298809
-0.33273434639   0.0918759554625   0.938534319401
0.812596976757   0.532945036888   0.235914736986
-0.478512316942   0.841147065163   -0.251987248659
0.762025535107   -0.262756764889   -0.591841161251
0.504825770855   -0.331346452236   0.797095000744
-0.405546575785   -0.906183421612   -0.119848057628
-0.991054594517   -0.0904534608126   0.0981270968914
-0.0691161304712   -0.281113415956   -0.957182407379
0.114165306091   -0.955402255058   0.272346943617
0.744919896126   0.610933721066   0.268056571484
0.249031811953   -0.627378225327   0.737820923328
0.618932545185   -0.482862889767   -0.619488477707
-0.49432182312   0.394515991211   0.774598658085
-0.860364019871   -0.0947531983256   -0.500794947147
-0.124175913632   -0.913990676403   0.386265963316
0.385131418705   0.873427093029   -0.297991365194
-0.458918184042   -0.0988865345716   -0.88295841217
-0.80066716671   0.476808696985   0.36274728179
0.720666706562   0.671484529972   0.172476112843
0.589536726475   -0.724467039108   0.35720294714
0.364809513092   -0.155743271112   -0.917964100838
0.621088981628   -0.776295304298   0.107768632472
-0.740350604057   -0.536013543606   0.405672878027
-0.25715649128   -0.331745535135   -0.907642781734
0.47088187933   -0.841146707535   0.265974581242
-0.810930609703   -0.293990403414   0.505926072598
-0.347364068031   -0.453918337822   -0.820546388626
0.647748827934   -0.697556138039   -0.30632814765
0.0231526531279   -0.383873105049   0.923095524311
-0.761502087116   -0.605026364326   -0.232503086329
-0.162043467164   -0.566184699535   -0.808193564415
0.352198243141   0.731890439987   -0.583346188068
0.921790838242   -0.379171788692   0.0808111950755
0.886961698532   0.455264806747   0.0776714980602
0.322358459234   -0.489832133055   -0.810030579567
-0.330732434988   0.743504166603   -0.581220805645
-0.229668810964   0.795181930065   0.561193346977
0.627542734146   0.561729669571   -0.53911948204
-0.743937015533   0.228353872895   -0.628022432327
0.112573578954   -0.0741795003414   0.990870594978
0.880851447582   -0.4540130198   -0.134062975645
0.459812909365   0.88790178299   0.0142312506214
0.0699725374579   -0.681513726711   -0.728452384472
0.967228114605   0.225024774671   -0.117616586387
0.244077146053   -0.696349680424   0.674924790859
0.142366871238   -0.516130268574   -0.844595313072
0.983835279942   -0.0198562089354   0.177971556783
-0.108626961708   -0.856279909611   0.504960298538
-0.401901245117   0.347673296928   0.847111940384
0.52679246664   0.844479680061   -0.0966631397605
-0.748976051807   0.40740314126   -0.52254909277
-0.118619173765   -0.99282348156   0.0151998018846
-0.963223576546   0.11877270788   0.241025596857
-0.241101190448   0.0139494501054   -0.970399737358
0.465082615614   0.184973329306   -0.86572688818
-0.234031423926   0.968825817108   0.0812762007117
0.853772461414   0.164807155728   0.493873625994
-0.811366677284   -0.374389708042   -0.44890588522
-0.371753692627   -0.262145340443   0.890549838543
-0.45109128952   0.889444887638   0.0735152363777
-0.6998026371   -0.143206253648   -0.699834406376
-0.327423393726   -0.806418895721   0.492425054312
-0.63487803936   0.573742568493   0.517445027828
0.0588211044669   -0.325062334538   -0.943861484528
0.671015918255   -0.68716108799   0.278473168612
-0.739106059074   -0.64972615242   0.17770242691
-0.900921285152   0.418612718582   0.114473611116
-0.433892548084   -0.863464176655   -0.257229119539
-0.00883551407605   -0.281412452459   0.959546208382
0.490109592676   -0.866238772869   0.0970718339086
-0.536572992802   -0.212059080601   0.816774368286
-0.686936676502   -0.45239508152   -0.568732559681
-0.590449869633   -0.188039466739   -0.784863114357
-0.436759978533   -0.743327081203   0.506661236286
-0.678682327271   0.64195483923   0.356769263744
-0.339020341635   -0.89074420929   -0.30272102356
0.93805372715   -0.344534724951   -0.0367565229535
-0.0715572461486   -0.296429783106   0.952370166779
0.645355761051   0.358765929937   -0.674390792847
-0.544922113419   -0.402479827404   -0.735574543476
-0.535327792168   0.842197716236   -0.0642431974411
0.762563407421   -0.582370519638   0.281676441431
-0.518572986126   -0.810603201389   -0.27203771472
0.386754572392   0.0613762103021   -0.920137941837
-0.690318524837   -0.347822219133   -0.634413123131
-0.627070426941   -0.149753302336   0.764432251453
-0.360891968012   0.925523459911   -0.114731542766
-0.896654844284   0.194377735257   0.397778064013
0.0963575094938   -0.791248202324   0.603855490685
0.432117253542   0.579778850079   0.69074678421
0.56808257103   0.145108520985   0.810077607632
-0.385561615229   -0.822694480419   0.41775110364
0.727065622807   -0.5496519804   -0.411410093307
-0.445558279753   -0.466932237148   0.763840377331
0.40268433094   -0.866556406021   -0.294830977917
0.799576878548   0.17622217536   0.574127674103
0.807626008987   0.13340485096   0.574406981468
0.170539677143   0.879612505436   -0.444069862366
-0.564496636391   0.456601560116   0.687647104263
-0.626287043095   0.530589997768   -0.571173131466
-0.0302761476487   -0.748657107353   -0.662265777588
-0.779004395008   -0.397475540638   0.484938442707
-0.593638181686   -0.375816851854   0.711586534977
-0.509762465954   0.859831571579   0.0288436468691
-0.62268447876   -0.345617413521   -0.702006161213
0.56604963541   0.488290071487   -0.664199233055
0.0343857742846   -0.818988025188   -0.572779417038
-0.823653697968   0.301382571459   -0.480378091335
0.927818953991   0.35594317317   0.111608654261
0.338973909616   -0.929387152195   0.146069169044
0.155719965696   -0.0976933091879   -0.982958436012
0.683030664921   0.730350613594   -0.00755829969421
0.303615987301   -0.274502247572   0.912395656109
0.664293944836   -0.625488996506   -0.409239560366
0.208484441042   -0.164982765913   -0.964009821415
0.7957457304   0.601673305035   0.0691226124763
0.568614959717   -0.78151768446   0.256723850965
-0.312305629253   0.280120700598   -0.907743096352
-0.255092024803   0.895715594292   0.364172577858
0.91509193182   0.3452911973   -0.208280459046
-0.164935231209   0.0701453387737   -0.983806908131
-0.0421872325242   -0.997056663036   -0.0640173628926
-0.985401749611   0.0309453718364   0.167409017682
0.551103949547   -0.833868861198   -0.0307754650712
0.294704467058   0.160000324249   0.942098259926
-0.780662357807   -0.528263747692   0.333921700716
0.174011066556   0.879753768444   -0.442440360785
0.392352581024   0.35015296936   0.85056000948
0.903205156326   -0.32159948349   -0.284243166447
-0.464645028114   -0.63704264164   0.615046083927
0.200947985053   -0.752313733101   -0.627410531044
0.862394869328   -0.167930901051   0.477571249008
0.169751644135   0.448848962784   -0.877336323261
0.810468256474   0.442886501551   0.383396297693
0.560647428036   -0.776135385036   -0.288597136736
0.259669542313   0.52407759428   -0.811119198799
0.366550266743   0.723583459854   0.584865689278
0.893427431583   -0.449187785387   -0.00420821039006
0.281498521566   0.250346690416   -0.926328837872
0.768574476242   -0.636801421642   0.0614592023194
-0.57450145483   -0.729253351688   -0.371668726206
0.948849380016   0.298495352268   -0.102885529399
0.234094128013   -0.883776545525   -0.405140697956
-0.21186041832   0.360332578421   -0.908446788788
0.752986133099   0.562181711197   0.341999471188
-0.038326472044   -0.481376796961   0.875675439835
0.656919300556   -0.672479093075   -0.340923607349
0.608355820179   0.0418756566942   0.792558908463
0.334445178509   -0.919140636921   -0.208151161671
0.719756603241   0.391697466373   -0.573169708252
-0.738815307617   0.524707555771   -0.422887563705
-0.203679576516   0.424308359623   0.882313489914
0.642391264439   0.738000273705   -0.206613317132
-0.761227965355   -0.455004841089   -0.462063401937
0.401972472668   -0.890203416348   0.214373543859
-0.508871436119   -0.0225496273488   0.86054712534
0.0369296483696   -0.982760846615   -0.18115542829
0.928695380688   -0.0331864766777   0.369355559349
-0.36900010705   -0.181878373027   0.911459922791
-0.632762491703   0.558370649815   0.536501467228
-0.62733399868   0.0365129336715   -0.777893841267
-0.453942328691   -0.828787684441   0.327180892229
0.989783287048   -0.140933334827   0.0216068401933
0.00118098675739   -0.143432989717   -0.989659309387
0.142575129867   0.979573786259   -0.141801133752
-0.476372569799   -0.878603041172   0.0335542336106
-0.851011037827   0.451147317886   -0.268786668777
0.221018880606   -0.156597629189   -0.962615072727
0.10538353771   -0.98253852129   -0.153337389231
-0.0640693232417   0.147167176008   -0.987034440041
0.992365598679   0.11384139955   -0.0474415794015
0.346029579639   -0.285302221775   0.893793165684
-0.852802455425   0.301509916782   0.426403284073
-0.391141295433   -0.909777104855   -0.138975083828
0.373041570187   0.258218824863   -0.891158282757
0.441628247499   0.795288980007   0.415307015181
0.815968453884   -0.54848742485   0.182639122009
-0.427843123674   0.218754634261   0.876981556416
-0.895829379559   -0.231625854969   -0.379261344671
0.120166428387   -0.947890222073   0.295066356659
-0.769244611263   0.62861263752   0.114494085312
-0.624133944511   -0.777610182762   0.0760210677981
0.136819571257   -0.0129808457568   0.990510940552
-0.58253544569   -0.756794035435   -0.296505153179
0.777662873268   -0.625046849251   0.0675048977137
-0.23641692102   -0.191257044673   0.952642500401
0.0348774492741   -0.739623188972   0.672116875648
0.860561847687   -0.319726169109   -0.396495193243
0.508150398731   0.592226922512   0.625340282917
0.989955365658   0.137755796313   0.0318071581423
-0.0614133402705   0.216355085373   0.974381268024
0.127345025539   -0.966547369957   0.222641929984
-0.763282418251   0.109994135797   -0.636632740498
0.0313615761697   0.990546941757   0.133541077375
0.645303308964   0.0819637477398   -0.759516656399
0.739321708679   -0.554858744144   -0.381490707397
-0.417747974396   -0.822299957275   0.386405736208
-0.528100430965   -0.126311168075   -0.839735329151
0.0920204594731   0.926224291325   -0.36556917429
0.884297788143   0.0927605181932   0.457616597414
0.457765996456   -0.365382105112   -0.810522198677
-0.41521564126   0.847476184368   -0.330726563931
0.905923366547   0.418381780386   -0.0652652680874
0.083059206605   -0.326712101698   -0.941467165947
-0.962418019772   0.259775489569   -0.0791719704866
0.176026493311   0.374719083309   -0.910274863243
-0.206799834967   -0.890001296997   -0.406363755465
0.598609447479   0.732024013996   -0.325280785561
-0.798935055733   0.51616948843   -0.308661371469
-0.0580475442111   0.444645822048   0.893823564053
-0.644509851933   0.174829468131   -0.744339823723
-0.36632463336   0.783894658089   0.501313686371
0.67112839222   0.595771610737   -0.44118347764
-0.792739510536   0.475029617548   -0.381982952356
0.433678656816   -0.000838109699544   -0.901067197323
-0.428353756666   -0.879969418049   -0.205345794559
-0.973016917706   -0.146366536617   0.178367435932
0.19241411984   -0.0880976766348   0.977351307869
-0.127337768674   0.985299766064   0.113883517683
-0.57470613718   0.521857559681   0.630378901958
0.695282638073   0.717634379864   0.0397860109806
-0.431618958712   0.461156755686   -0.775267362595
0.933657467365   0.358164846897   0.00130232411902
-0.345431089401   0.901412427425   -0.261022895575
-0.0946631580591   0.243256121874   0.965331733227
0.99772465229   -0.0667554438114   -0.00944601092488
0.0167947933078   0.381776452065   -0.924102067947
0.0652951151133   0.921840786934   0.38202893734
-0.852449297905   -0.410217881203   0.324116528034
-0.511136651039   0.523657619953   -0.681558549404
0.109861426055   -0.746661901474   -0.656068921089
-0.345087587833   -0.797564685345   0.494777858257
-0.459209114313   -0.316282302141   -0.830115914345
0.818560659885   -0.513669192791   -0.257103890181
0.440422862768   0.303147882223   -0.845061600208
0.324962884188   0.823616743088   0.464816719294
0.836915075779   -0.479329556227   0.264227837324
0.15667141974   -0.411846131086   0.897684156895
-0.960536777973   -0.275046885014   0.0414529517293
0.229832991958   -0.868753135204   -0.438685327768
0.0422604829073   -0.598231196404   -0.800208389759
0.998169779778   0.0599567145109   0.00789189524949
0.0432566925883   -0.799077391624   0.599670112133
-0.996321558952   0.0109193567187   -0.0849947482347
0.0849447920918   -0.00496110226959   -0.996373295784
-0.011301423423   -0.999928057194   0.00401531066746
-0.56953316927   -0.131429851055   0.811392724514
0.335069417953   0.864270269871   0.37518709898
-0.750573396683   0.485554367304   -0.448192477226
-0.832001805305   0.546188294888   0.0972181782126
0.00488665280864   -0.168017596006   0.985771894455
0.554751396179   0.820639073849   0.137121915817
-0.930285990238   -0.0153017407283   0.366515755653
0.267583191395   0.655146479607   0.706528365612
-0.250932604074   0.755346953869   -0.605379104614
-0.577929079533   0.168291568756   -0.798546135426
0.525954961777   -0.671374201775   -0.522137999535
-0.623994708061   -0.721758008003   0.299492895603
0.297258228064   -0.106566779315   0.948831439018
0.72215539217   -0.624992668629   -0.296438395977
0.62460321188   0.773322463036   -0.108826443553
-0.249750882387   -0.810369670391   -0.530024111271
-0.213869035244   0.580016732216   -0.786028385162
0.94439637661   -0.0829555392265   -0.31817266345
0.949276387691   -0.11750921607   0.291660636663
-0.229882001877   0.37351089716   0.898690104485
-0.214542806149   -0.920152783394   0.327551841736
0.999989509583   -0.00240920227952   0.00390025600791
0.00241919327527   0.999993801117   -0.00255894707516
-0.00389406690374   0.00256835576147   0.99998909235
0.895488619804   -0.404778987169   -0.18507874012
-0.270866572857   -0.825578510761   0.495026707649
-0.353173434734   -0.393159121275   -0.848937213421
0.864822387695   -0.502065658569   0.00351354689337
0.502049028873   0.864826500416   0.00467519182712
-0.00538586173207   -0.00227923761122   0.999982893467
