-0.513831684257   -0.773941898354   -0.370122869095
-0.0703654633528   0.468000836521   -0.880922197803
0.855000410422   -0.426601869415   -0.294932438349
-0.141473288411   -0.860288788062   0.489784146131
0.710894053174   0.25602646224   0.655042056509
-0.688923039118   0.440855590606   0.575353277912
0.774132800903   0.216960698852   -0.594681815528
0.25834877006   0.749349990344   0.609697060006
0.57790511295   -0.625621808384   0.524044877182
0.949819544187   -0.191825392737   0.247074588298
0.0949955463609   0.929474863588   0.356443998589
-0.298024629272   -0.31508649076   0.901055949255
-0.608815833043   0.732359919551   -0.304946273418
0.396537725583   -0.0519942241742   -0.91654483406
-0.687096145838   -0.678929708356   -0.258753429903
0.596177130281   -0.683706901154   0.420853540611
0.533991351796   0.729120396741   0.428061541443
-0.599521530503   -0.0304683503018   0.799778478138
0.228756127027   -0.948829372681   -0.217700380996
-0.818210284309   -0.0662330383055   -0.571091161977
0.527449111289   0.308765293021   -0.791493164106
0.947432589399   -0.197578627925   0.251662818732
-0.115093676883   -0.94436038504   -0.308118335559
0.298537994377   0.262956553358   -0.917457855686
-0.994327711757   0.0778394071312   0.0724805375953
-0.102888854186   -0.531279913819   -0.840925405049
-0.0269496812033   -0.843612873224   0.536275148421
-0.985910248651   0.0756078086915   -0.149212736957
0.0649694042793   0.995069813182   0.0749335932716
0.154142655073   0.0641835349437   -0.985961721229
-0.890447791094   -0.219776069967   -0.398498695613
-0.454250827146   0.376230972152   0.807531077811
-0.027548455006   0.900082626576   -0.434847499663
0.893874874589   0.0360242305716   -0.446866829594
-0.445435821371   0.184180253271   -0.876164689625
0.0507408870552   0.98223209534   0.180680583528
0.193032516398   0.684113961048   0.70336799466
-0.374004365549   0.714031806466   -0.591843994566
-0.907115859283   -0.148817565004   0.393692964356
-0.443111172345   0.802682046188   0.399191710424
0.864206347169   0.264094731932   0.428253852381
0.238327250763   0.534748076475   -0.81070624535
-0.839746476262   0.521709628464   0.150482288569
-0.486631081208   -0.846061764973   0.217645768745
0.240865203813   0.109537908588   0.964357506413
-0.0134052484739   0.596077731297   -0.802814821466
0.514024607941   0.692782580009   0.505797389542
0.857670683739   -0.405886234169   -0.315685544756
0.733582230167   -0.679256695679   0.0216206604557
0.66687780629   0.713357277497   -0.21539588232
0.130885839807   0.172428930336   0.976287437654
-0.216093603273   -0.919613738645   0.328045921053
-0.962176408942   0.257658111684   0.0884808202851
-0.165891870505   -0.296517907011   -0.94050891443
0.114710209462   0.922382698737   0.36885190106
0.869334011671   -0.272889817617   0.412055243376
0.480728555422   0.273388559583   -0.833161899928
0.918908565617   -0.00974251864342   -0.394350264824
-0.055501827139   -0.992943509112   -0.104798544346
-0.390546534001   0.118187440294   -0.912965023282
0.815991893331   0.129725319404   0.563319244766
-0.566531737236   -0.0142087131368   0.823917412837
0.114886991097   -0.991448160005   0.0618993158314
0.208887792833   -0.662968026457   -0.71891535378
0.97656625264   0.102464863413   0.189259890021
-0.0518096922439   -0.741602553705   0.668835860378
-0.504858625434   0.348491903622   -0.789728536546
-0.844420811471   -0.00958040072295   0.535594724653
0.179084509322   0.93726282815   0.299110563988
-0.295890738848   0.865088955263   0.405055268015
-0.175336302491   -0.466025973627   0.86722371562
0.938991933774   0.185582572963   0.2895742684
0.160999534743   0.748802216372   -0.642941980717
0.640378485961   -0.574951892539   -0.509259968958
-0.750995702072   -0.329735594107   -0.572083816803
-0.219311756801   0.429426133141   -0.876068233361
-0.910875207684   -0.411852846764   0.0261455281022
-0.349583622837   0.803722855708   0.481477789577
0.947298864837   0.186707556301   0.260317400684
-0.010842588064   0.830821157285   -0.5564338621
-0.320167610733   0.524286651583   0.7890603323
-0.0811892677393   -0.846110683792   -0.526787446297
-0.02653441604   0.530179837281   -0.847469919765
0.996345435865   -0.0548274649521   -0.0654959656587
0.922676533995   -0.105264419606   0.37092777677
-0.106484174462   0.855032193179   0.507524451841
-0.370579457342   -0.507778840237   0.777709145635
-0.961098023015   -0.265983800256   -0.0744527243167
0.260074489966   -0.962238952407   0.0803583109575
-0.093015320381   0.0578689594908   0.993981556017
0.2070307974   -0.157912784946   0.965505982
0.243663793484   -0.947465987091   -0.207210422158
0.947505253111   0.278157789135   -0.157677010597
-0.336265761545   -0.242489860019   0.910013189685
0.83964775415   -0.514814580454   0.173082629696
0.426517275809   0.822292293251   0.37672058332
0.638110416627   0.491390803089   -0.592747985935
0.189393020191   -0.846380145037   -0.497765942979
-0.746287732778   0.205367301989   -0.633149975266
-0.327875940917   0.0881754164076   0.940596865458
0.812369367082   0.534542224335   0.233067848126
-0.482237886104   0.840529420273   -0.246894541983
0.763972359454   -0.264629908084   -0.588487251975
0.501531600308   -0.330287669778   0.799609973102
-0.405970796834   -0.906024871038   -0.119610389088
-0.990732131182   -0.0918487092888   0.100068270919
-0.0702263051877   -0.284244275984   -0.956176478287
0.116267408599   -0.954342185053   0.275159741832
0.744595687197   0.610455509289   0.27003950412
0.248582743563   -0.629030517221   0.736564476476
0.619502931559   -0.481315571723   -0.620122115561
-0.495797577702   0.39513644712   0.773338186114
-0.859284401744   -0.0942566753226   -0.502738496713
-0.125758017099   -0.913773969488   0.386266816878
0.384409259119   0.874369906751   -0.296153317847
-0.458192448918   -0.0977908341324   -0.883457204687
-0.801429473664   0.475304343477   0.363037986737
0.719983135934   0.672009816412   0.173283266981
0.588632785517   -0.723597051749   0.360442437172
0.367608117136   -0.157512264113   -0.916544684601
0.619737528879   -0.778012863077   0.103060080463
-0.740212463884   -0.535822517751   0.406176978399
-0.260789002087   -0.328009472969   -0.907964141381
0.471893252632   -0.841472459003   0.263136578338
-0.810206942046   -0.296190459188   0.505802256763
-0.347680124801   -0.451879754608   -0.82153710701
0.646757253073   -0.696807394463   -0.310104031928
0.0277665301512   -0.384808207479   0.922578811409
-0.762190314423   -0.605295050763   -0.229529575701
-0.161890019995   -0.565169906402   -0.808934236093
0.351310457931   0.733032259609   -0.582447137962
0.922156485405   -0.378479435729   0.0798794914618
0.889602617991   0.449954080352   0.078412420179
0.319395290561   -0.490141357866   -0.811016706164
-0.326487106072   0.746527142764   -0.579744249376
-0.229470116254   0.79488339102   0.561697303204
0.626940896239   0.562142524455   -0.539389372181
-0.744505593242   0.228377268745   -0.62733981601
0.11197708   -0.0702705114701   0.991223077199
0.88103876732   -0.454329928266   -0.131738402758
0.459599634502   0.888057639739   0.0110365060808
0.0645353496076   -0.682629869181   -0.727909094842
0.968539935231   0.21852705183   -0.11906435857
0.240344716011   -0.697325167566   0.675257008972
0.147509755646   -0.513850324549   -0.845102784252
0.98318201376   -0.0168400699686   0.181850322692
-0.107675437352   -0.857714553919   0.502724322255
-0.400170398764   0.345953239919   0.848634201375
0.524339809862   0.845898601167   -0.0975875009307
-0.751619195968   0.405921066629   -0.519900636583
-0.115007182287   -0.993241638995   0.0156331247593
-0.96363929133   0.115372994676   0.241015327945
-0.241190099771   0.0126538004906   -0.97039539215
0.467221142289   0.182004322439   -0.865204502307
-0.231298476087   0.969663992924   0.0790743687032
0.853349529301   0.163175266016   0.495144840832
-0.811398770363   -0.369864672723   -0.452583869934
-0.37755421208   -0.259434448646   0.888901897735
-0.446189256251   0.892128853209   0.0708608275353
-0.700436111074   -0.142255266252   -0.699394519228
-0.328927952024   -0.805321114693   0.493218313333
-0.633400076319   0.575518324168   0.517284256348
0.0613872029494   -0.32364304735   -0.944185781092
0.672273685106   -0.685803980563   0.278784849942
-0.737753145454   -0.651865076642   0.175477115962
-0.900577099499   0.419482379475   0.113997461238
-0.434621954834   -0.864058614496   -0.253981233739
-0.00804016385732   -0.278275482257   0.960467652625
0.486570017065   -0.868098563064   0.0982573320374
-0.541702785635   -0.211545712849   0.813514906692
-0.685425204182   -0.449058232506   -0.573183210929
-0.590591586635   -0.188859538941   -0.784559527599
-0.433551560144   -0.745735134034   0.505877608285
-0.680613416333   0.638914066537   0.358544548263
-0.342817940782   -0.890163358605   -0.300141723982
0.936971481891   -0.346976640399   -0.0411297111727
-0.0675300051949   -0.295324238786   0.953007498598
0.645198570828   0.357342211575   -0.67529648898
-0.54789202425   -0.399611169877   -0.73493213474
-0.532478294361   0.844166723305   -0.0620436080416
0.761082260768   -0.583395651895   0.283554766656
-0.51984898359   -0.810037515068   -0.271286303456
0.387957248423   0.0590655359114   -0.919782819944
-0.692636369757   -0.347399960697   -0.632114013923
-0.625095942635   -0.148139332698   0.766361403392
-0.35987486963   0.925941685753   -0.114551616285
-0.896235610928   0.191624505565   0.400052219805
0.0984742621585   -0.793418437327   0.600657975059
0.432509594571   0.577725914406   0.692219776103
0.566149193882   0.148186933956   0.810873432091
-0.381489948787   -0.824915843585   0.417108223339
0.730712330019   -0.545485548486   -0.410493614021
-0.443115041095   -0.467535872559   0.764891670909
0.403088151141   -0.866025503353   -0.295837404585
0.800730293398   0.17722876576   0.57220709697
0.808131867402   0.132324411969   0.573945236835
0.170496488012   0.880166010064   -0.442988422313
-0.563785271592   0.455848708153   0.688729353818
-0.624686620522   0.528496661384   -0.574854681678
-0.0289135843237   -0.751316642152   -0.659308204004
-0.780340073803   -0.395239904529   0.484618186911
-0.590816704008   -0.381457267391   0.71093317226
-0.513891898159   0.85722443773   0.0328843483225
-0.621973262505   -0.345914175068   -0.702490316101
0.567429220875   0.487462335999   -0.663629829257
0.0403049155045   -0.821417523018   -0.568901368134
-0.822435160413   0.29606371588   -0.485743433363
0.928091097222   0.355344352287   0.11125334402
0.338018325963   -0.92934393621   0.148537737771
0.156174666866   -0.100250882924   -0.982628736554
0.685689529586   0.727856615565   -0.00739027708665
0.301583898162   -0.274842376327   0.912967042419
0.662477940301   -0.628240730416   -0.407966375159
0.208371115721   -0.163253811384   -0.964328611627
0.795280408449   0.602199052632   0.0698954429571
0.569307078886   -0.781475843567   0.255313446281
-0.313233103239   0.279564384009   -0.907595051898
-0.256664580993   0.895202824376   0.364328417904
0.914334903577   0.347067224645   -0.208652883225
-0.16720792755   0.0738102962984   -0.983154895795
-0.0423169681096   -0.996812062746   -0.0676386411254
-0.985013087819   0.0302944173673   0.169798307123
0.555635295101   -0.830888250567   -0.0299020719686
0.291200379902   0.160794176931   0.94305226335
-0.778762966237   -0.532700617359   0.331297894171
0.175275358936   0.880141966857   -0.441167390825
0.387325596283   0.350323962872   0.852790714948
0.905128405815   -0.320348621372   -0.27949835379
-0.465477401013   -0.632731968911   0.618854623206
0.196916742904   -0.755735715509   -0.624569711616
0.862875764818   -0.168860249381   0.476373415157
0.171915481158   0.450842274515   -0.875891723245
0.812435456416   0.437960080844   0.3848890707
0.557129873994   -0.777773881727   -0.290988131041
0.260020830045   0.524605922592   -0.810665031887
0.368591010039   0.722045721737   0.585483255986
0.892485201704   -0.451041685106   -0.00561809898387
0.281349345039   0.247713969637   -0.927081622778
0.769205827461   -0.635833728107   0.0635441987958
-0.573728978739   -0.730994705485   -0.369434431945
0.949158524909   0.298007793975   -0.101436922874
0.234141774256   -0.883697182687   -0.405286218442
-0.21041797485   0.360930248166   -0.908544788009
0.754187467654   0.56110413916   0.341120812397
-0.0362660252679   -0.483095195353   0.874816442254
0.655656952258   -0.672146693248   -0.343995325131
0.607784732222   0.0414923920996   0.793017087254
0.33479198325   -0.918932814444   -0.208510936141
0.720077806372   0.392225526881   -0.572404654797
-0.737825963941   0.525222419829   -0.423974358474
-0.20730692012   0.421435501635   0.882845376514
0.642368031431   0.739279059403   -0.202063813
-0.761331038668   -0.452419083276   -0.46442655248
0.400407402299   -0.891467998477   0.212034713847
-0.509949960041   -0.0245312205104   0.859854207104
0.0351198354877   -0.982999020475   -0.18022076157
0.92731134148   -0.0351874427005   0.372633224281
-0.372639602186   -0.180207573708   0.910310363151
-0.634375897008   0.557113315556   0.535902952899
-0.625653678154   0.0371289000442   -0.779216863135
-0.45400957733   -0.82960605013   0.325006315756
0.990326977092   -0.137285741742   0.0201271845317
-0.000213239202111   -0.146563026899   -0.989201310996
0.138753136801   0.979628452149   -0.145174594084
-0.473419076592   -0.880371907719   0.0286300893737
-0.851308305965   0.448961101939   -0.271492351901
0.226160443301   -0.152902691423   -0.962014667685
0.108017261765   -0.98225985091   -0.153290105525
-0.0606189839171   0.147397702378   -0.9872179375
0.992299153456   0.115928868816   -0.0436220979034
0.344782918406   -0.286473155102   0.893900369494
-0.853307970918   0.301158013414   0.425639939062
-0.391139675747   -0.909525690876   -0.140615687936
0.373736170584   0.260187637185   -0.89029414704
0.440531659769   0.7948875416   0.417235728276
0.816243304131   -0.548138841595   0.182457334182
-0.430457629615   0.22060613327   0.875236632614
-0.894860523499   -0.231102674404   -0.381858871006
0.118029117546   -0.947588775708   0.296891629327
-0.771354554671   0.626111419673   0.114002812
-0.621498191157   -0.779646596334   0.0767540436237
0.136938487567   -0.0116479603063   0.990511067906
-0.585085009681   -0.75535183906   -0.295159500398
0.77661472396   -0.626684723812   0.0643103993951
-0.233548928441   -0.191598163273   0.953281197682
0.0337309744099   -0.740859116585   0.670812932745
0.859736708258   -0.320741510599   -0.397464056051
0.509622422818   0.590129352559   0.626124854489
0.989958793174   0.13758767862   0.0324225000491
-0.0619605823076   0.216200745944   0.974380892512
0.127053036396   -0.966605849426   0.222554842224
-0.765042881352   0.107916286587   -0.634872794174
0.0301831967222   0.990784383347   0.132042721691
0.643271610075   0.0818558538236   -0.761249797942
0.741207262612   -0.55464064534   -0.378134299408
-0.418686360416   -0.822286081005   0.385418386415
-0.524703273721   -0.127355233587   -0.841704888321
0.0877882712456   0.925966687783   -0.3672586453
0.884849812188   0.0968498105908   0.455698281827
0.457530358887   -0.364973707689   -0.810839172335
-0.41174793111   0.848337784092   -0.332846278796
0.90741082464   0.415364488284   -0.0638587284432
0.0840787520868   -0.32832201564   -0.940816356944
-0.962352720147   0.259542916845   -0.0807137927527
0.178204270671   0.378266609372   -0.908381863617
-0.205232745778   -0.888567299955   -0.410277556674
0.594857856151   0.732695385127   -0.330607930318
-0.801901038586   0.512430840465   -0.307195960349
-0.0556673628799   0.447852773078   0.892372701485
-0.644755839266   0.172270398616   -0.744723316066
-0.361833817283   0.78942129803   0.495873273011
0.673324733247   0.589183268582   -0.44665073561
-0.794082198538   0.472454891763   -0.382387025426
0.435610886596   0.00362716263836   -0.900127768247
-0.423882787388   -0.881347388344   -0.20868675956
-0.97363262429   -0.146794848717   0.174616108387
0.189060866471   -0.0909110604827   0.97774800836
-0.12765383538   0.984980432025   0.116267135687
-0.573613943124   0.520880722438   0.632179023099
0.69408665639   0.718917309549   0.0374381550258
-0.434983629203   0.46026207211   -0.773917351726
0.933052956215   0.359724702897   -0.00321232392118
-0.34838726882   0.901348376116   -0.257288584661
-0.0896576367261   0.241183007276   0.966329273684
0.997681979447   -0.0672920817681   -0.0101214434862
0.0163027372686   0.380765514159   -0.924527903303
0.066067303899   0.922219821387   0.380979937
-0.852576526352   -0.40801871498   0.326548610376
-0.511015647193   0.520038240296   -0.684414521291
0.10943616878   -0.750387204619   -0.651876344185
-0.342340804846   -0.797112060973   0.497408419297
-0.457105363889   -0.321226874676   -0.829378068971
0.820888213852   -0.511298012158   -0.254395131877
0.438926022367   0.304831909921   -0.845234555365
0.321886640787   0.824913666179   0.464657329474
0.838887917049   -0.476019905094   0.263954754803
0.155759106407   -0.410852743047   0.898297903984
-0.961180685685   -0.272714943309   0.0419314817525
0.227751597662   -0.869957805429   -0.437381557151
0.0371556376379   -0.599175700967   -0.799754923688
0.998179644779   0.0602989288404   0.00119830237374
0.0475063715685   -0.798343609326   0.600325433501
-0.995982865248   0.0149610901337   -0.0882853210562
0.0881946452089   -0.00661717944369   -0.996081280565
-0.0154866616307   -0.999866180405   0.00527110930591
-0.566917852568   -0.134564258967   0.812709424486
0.336241866865   0.862843382338   0.377415824419
-0.752027629417   0.487230702813   -0.44391517977
-0.831479775234   0.547218859072   0.095879631063
0.00296423396228   -0.168211149092   0.985746530624
0.555547114738   0.81991251338   0.138242083712
-0.930323488534   -0.012891791375   0.366513312714
0.26809972557   0.658011227816   0.703664523205
-0.250241371141   0.752897752542   -0.608707015227
-0.578776970592   0.168109257826   -0.797970234874
0.527932476642   -0.668552590833   -0.523760186915
-0.621534004234   -0.724414736683   0.298192506373
0.301144990054   -0.105368667858   0.947738961317
0.721500613598   -0.624668446412   -0.298707543651
0.623497040524   0.773748522384   -0.112092214568
-0.247077535424   -0.811173740637   -0.530047029979
-0.219982180429   0.579680170926   -0.784588261274
0.943695147695   -0.0772532325338   -0.321669716138
0.948274030931   -0.11950043574   0.29410203692
-0.231339199374   0.37429176631   0.897991006918
-0.217390287491   -0.919578881625   0.327286026854
0.999965190788   -0.000365205082626   0.00833569659012
0.000426946960894   0.999972481487   -0.00740634760562
-0.00833276236836   0.00740964869683   0.999937829156
0.895421034831   -0.4048081911   -0.185341573319
-0.271799832718   -0.826737176494   0.492575366759
-0.352627312211   -0.390686536011   -0.850304656733
0.864053495068   -0.50338389238   0.00402672986115
0.503375141779   0.864062678197   0.0030256877507
-0.00500242946528   -0.000587400361213   0.99998731525
