-0.513917148113   -0.775059342384   -0.367657661438
-0.0680646821856   0.464075744152   -0.88317656517
0.855135321617   -0.428855091333   -0.291250646114
-0.144586846232   -0.86107134819   0.487494409084
0.711071610451   0.252185314894   0.656338095665
-0.688092887402   0.441541284323   0.575820744038
0.776647984982   0.217364192009   -0.591245055199
0.254863530397   0.749907255173   0.610478281975
0.576075017452   -0.624813497066   0.52701574564
0.947966217995   -0.193692013621   0.252672672272
0.094769321382   0.929340064526   0.356855511665
-0.303938895464   -0.314341336489   0.899339020252
-0.609286665916   0.730097293854   -0.309398919344
0.397649168968   -0.0562511011958   -0.915811657906
-0.686035633087   -0.68102401495   -0.256049543619
0.596387803555   -0.685074210167   0.418323874474
0.535383343697   0.727785646915   0.428593873978
-0.598068714142   -0.0316445268691   0.800819814205
0.229021057487   -0.948703050613   -0.217972129583
-0.817499577999   -0.0658925175667   -0.572147369385
0.528435230255   0.309225916862   -0.790655136108
0.947527229786   -0.197439700365   0.251415491104
-0.114522539079   -0.943923592567   -0.309665739536
0.298457324505   0.264623969793   -0.917004585266
-0.994422793388   0.078092135489   0.0708867385983
-0.101625181735   -0.529731273651   -0.84205532074
-0.0282069724053   -0.844562888145   0.534712970257
-0.986369132996   0.0779051706195   -0.144937112927
0.0684144124389   0.99524307251   0.0693591609597
0.149651095271   0.0584979429841   -0.98700684309
-0.888775527477   -0.219096139073   -0.402585327625
-0.457613676786   0.37465301156   0.806365191936
-0.0258417092264   0.900906205177   -0.433243811131
0.892585635185   0.0311445314437   -0.449801027775
-0.447415828705   0.184573069215   -0.875072479248
0.0557674318552   0.982325196266   0.178681820631
0.193740695715   0.68467694521   0.702625095844
-0.374629974365   0.713552951813   -0.592025816441
-0.906706631184   -0.148524925113   0.394744753838
-0.444015562534   0.802961111069   0.397622436285
0.864679694176   0.267645657063   0.425082087517
0.234902471304   0.532559156418   -0.813143014908
-0.839037418365   0.522625923157   0.151256009936
-0.488424271345   -0.846007764339   0.213805153966
0.239703863859   0.105513423681   0.965095341206
-0.0170814022422   0.595040202141   -0.803514420986
0.513659238815   0.694697737694   0.503536760807
0.857824265957   -0.404131472111   -0.317514300346
0.735699892044   -0.676919043064   0.0229410473257
0.665103495121   0.715628266335   -0.213338941336
0.127995923162   0.17221160233   0.976708889008
-0.219816610217   -0.918564617634   0.328511327505
-0.960713505745   0.262321680784   0.0906472355127
-0.169440999627   -0.29567950964   -0.940140068531
0.115691110492   0.923383653164   0.366030275822
0.866475224495   -0.273985534906   0.417315989733
0.485629767179   0.26887640357   -0.831786751747
0.919071733952   -0.0110011091456   -0.393936693668
-0.0554120503366   -0.993287026882   -0.101540148258
-0.390175133944   0.115151524544   -0.913511633873
0.814151585102   0.133525282145   0.565091311932
-0.568597137928   -0.013946541585   0.822497904301
0.117705337703   -0.990947246552   0.0645674914122
0.210650354624   -0.663879036903   -0.717559099197
0.976202189922   0.104162320495   0.190208941698
-0.0515331029892   -0.740550398827   0.670022010803
-0.504692912102   0.348055303097   -0.790026903152
-0.845165967941   -0.0126263173297   0.534354746342
0.176009878516   0.937388956547   0.300536900759
-0.298544228077   0.865742325783   0.401698350906
-0.175081521273   -0.463429987431   0.868665158749
0.938199222088   0.189005017281   0.289929836988
0.162263765931   0.749241232872   -0.642112195492
0.642100453377   -0.574287235737   -0.507839679718
-0.749251246452   -0.329896569252   -0.574274122715
-0.221890360117   0.43302449584   -0.873644351959
-0.911052465439   -0.411372721195   0.0274932123721
-0.347488224506   0.8020362854   0.485787689686
0.94555991888   0.183731988072   0.268624156713
-0.00306763034314   0.830393195152   -0.557169377804
-0.325433522463   0.526013016701   0.785750150681
-0.0802849531174   -0.84199154377   -0.533483445644
-0.0305820964277   0.537039935589   -0.843002319336
0.996302723885   -0.0513653568923   -0.0688660889864
0.924647510052   -0.107391566038   0.365368425846
-0.100993379951   0.855912804604   0.50716227293
-0.367188483477   -0.505846142769   0.780571758747
-0.960353136063   -0.269132733345   -0.0727284774184
0.262987971306   -0.961133182049   0.0840258076787
-0.0925158411264   0.0615677312016   0.99380594492
0.210610002279   -0.15605507791   0.965033829212
0.245318338275   -0.947150111198   -0.206701651216
0.946288704872   0.280273914337   -0.161196112633
-0.339938104153   -0.241341754794   0.908953368664
0.838222682476   -0.515980541706   0.176484495401
0.426409184933   0.821899175644   0.377699583769
0.638437926769   0.488959878683   -0.594403266907
0.188365206122   -0.84805637598   -0.495296835899
-0.746267795563   0.204251378775   -0.633534371853
-0.333231806755   0.0923608765006   0.938310205936
0.812551438808   0.532927036285   0.236112087965
-0.478243380785   0.841105341911   -0.252636224031
0.761767268181   -0.26282247901   -0.592144370079
0.504964649677   -0.331724375486   0.79684984684
-0.405858784914   -0.90602606535   -0.119980722666
-0.991128385067   -0.0898665189743   0.0979209169745
-0.0691317617893   -0.28066599369   -0.957312583923
0.113513424993   -0.95558911562   0.27196341753
0.744925200939   0.61085486412   0.268221527338
0.249177485704   -0.627697408199   0.737500190735
0.618867516518   -0.482547730207   -0.619798898697
-0.494413971901   0.394329488277   0.774634838104
-0.860321879387   -0.0947606638074   -0.500865995884
-0.124101310968   -0.914070367813   0.386101275682
0.385025620461   0.873325705528   -0.298425018787
-0.458711117506   -0.0994966924191   -0.882997453213
-0.80083668232   0.47686752677   0.362295418978
0.720940351486   0.671226680279   0.17233620584
0.589308261871   -0.72466146946   0.35718563199
0.36463791132   -0.155950382352   -0.917997121811
0.62095707655   -0.776371359825   0.107980579138
-0.740510523319   -0.535865843296   0.405576109886
-0.25701457262   -0.331806093454   -0.907660841942
0.470698624849   -0.841203927994   0.266118019819
-0.811036646366   -0.293782383204   0.505876898766
-0.347364842892   -0.453947037458   -0.820530176163
0.647691488266   -0.697717726231   -0.306081116199
0.0227242801338   -0.383863389492   0.923110246658
-0.761563718319   -0.604846119881   -0.232769921422
-0.162141621113   -0.56631821394   -0.80808031559
0.352162688971   0.731779515743   -0.583506762981
0.921787142754   -0.379186451435   0.0807842239738
0.886803984642   0.455569833517   0.07768432796
0.32256808877   -0.489787399769   -0.809974133968
-0.330950975418   0.743346750736   -0.581297695637
-0.229892447591   0.795336604118   0.56088244915
0.627663195133   0.561609983444   -0.539103984833
-0.743766307831   0.22810934484   -0.628313422203
0.112891510129   -0.074105411768   0.990840017796
0.8807721138   -0.45409309864   -0.13431276381
0.459886908531   0.887867033482   0.0140067273751
0.0702235102654   -0.681662261486   -0.728289246559
0.967120885849   0.225421950221   -0.117737576365
0.244429647923   -0.696075797081   0.675079703331
0.141838937998   -0.516235888004   -0.844619572163
0.983948171139   -0.0198192801327   0.177350357175
-0.10829436779   -0.856217086315   0.505138218403
-0.401612877846   0.347633272409   0.847265124321
0.527270495892   0.844206094742   -0.0964461863041
-0.748794317245   0.408003896475   -0.522340834141
-0.118909746408   -0.992798566818   0.0145431477576
-0.963055670261   0.118887059391   0.241639599204
-0.241628438234   0.014727441594   -0.970257103443
0.465101838112   0.184763073921   -0.865761458874
-0.234412446618   0.968772172928   0.0808163285255
0.853657484055   0.165357425809   0.493888497353
-0.811445891857   -0.374939501286   -0.448303371668
-0.370991051197   -0.262246400118   0.890838086605
-0.451576352119   0.889183461666   0.0736995711923
-0.699978590012   -0.143216192722   -0.699656426907
-0.327081859112   -0.80660867691   0.492341250181
-0.634860157967   0.573473274708   0.517765402794
0.0586990900338   -0.325060367584   -0.943869769573
0.670800864697   -0.687382280827   0.278445333242
-0.739310920238   -0.649493157864   0.177702054381
-0.900963366032   0.418418645859   0.11485157907
-0.433807820082   -0.863339841366   -0.257788836956
-0.00870771147311   -0.28208181262   0.959350824356
0.490212768316   -0.866208672523   0.0968192815781
-0.536157846451   -0.212104380131   0.817035198212
-0.687187194824   -0.452431499958   -0.568400859833
-0.590718984604   -0.187667503953   -0.784749627113
-0.43719252944   -0.742993295193   0.506777703762
-0.678169429302   0.642449915409   0.3568533957
-0.338570892811   -0.890969753265   -0.30256024003
0.938225507736   -0.344076067209   -0.0366686657071
-0.0714330598712   -0.296284675598   0.952424645424
0.645281195641   0.358979463577   -0.674348533154
-0.544560313225   -0.402943760157   -0.735588490963
-0.535785675049   0.841884851456   -0.0645260587335
0.762630164623   -0.582216501236   0.28181412816
-0.518307507038   -0.8106995821   -0.272256374359
0.386978745461   0.0615645460784   -0.920031130314
-0.690157830715   -0.348097264767   -0.634437143803
-0.627273917198   -0.149396583438   0.764335036278
-0.360845685005   0.925477683544   -0.115245111287
-0.896657288074   0.194485232234   0.397719979286
0.0963692367077   -0.79106426239   0.604094564915
0.432109564543   0.579993784428   0.690571188927
0.568428099155   0.144729912281   0.809902906418
-0.385919004679   -0.822484612465   0.417834430933
0.726605832577   -0.550065755844   -0.411669313908
-0.445697516203   -0.466894984245   0.763781905174
0.402848124504   -0.86654651165   -0.29463621974
0.799416720867   0.176369488239   0.574305415154
0.80736887455   0.133616045117   0.574719250202
0.17059583962   0.879564523697   -0.44414332509
-0.564847350121   0.456632226706   0.687338709831
-0.626614928246   0.530575275421   -0.570827126503
-0.0304480101913   -0.748567819595   -0.662358760834
-0.778734028339   -0.397663354874   0.485218703747
-0.593959748745   -0.375082999468   0.711705386639
-0.509461402893   0.860035181046   0.0280804336071
-0.622624158859   -0.345907777548   -0.701916635036
0.56608068943   0.488603532314   -0.663942217827
0.0340154282749   -0.818572044373   -0.573395848274
-0.823647737503   0.302004039288   -0.479997873306
0.927772045135   0.356106519699   0.111477248371
0.339157998562   -0.929327309132   0.146022588015
0.155598446727   -0.0976672694087   -0.982980251312
0.68300229311   0.730374515057   -0.00780387409031
0.303642958403   -0.274199008942   0.912477850914
0.66431081295   -0.625594079494   -0.409051626921
0.208942711353   -0.165267199278   -0.963861882687
0.795657813549   0.601769387722   0.0692984834313
0.568569779396   -0.781383633614   0.257231473923
-0.311994403601   0.27996006608   -0.907899677753
-0.255431652069   0.895698904991   0.363975405693
0.915103375912   0.345464587212   -0.207942381501
-0.16477240622   0.0699251890182   -0.983849823475
-0.0414388217032   -0.997093915939   -0.0639264285564
-0.985460758209   0.030236268416   0.167191177607
0.550880610943   -0.833993732929   -0.0313842408359
0.295532047749   0.159764647484   0.941878974438
-0.780507147312   -0.528137922287   0.334483146667
0.17426264286   0.879898130894   -0.442054063082
0.392247438431   0.349740356207   0.850778222084
0.903202354908   -0.321653425694   -0.284191131592
-0.464531242847   -0.637262165546   0.6149045825
0.200803428888   -0.752084136009   -0.627731978893
0.862489819527   -0.168126180768   0.477331012487
0.16988684237   0.449028044939   -0.877218484879
0.810130476952   0.443193763494   0.383754938841
0.561094522476   -0.775856375694   -0.288478523493
0.259567379951   0.524274706841   -0.811024546623
0.366047173738   0.723731100559   0.584998071194
0.893663406372   -0.448719650507   -0.00405230000615
0.281516253948   0.250476449728   -0.926288366318
0.768557369709   -0.636830210686   0.0613744072616
-0.574515581131   -0.729183673859   -0.371783584356
0.948877215385   0.298399060965   -0.102907925844
0.234096452594   -0.883973002434   -0.404710501432
-0.211733058095   0.359930187464   -0.90863597393
0.752795994282   0.562396109104   0.342065572739
-0.0384334772825   -0.48121663928   0.875758767128
0.65713095665   -0.67241448164   -0.340643107891
0.608488917351   0.0414165146649   0.792480885983
0.334485143423   -0.918979048729   -0.208799496293
0.719625532627   0.392125248909   -0.57304173708
-0.739050030708   0.524815261364   -0.422343492508
-0.203144088387   0.424135714769   0.882519900799
0.642290890217   0.73802292347   -0.206844389439
-0.761298418045   -0.455031722784   -0.461920797825
0.402111500502   -0.890186190605   0.214184135199
-0.508656084538   -0.0226856209338   0.860670864582
0.037097863853   -0.982708096504   -0.181407094002
0.928688585758   -0.0331282690167   0.369377940893
-0.369000405073   -0.182173833251   0.911400794983
-0.632688343525   0.558423757553   0.536533653736
-0.627606213093   0.036135237664   -0.77769190073
-0.453669428825   -0.82876843214   0.327607870102
0.989793539047   -0.140892013907   0.0214048046619
0.0010569805745   -0.142937898636   -0.98973107338
0.142504766583   0.979652106762   -0.141330093145
-0.476751148701   -0.878379106522   0.0340366847813
-0.851012527943   0.451505810022   -0.268179416656
0.220195442438   -0.156820490956   -0.962767541409
0.105045109987   -0.98259562254   -0.153203591704
-0.064158834517   0.147038802505   -0.987047731876
0.992395699024   0.11351390183   -0.0475964806974
0.346207916737   -0.285735666752   0.893585562706
-0.852708816528   0.301322788   0.426722675562
-0.39118757844   -0.909703075886   -0.139328971505
0.373631834984   0.257692307234   -0.891063392162
0.441761881113   0.795259475708   0.415221363306
0.815625965595   -0.548777759075   0.183295622468
-0.427992254496   0.218186661601   0.877050280571
-0.895695567131   -0.231925964355   -0.379393994808
0.120632022619   -0.947947740555   0.294691354036
-0.76916462183   0.628713846207   0.114475600421
-0.624218702316   -0.777529895306   0.0761461779475
0.13688236475   -0.0128888646141   0.990503430367
-0.582490324974   -0.756817758083   -0.29653313756
0.777535498142   -0.62513589859   0.0681442841887
-0.236946299672   -0.190871655941   0.952588319778
0.0351017192006   -0.739333868027   0.672423481941
0.860439777374   -0.319884985685   -0.39663207531
0.508341729641   0.592502355576   0.624923706055
0.989988446236   0.137450933456   0.0320945456624
-0.0616679228842   0.216665968299   0.974296092987
0.126964122057   -0.966521143913   0.222973123193
-0.762941598892   0.110539384186   -0.636946737766
0.0313582792878   0.990440964699   0.134325519204
0.645706415176   0.0825089737773   -0.759114980698
0.738864898682   -0.555254220963   -0.381800234318
-0.417474031448   -0.821944355965   0.38745701313
-0.528955698013   -0.126886710525   -0.839110016823
0.092243924737   0.926093459129   -0.365844190121
0.884079694748   0.0928750783205   0.458014577627
0.458142101765   -0.365684479475   -0.810173213482
-0.415214806795   0.847438395023   -0.330824434757
0.905893683434   0.418491452932   -0.0649733021855
0.0833863243461   -0.326669633389   -0.941452980042
-0.962497830391   0.25955876708   -0.0789124369621
0.175718978047   0.374854832888   -0.910278379917
-0.206690013409   -0.890007376671   -0.406406342983
0.598654687405   0.73227930069   -0.324622243643
-0.798855483532   0.516133546829   -0.308927237988
-0.058672580868   0.444267004728   0.893971145153
-0.644603610039   0.175365954638   -0.744132339954
-0.366862982512   0.782998263836   0.502319872379
0.670744121075   0.596791803837   -0.440388262272
-0.792661011219   0.475178331137   -0.381960868835
0.433504104614   -0.00122589885723   -0.901150763035
-0.428675562143   -0.879888653755   -0.205020040274
-0.972923755646   -0.146187350154   0.179021164775
0.193022683263   -0.087886184454   0.977250337601
-0.127128154039   0.985345244408   0.113724038005
-0.574867963791   0.521975636482   0.630133509636
0.695310115814   0.717601537704   0.0398979261518
-0.431359052658   0.461074262857   -0.77546107769
0.93363904953   0.358211904764   0.0015269627329
-0.345421403646   0.901414692402   -0.261028051376
-0.09487978369   0.243178531528   0.965330004692
0.997741281986   -0.0664462447166   -0.00986261293292
0.0163008701056   0.381926596165   -0.924048900604
0.0651663690805   0.921800911427   0.382147043943
-0.852482795715   -0.410288840532   0.323938459158
-0.511113226414   0.524126946926   -0.681215286255
0.109710164368   -0.746293544769   -0.656513273716
-0.345195710659   -0.797655403614   0.494556128979
-0.458788603544   -0.316280007362   -0.830349326134
0.818750858307   -0.513529717922   -0.256776720285
0.440625727177   0.302712380886   -0.845111906528
0.325746357441   0.823343098164   0.464753091335
0.836503624916   -0.480074286461   0.264178723097
0.156869843602   -0.411762475967   0.897687852383
-0.960387051105   -0.275573730469   0.0414228998125
0.230322793126   -0.868625819683   -0.438680559397
0.0430046282709   -0.597930669785   -0.800393342972
0.998150408268   0.0601701699197   0.00868010334671
0.0429697036743   -0.799286186695   0.599412322044
-0.996355891228   0.0108038587496   -0.0846064612269
0.0845570489764   -0.00495238509029   -0.996406316757
-0.011184037663   -0.999929368496   0.00402079569176
-0.570216178894   -0.130995467305   0.810983121395
0.334929972887   0.864356994629   0.375111818314
-0.750116944313   0.485517382622   -0.448996067047
-0.831927418709   0.546282291412   0.0973261892796
0.00498399790376   -0.168035387993   0.985768377781
0.554862082005   0.820572793484   0.137070581317
-0.930401206017   -0.0155841996893   0.366211295128
0.267328381538   0.654699623585   0.707038879395
-0.250777035952   0.7557284832   -0.604967236519
-0.577954769135   0.168307542801   -0.798524141312
0.525911927223   -0.671394050121   -0.522155761719
-0.624007105827   -0.721735835075   0.299520432949
0.296792417765   -0.106789954007   0.948952138424
0.722437381744   -0.624753892422   -0.29625454545
0.624498546124   0.773484647274   -0.108273163438
-0.249838009477   -0.810404777527   -0.529929339886
-0.213501751423   0.579920947552   -0.786198914051
0.944456458092   -0.08328153193   -0.317909121513
0.949426591396   -0.117453143001   0.291193991899
-0.229441106319   0.373588204384   0.89877063036
-0.21435007453   -0.920128583908   0.327746003866
0.999987483025   -0.00269934185781   0.00421948637813
0.00271098548546   0.999992549419   -0.00275620725006
-0.00421201484278   0.00276761176065   0.999987304211
0.895358562469   -0.404808610678   -0.18564222753
-0.270293623209   -0.825248539448   0.495889335871
-0.353941261768   -0.393820852041   -0.848310530186
0.864676892757   -0.502314209938   0.00378694175743
0.502294659615   0.864681601524   0.00508329551667
-0.00582791026682   -0.00249324738979   0.999979913235
