-0.5139118433   -0.775693118572   -0.366326063871
-0.0676785409451   0.462362378836   -0.884104430676
0.855169117451   -0.429559320211   -0.290111273527
-0.146223559976   -0.860874116421   0.487354546785
0.710769951344   0.25122833252   0.657031476498
-0.688058674335   0.44247046113   0.575147926807
0.778208076954   0.21720020473   -0.589250564575
0.254003375769   0.749256432056   0.611634790897
0.574346959591   -0.625650763512   0.527907848358
0.947530686855   -0.192822024226   0.254961401224
0.0927606076002   0.929123878479   0.357944488525
-0.30591031909   -0.315513014793   0.89825963974
-0.609281361103   0.729988276958   -0.309666484594
0.395200014114   -0.0590179227293   -0.916697263718
-0.687454104424   -0.680906772614   -0.252532869577
0.595475316048   -0.6859562397   0.418178409338
0.535755336285   0.726950109005   0.429545998573
-0.598644554615   -0.031742721796   0.800385594368
0.22907936573   -0.948628664017   -0.218234539032
-0.816866755486   -0.0654165521264   -0.573105037212
0.529387712479   0.309555083513   -0.789888799191
0.947555541992   -0.19785822928   0.250979393721
-0.114823125303   -0.943642914295   -0.31040892005
0.298251867294   0.265311449766   -0.916872739792
-0.994568228722   0.0774097889662   0.0695826262236
-0.100166417658   -0.53006953001   -0.842017233372
-0.0282967425883   -0.844413399696   0.534944176674
-0.986517012119   0.0779959633946   -0.143877789378
0.0689086914063   0.995363593102   0.0671037957072
0.148444548249   0.0562846064568   -0.987317681313
-0.888254463673   -0.219049796462   -0.403758853674
-0.458640635014   0.374034404755   0.806068837643
-0.0255495142192   0.901174485683   -0.432702869177
0.891970217228   0.0297772102058   -0.451112419367
-0.448379933834   0.185909554362   -0.874295771122
0.0578320212662   0.98211556673   0.179177299142
0.194309905171   0.684365272522   0.702771544456
-0.374115765095   0.71397793293   -0.591838598251
-0.906797170639   -0.147917807102   0.394764810801
-0.444568812847   0.802607595921   0.397717952728
0.86451113224   0.268227338791   0.42505839467
0.234476283193   0.532799303532   -0.813108682632
-0.838815867901   0.523247182369   0.150334000587
-0.489699333906   -0.845827460289   0.21159042418
0.237870708108   0.103866949677   0.96572726965
-0.0173271950334   0.594003617764   -0.804275751114
0.512894868851   0.695778846741   0.502822756767
0.858276546001   -0.403796374798   -0.316717296839
0.736261308193   -0.676230013371   0.0251449979842
0.664836704731   0.715930581093   -0.213156223297
0.12614056468   0.173656001687   0.976694524288
-0.220090925694   -0.918575823307   0.328296214342
-0.960371911526   0.263043701649   0.0921620577574
-0.171014085412   -0.295002430677   -0.940067946911
0.115098834038   0.923693776131   0.36543405056
0.86571007967   -0.273679405451   0.41910097003
0.4871327281   0.268121898174   -0.83115118742
0.919789493084   -0.0105973929167   -0.392269015312
-0.0547225512564   -0.993331611156   -0.101477555931
-0.388577818871   0.114803954959   -0.914235949516
0.813614726067   0.135337397456   0.565433323383
-0.569087743759   -0.0137403188273   0.822161972523
0.119038499892   -0.990704298019   0.0658395290375
0.210660681129   -0.664690554142   -0.716804385185
0.976228296757   0.104793213308   0.189727991819
-0.0509941726923   -0.739732921124   0.67096555233
-0.504307329655   0.349182456732   -0.789775729179
-0.845011353493   -0.0111880172044   0.534631252289
0.177847832441   0.936987936497   0.300705343485
-0.298304498196   0.866401135921   0.400454074144
-0.17470176518   -0.462030559778   0.869486689568
0.938346266747   0.189411759377   0.289187610149
0.162736102939   0.749869227409   -0.641259014606
0.642026603222   -0.573986947536   -0.508272349834
-0.749212086201   -0.328991115093   -0.574844419956
-0.221333444118   0.434563666582   -0.873021125793
-0.911480545998   -0.410471528769   0.0267635192722
-0.346719890833   0.801665484905   0.486947417259
0.944647073746   0.182803496718   0.272442251444
-4.17507617385e-05   0.830460131168   -0.557078003883
-0.328088253736   0.526230752468   0.784499406815
-0.0792801305652   -0.841221690178   -0.534846425056
-0.0314026325941   0.538376510143   -0.84211909771
0.996357619762   -0.0499677285552   -0.0690991356969
0.925062656403   -0.108011849225   0.364132612944
-0.0996484905481   0.856108486652   0.507098078728
-0.366509616375   -0.50538277626   0.781190752983
-0.960041284561   -0.269723087549   -0.0746339410543
0.263191014528   -0.960825681686   0.0868590548635
-0.0951381027699   0.0637452974916   0.993421018124
0.211480081081   -0.154845118523   0.96503841877
0.245706602931   -0.947238504887   -0.20583358407
0.945993900299   0.280646026134   -0.162275597453
-0.340495437384   -0.241086542606   0.908812463284
0.838393807411   -0.515391349792   0.177391201258
0.425627440214   0.82234364748   0.377613842487
0.638031303883   0.488559007645   -0.595169007778
0.187740504742   -0.848311841488   -0.495096474886
-0.746772766113   0.204149708152   -0.632971823215
-0.334753781557   0.093770518899   0.937628388405
0.812389075756   0.532892942429   0.236746966839
-0.477455675602   0.840970993042   -0.254566073418
0.760968863964   -0.263006210327   -0.593088626862
0.505407333374   -0.332882672548   0.796085774899
-0.406804442406   -0.90554779768   -0.120388075709
-0.99134939909   -0.0880595371127   0.0973239094019
-0.069204390049   -0.279360204935   -0.957689225674
0.111522093415   -0.956139862537   0.270849466324
0.744910597801   0.610657572746   0.268710821867
0.249645113945   -0.628634512424   0.736543238163
0.618696630001   -0.481576532125   -0.620724201202
-0.494667321444   0.393804967403   0.774739861488
-0.860204696655   -0.0947655215859   -0.50106626749
-0.123903758824   -0.914295971394   0.385630309582
0.384735107422   0.873011350632   -0.299716681242
-0.458086818457   -0.101307302713   -0.883115649223
-0.801333487034   0.477061867714   0.360938519239
0.721726059914   0.670484185219   0.171937435865
0.588645398617   -0.725218832493   0.357147365808
0.364153921604   -0.156552374363   -0.918086767197
0.62059789896   -0.776574373245   0.108584232628
-0.740961015224   -0.53547000885   0.405275940895
-0.256583303213   -0.331970095634   -0.907722890377
0.470199674368   -0.841344773769   0.266554325819
-0.811334252357   -0.29320037365   0.505737364292
-0.347345679998   -0.454062193632   -0.820474565029
0.647555530071   -0.698158860207   -0.305362164974
0.021464060992   -0.383857786655   0.92314273119
-0.761715888977   -0.604340493679   -0.233583912253
-0.162477105856   -0.566733777523   -0.807721495628
0.352065950632   0.731419324875   -0.584016501904
0.92176502943   -0.379260540009   0.0806887745857
0.886332988739   0.456469297409   0.0777793452144
0.32323345542   -0.489643126726   -0.809796094894
-0.331562936306   0.742889881134   -0.581533014774
-0.230538025498   0.795742928982   0.560040533543
0.628014147282   0.561301887035   -0.539016187191
-0.743270099163   0.227449640632   -0.629139244556
0.113763324916   -0.0739005357027   0.990755558014
0.880542457104   -0.454335600138   -0.134997040033
0.460111886263   0.887760043144   0.0133858285844
0.0709222555161   -0.682085812092   -0.727824807167
0.966800272465   0.226585254073   -0.118136845529
0.245493844151   -0.695282697678   0.675510704517
0.14021217823   -0.516534149647   -0.844708800316
0.984290540218   -0.0197362098843   0.175449743867
-0.10729713738   -0.856039106846   0.505652427673
-0.400763571262   0.34747248888   0.847733139992
0.528700232506   0.843390643597   -0.0957509577274
-0.748241007328   0.409823209047   -0.521709024906
-0.119721725583   -0.992727458477   0.0126039395109
-0.962559103966   0.119174607098   0.243469506502
-0.243200942874   0.0170165542513   -0.969826638699
0.465149700642   0.184037879109   -0.865890204906
-0.235510066152   0.968626379967   0.079359382391
0.853329241276   0.167011857033   0.493899047375
-0.811633884907   -0.376613855362   -0.44655624032
-0.368738800287   -0.26260098815   0.891668319702
-0.453080743551   0.888370811939   0.0742637142539
-0.70046132803   -0.14326287806   -0.699163556099
-0.326082974672   -0.807170808315   0.492082476616
-0.634841561317   0.572670102119   0.51867634058
0.0583535134792   -0.324981659651   -0.943918287754
0.670137047768   -0.688077509403   0.278326451778
-0.739939987659   -0.648795962334   0.177630513906
-0.901070415974   0.417892038822   0.115923881531
-0.433591723442   -0.862950861454   -0.259449571371
-0.00838528946042   -0.284045964479   0.958773970604
0.490541189909   -0.866106331348   0.0960685312748
-0.534929692745   -0.212260603905   0.817799270153
-0.687909603119   -0.452554166317   -0.567428529263
-0.591478765011   -0.186550915241   -0.784443497658
-0.438503086567   -0.742004275322   0.507094323635
-0.676659345627   0.643916428089   0.357076644897
-0.337258070707   -0.891613662243   -0.302129238844
0.938724279404   -0.34274071455   -0.036408379674
-0.0710897892714   -0.295895069838   0.952571451664
0.645092308521   0.359587162733   -0.674205422401
-0.543478727341   -0.404300421476   -0.735643982887
-0.537109673023   0.840974569321   -0.0653831213713
0.762807309628   -0.58174932003   0.282299041748
-0.517491698265   -0.810993492603   -0.272932082415
0.387720763683   0.0621071718633   -0.919682204723
-0.689641654491   -0.348956674337   -0.634526312351
-0.627910733223   -0.148322761059   0.764021277428
-0.360725015402   0.925326764584   -0.11682408303
-0.896691799164   0.194783270359   0.397496312857
0.0963845252991   -0.790520250797   0.604803919792
0.432034552097   0.58063519001   0.690078914165
0.569423735142   0.143671736121   0.809391796589
-0.386954158545   -0.821855723858   0.418114334345
0.725274503231   -0.551281750202   -0.412389785051
-0.446167290211   -0.466771036386   0.763583362103
0.403328388929   -0.866528213024   -0.294032514095
0.798912346363   0.176787152886   0.574878513813
0.806605875492   0.134179159999   0.575658738613
0.170799151063   0.879441440105   -0.444308936596
-0.56587511301   0.456704199314   0.686444938183
-0.627550601959   0.530586957932   -0.569787442684
-0.0309867709875   -0.748273968697   -0.662665724754
-0.777958929539   -0.398200422525   0.486020952463
-0.594880759716   -0.372896254063   0.712085127831
-0.508591294289   0.860621452332   0.0257993265986
-0.622456252575   -0.346812814474   -0.701618909836
0.566204965115   0.489555329084   -0.66313457489
0.032906409353   -0.817300677299   -0.575271070004
-0.823607385159   0.303899943829   -0.478869229555
0.927615582943   0.35662573576   0.111118651927
0.339738488197   -0.929139792919   0.145866259933
0.155264422297   -0.0975565314293   -0.983044087887
0.68287140131   0.730488300323   -0.00856815557927
0.303747713566   -0.273242175579   0.912729978561
0.664397418499   -0.625879764557   -0.408473461866
0.210252404213   -0.16611301899   -0.963431596756
0.795413374901   0.602036416531   0.0697833448648
0.568428993225   -0.780998468399   0.258708119392
-0.311070919037   0.279447823763   -0.908374249935
-0.256437540054   0.895663738251   0.363354146481
0.915136396885   0.345970183611   -0.206954047084
-0.16425383091   0.0692951232195   -0.983981132507
-0.0391969420016   -0.997200131416   -0.063682988286
-0.985639035702   0.0281088780612   0.166510090232
0.550231635571   -0.834349691868   -0.0332527607679
0.298041403294   0.15903878212   0.941210925579
-0.780010521412   -0.527794718742   0.336178928614
0.174968317151   0.880327761173   -0.440918445587
0.391946673393   0.348534673452   0.851411402225
0.903196513653   -0.321786522865   -0.284059017897
-0.464230835438   -0.637885391712   0.614485085011
0.200365081429   -0.751421511173   -0.628664851189
0.862753450871   -0.168724268675   0.476643025875
0.170199587941   0.449596196413   -0.87686675787
0.809095978737   0.444183588028   0.384791702032
0.562490701675   -0.774960756302   -0.288166612387
0.259203106165   0.52486038208   -0.810762166977
0.364542514086   0.724194169044   0.585364460945
0.894383847713   -0.447285592556   -0.00362055213191
0.281545251608   0.250925213099   -0.926158070564
0.768517017365   -0.636908650398   0.0610650256276
-0.574555397034   -0.728960812092   -0.372158914804
0.94895786047   0.298144459724   -0.102902002633
0.234159037471   -0.884540915489   -0.40343144536
-0.211301878095   0.358743995428   -0.909205317497
0.752195894718   0.56309825182   0.342230498791
-0.0386979542673   -0.480719536543   0.876020073891
0.657802283764   -0.672182321548   -0.339804500341
0.608844101429   0.0400628484786   0.792277634144
0.334629118443   -0.918490767479   -0.210708454251
0.719258129597   0.393407762051   -0.57262390852
-0.739761948586   0.525104701519   -0.420734196901
-0.201557770371   0.423638999462   0.883121967316
0.641970932484   0.738102316856   -0.207553088665
-0.761509895325   -0.455072402954   -0.461531966925
0.402489513159   -0.890154778957   0.213604032993
-0.508040189743   -0.0231001935899   0.861023545265
0.0375848598778   -0.982536613941   -0.182233795524
0.928657472134   -0.033002320677   0.369467437267
-0.369029432535   -0.183119148016   0.911199569702
-0.632410347462   0.558641374111   0.536634862423
-0.628458440304   0.0349980778992   -0.777055442333
-0.452876478434   -0.828670620918   0.328949719667
0.989818513393   -0.140797927976   0.0208631511778
0.00074255024083   -0.141467526555   -0.989942610264
0.142333328724   0.979879021645   -0.139922618866
-0.477859854698   -0.877717018127   0.0355359129608
-0.851022541523   0.452540874481   -0.266397058964
0.217739775777   -0.157542318106   -0.963208079338
0.104026407003   -0.982771992683   -0.15276671946
-0.0644159764051   0.146620005369   -0.987093269825
0.992486298084   0.112524390221   -0.0480538681149
0.346774995327   -0.28699323535   0.89296245575
-0.852433502674   0.30073094368   0.427689135075
-0.391285330057   -0.909503042698   -0.140356689692
0.375355869532   0.256114274263   -0.890793740749
0.442166984081   0.795180559158   0.414941251278
0.814614236355   -0.549630224705   0.18523041904
-0.428405463696   0.216526255012   0.877260029316
-0.895309090614   -0.232830226421   -0.379752218723
0.122026316822   -0.948106765747   0.293603658676
-0.768904805183   0.629051089287   0.114368207753
-0.624503672123   -0.777262270451   0.0765407606959
0.137042149901   -0.0125708086416   0.990485429764
-0.582367479801   -0.756868124008   -0.296645849943
0.777130126953   -0.625425696373   0.0700817853212
-0.238572612405   -0.189719080925   0.952412605286
0.0357283987105   -0.738480746746   0.673327326775
0.860075712204   -0.32038167119   -0.397020608187
0.508913815022   0.593297421932   0.623702585697
0.990083634853   0.136564925313   0.032929699868
-0.0624076090753   0.217579513788   0.974045395851
0.125855609775   -0.966441512108   0.223944604397
-0.761948823929   0.112138293684   -0.637854993343
0.0313286744058   0.99012452364   0.136645525694
0.646879017353   0.0841337442398   -0.757937371731
0.737523019314   -0.556422173977   -0.382693350315
-0.416648119688   -0.820885777473   0.390577673912
-0.531473577023   -0.128611549735   -0.837254345417
0.092873506248   0.925716876984   -0.366637051105
0.88340562582   0.093255341053   0.459236234426
0.459313631058   -0.366540133953   -0.809122562408
-0.415232241154   0.847312271595   -0.331125557423
0.90579521656   0.418837100267   -0.0641133412719
0.0843636542559   -0.326553881168   -0.941406071186
-0.962730288506   0.258937776089   -0.0781126692891
0.17478017509   0.375224024057   -0.910306990147
-0.206403121352   -0.890032708645   -0.406496733427
0.59881657362   0.732994198799   -0.322704613209
-0.798596560955   0.516040682793   -0.309750825167
-0.0605168417096   0.443194717169   0.894380331039
-0.644895076752   0.176917776465   -0.74351221323
-0.368504732847   0.780305147171   0.505300045013
0.669562935829   0.599853277206   -0.438019931316
-0.792442560196   0.475634515285   -0.381846249104
0.432927340269   -0.00238825497217   -0.901425659657
-0.429661124945   -0.879639744759   -0.20402264595
-0.972646832466   -0.145679578185   0.180929705501
0.194799900055   -0.0872564762831   0.976954102516
-0.126534983516   0.985476434231   0.113248102367
-0.575347900391   0.522274017334   0.629447877407
0.695363461971   0.717530786991   0.0402388125658
-0.430632561445   0.4608463943   -0.776000142097
0.933602929115   0.358302801847   0.00214985082857
-0.345357507467   0.901438593864   -0.261030048132
-0.0954657569528   0.242955952883   0.965328276157
0.997786581516   -0.0655694007874   -0.0110717564821
0.0148768629879   0.382387727499   -0.923882186413
0.0648121014237   0.921672523022   0.382516801357
-0.852566719055   -0.410470813513   0.323486745358
-0.511081159115   0.525493383408   -0.68018579483
0.1092062518   -0.745231747627   -0.65780210495
-0.345544487238   -0.797873318195   0.493960678577
-0.45752415061   -0.316338896751   -0.831024289131
0.819311082363   -0.513154804707   -0.255737155676
0.441161096096   0.301401436329   -0.845301151276
0.328133165836   0.822520375252   0.46453076601
0.835287690163   -0.482304245234   0.263964176178
0.157523855567   -0.411468237638   0.897708296776
-0.959924757481   -0.277184277773   0.0413926467299
0.23179885745   -0.868252694607   -0.438641667366
0.0451920181513   -0.597002029419   -0.800965845585
0.998092055321   0.0607489384711   0.0110348733142
0.042069979012   -0.79993635416   0.598608374596
-0.996460556984   0.0104857869446   -0.0834051594138
0.0833571851254   -0.00493266293779   -0.996507525444
-0.010860575363   -0.99993288517   0.00404113857076
-0.572230160236   -0.129741057754   0.809765338898
0.334496796131   0.86461442709   0.374905079603
-0.748775362968   0.485395908356   -0.451360464096
-0.831721305847   0.546546697617   0.0976033359766
0.00526568759233   -0.168027162552   0.985768318176
0.555168449879   0.820398449898   0.136873826385
-0.930738985538   -0.0164697170258   0.365313142538
0.266552180052   0.653355956078   0.708573162556
-0.250349521637   0.756871700287   -0.603713810444
-0.578031241894   0.168409317732   -0.798447310925
0.525767087936   -0.671437144279   -0.52224624157
-0.624058365822   -0.721671998501   0.299567580223
0.295349597931   -0.107444137335   0.949328362942
0.72330737114   -0.62402933836   -0.295658320189
0.624175488949   0.773978769779   -0.106591679156
-0.250121593475   -0.810514569283   -0.529627561569
-0.212384000421   0.579621493816   -0.786722302437
0.944633364677   -0.0842918083072   -0.317116171122
0.949885129929   -0.117273822427   0.289767235518
-0.228096202016   0.373824447393   0.89901471138
-0.213752970099   -0.920055508614   0.32834059
0.999980151653   -0.0036119974684   0.00516005372629
0.00362923694775   0.999987840652   -0.00333548733033
-0.00514794327319   0.00335414824076   0.999981105328
0.894993245602   -0.404857903719   -0.187288925052
-0.268567413092   -0.824280679226   0.498430490494
-0.356172174215   -0.395792216063   -0.846457242966
0.864229738712   -0.50307649374   0.00458399346098
0.503046989441   0.864236295223   0.0062746219337
-0.00711826840416   -0.00311675062403   0.999969780445
