-0.513824552675   -0.774528295477   -0.368904118401
-0.0706176057768   0.466736690818   -0.881572467355
0.854983907932   -0.426922453087   -0.29451610521
-0.142768336215   -0.859690194531   0.490458939772
0.710449664296   0.256002161653   0.655533498557
-0.689114269679   0.442035816034   0.574217607417
0.775569444629   0.216538382852   -0.592961352291
0.258340462415   0.748189781385   0.611123765297
0.5759793764   -0.627154829195   0.524332507269
0.949889256002   -0.189736048533   0.248416249909
0.0919895213958   0.92919605443   0.35795617104
-0.298744588713   -0.317167029055   0.900087077118
-0.608541072949   0.733038362043   -0.303862670144
0.392479668215   -0.0547653012546   -0.918128788252
-0.689664753755   -0.67797899787   -0.254375717937
0.59491059263   -0.684463638532   0.421415370275
0.533974330982   0.728414586131   0.429282662781
-0.600793475853   -0.0303598129123   0.798827566582
0.228764336839   -0.948766760718   -0.217964474048
-0.817533044704   -0.0656850876573   -0.572123404588
0.528494653718   0.309074591346   -0.790674584122
0.947403923124   -0.198201221385   0.251280883257
-0.115613567469   -0.944086214323   -0.308763215008
0.29842806414   0.263472001865   -0.917345733498
-0.994517140092   0.076739319174   0.0710403755292
-0.101111137743   -0.532277329759   -0.84051019152
-0.0266869984643   -0.843084765084   0.537118127599
-0.985936892689   0.0750731266195   -0.149306628435
0.0645950544288   0.995176160814   0.0738369006022
0.154129564258   0.0631540545552   -0.986030244371
-0.890330382595   -0.219911584493   -0.398686223533
-0.454469354363   0.375875648622   0.807573589661
-0.0277383448297   0.900197973658   -0.434596585867
0.893474316799   0.0358405779981   -0.447681916309
-0.446107165836   0.18598302628   -0.87544200866
0.0518848900119   0.981899061464   0.182159796015
0.193688838718   0.68335296681   0.703927096018
-0.372994856121   0.714927061607   -0.591400147014
-0.907391575376   -0.148013578206   0.393360533866
-0.443647452111   0.802018819561   0.399928432729
0.863759716311   0.263672170941   0.429413715139
0.238947882841   0.535950370222   -0.809729034891
-0.839758719751   0.522300224582   0.148350153369
-0.487961140575   -0.845803361525   0.21566316079
0.238115975717   0.10871590976   0.965132961344
-0.0122498050656   0.594763749804   -0.803807205862
0.513000639996   0.693750070144   0.505510814463
0.858300813025   -0.406161202105   -0.313612487419
0.733595898718   -0.679149120033   0.0243624740797
0.667187961046   0.712933240523   -0.21583887322
0.129217963224   0.174592861586   0.976125017948
-0.215067290786   -0.919995560058   0.327649553497
-0.962242506935   0.256939573821   0.0898410443681
-0.166839498568   -0.29595645774   -0.940518132116
0.11357267659   0.922486464056   0.368944400643
0.869302220872   -0.272068416484   0.412665028249
0.481056021602   0.273856715064   -0.832819070204
0.919925045171   -0.00862768909105   -0.391999329397
-0.0543998332282   -0.992897250461   -0.10580977352
-0.388302162512   0.11866175883   -0.913860392828
0.815948778682   0.130908368624   0.563107973297
-0.566413709658   -0.0140347175274   0.824001538964
0.115771758552   -0.991295125444   0.0626966840717
0.208289759157   -0.663906751294   -0.71822225099
0.976730842677   0.10281961784   0.188215268111
-0.0511100498242   -0.740713137303   0.669874474087
-0.504280668561   0.35045562473   -0.789228650272
-0.843946531653   -0.00642739241401   0.536388795873
0.182907788316   0.93655728267   0.299007018733
-0.294479715791   0.865765549153   0.404637752672
-0.174877447435   -0.465081817015   0.867823012982
0.939520928647   0.184794256896   0.288360030607
0.161034921476   0.749479194925   -0.642143823796
0.639537363622   -0.574795413595   -0.510492108696
-0.751704539428   -0.328467911499   -0.571882082705
-0.217438875296   0.430509201304   -0.876003517746
-0.911435990319   -0.410718499814   0.0243874857697
-0.34929181362   0.803723921196   0.481687748894
0.946644504101   0.186581964454   0.262776242069
-0.00940859546374   0.831019419323   -0.556163827518
-0.322142299593   0.52401707534   0.788435440328
-0.0802302946992   -0.846412018593   -0.526450182443
-0.0260923449921   0.529755133523   -0.847749189347
0.996434789309   -0.0542788475108   -0.0645872848756
0.922554850758   -0.105488024298   0.371166841288
-0.10645043749   0.855000513476   0.507584895672
-0.370891967695   -0.507785780311   0.777555624772
-0.960948703282   -0.265615458209   -0.077627430856
0.259231896268   -0.962212228344   0.0833453752983
-0.096831883274   0.0599671242143   0.993492592018
0.20699385615   -0.156761208582   0.965701541368
0.243735935117   -0.947693579056   -0.206081717162
0.947494769088   0.278033817547   -0.157958408614
-0.335723829457   -0.242554224628   0.910196109885
0.840507906346   -0.513364331605   0.17321524877
0.425248127221   0.823179513321   0.37621738283
0.637466669172   0.491651226777   -0.59322450801
0.188775052001   -0.846140133396   -0.498408320957
-0.746994126776   0.2057327049   -0.632197618389
-0.328028834165   0.0886346857299   0.9405003862
0.81216990492   0.53493751345   0.232855968885
-0.48246982237   0.840229581239   -0.24746135317
0.76371481707   -0.265652223115   -0.588360922004
0.50075300039   -0.331411677147   0.799632873794
-0.407413930529   -0.905314970938   -0.120077860602
-0.990432940321   -0.0942312676165   0.100811997953
-0.0705593865639   -0.282008081083   -0.956813887426
0.118591583578   -0.954773224597   0.272661192503
0.74446917651   0.609999891723   0.271414401469
0.24902758709   -0.630880211859   0.734830197496
0.619476316008   -0.479468758505   -0.62157767296
-0.496649467489   0.394751469055   0.772988087956
-0.858746175501   -0.094123856574   -0.503682147476
-0.126072647729   -0.913954034568   0.38573787757
0.383815800482   0.874314925506   -0.29708389781
-0.45706539604   -0.0996700534799   -0.883830925111
-0.802356937431   0.475015043422   0.36136415633
0.72082149247   0.67115995246   0.173091577513
0.587301248012   -0.724043798513   0.361715111542
0.36809458034   -0.159075127057   -0.916079409154
0.618753686415   -0.778895210341   0.102304090121
-0.740788893608   -0.53515516982   0.406005861192
-0.26148745793   -0.327003357051   -0.908126155235
0.471635850739   -0.84179221943   0.26257472004
-0.810290495615   -0.296271112117   0.505621143586
-0.34783464033   -0.451230858244   -0.8218283127
0.646236987694   -0.697085683712   -0.310562884615
0.0278761484684   -0.385121289283   0.922444856286
-0.762627481857   -0.60477528232   -0.229447557869
-0.162359887922   -0.565334621272   -0.808724942601
0.350854256655   0.732961923512   -0.582810526045
0.922247557536   -0.378369640264   0.0793464425553
0.889929428499   0.44924211058   0.0787853944181
0.319216677245   -0.49010741125   -0.811107538127
-0.325770356633   0.746978079678   -0.579566582215
-0.230261057967   0.795445733731   0.560576426434
0.627169161421   0.561764817013   -0.539517500485
-0.744069007651   0.227346376826   -0.628231594874
0.113110890096   -0.0686116098394   0.991210559638
0.880812096409   -0.454697123013   -0.131987033995
0.459756432648   0.887999421914   0.0090027395926
0.0634464893231   -0.683652397781   -0.727044663003
0.968619778691   0.217608367002   -0.120092976229
0.240312853008   -0.696610362842   0.676005721174
0.147048512704   -0.513423171558   -0.845442713505
0.983453686806   -0.0155427805851   0.180491739089
-0.105809171716   -0.857994795368   0.502642368192
-0.398353241867   0.345010753806   0.849871916498
0.525193522113   0.84543197751   -0.097038836218
-0.751988337027   0.407691490176   -0.517977981977
-0.114814527721   -0.993297618488   0.013321611374
-0.963127447671   0.114591833447   0.243421920232
-0.243316961526   0.0151179632469   -0.96982900731
0.468062786346   0.180002100997   -0.865168464332
-0.231862112538   0.969749957904   0.0763215560255
0.852735122302   0.16487650767   0.495639534754
-0.811690276943   -0.370422081581   -0.45160422473
-0.376783760971   -0.258732226819   0.88943332087
-0.446310308849   0.892101516803   0.0704414077964
-0.701236569302   -0.141881843577   -0.698667887009
-0.328248120645   -0.805689170458   0.493070108504
-0.632866846317   0.575095212178   0.518406261307
0.0620029749556   -0.322942925261   -0.944385248784
0.671922336635   -0.686160460105   0.278754724657
-0.738021683033   -0.651837165258   0.174448575117
-0.900614695667   0.41903945769   0.115321736234
-0.434557455699   -0.863766146577   -0.255084028753
-0.00727926135037   -0.27984634521   0.960017205797
0.485898796787   -0.868537929958   0.0976945418404
-0.541931430468   -0.211696660564   0.813323335812
-0.68572055821   -0.448136573078   -0.573551155449
-0.591553603635   -0.187666459447   -0.78412093074
-0.434181719937   -0.745328808924   0.50593596498
-0.679375130616   0.63973921764   0.359420596675
-0.342398624203   -0.890860354432   -0.298548172069
0.937268853906   -0.346015208642   -0.0424331342844
-0.0655002110001   -0.294348949871   0.953450794781
0.644889738834   0.357759388703   -0.675370597925
-0.547456092595   -0.400379758344   -0.734838673308
-0.533300151348   0.843625668708   -0.0623432407646
0.760888473795   -0.582957185594   0.284973069272
-0.519049838617   -0.81036319487   -0.271843258941
0.389404668022   0.0589271767916   -0.919179847668
-0.692827924036   -0.348512968305   -0.631290882715
-0.625136104521   -0.14608695678   0.766722539048
-0.359436111848   0.92584950828   -0.116654916386
-0.896111394365   0.191155968556   0.400554321628
0.0991411497396   -0.793479539106   0.600467529054
0.432614610615   0.577797210711   0.692094633686
0.566897714087   0.14771287631   0.81043685006
-0.381427085376   -0.824919059673   0.417159350284
0.730164611786   -0.545609247686   -0.411303037352
-0.442769010019   -0.467623707153   0.765038346931
0.403890060709   -0.865783886885   -0.295450638977
0.800517596701   0.178174997457   0.572210841957
0.807305216085   0.132748705492   0.575009625373
0.170731961663   0.88016346308   -0.44290278338
-0.564897234325   0.455730248556   0.687896107855
-0.625609135527   0.527562455423   -0.574709548531
-0.0290710857563   -0.751931489067   -0.658599960311
-0.779594818811   -0.395318721258   0.485752022235
-0.590988485608   -0.380702109472   0.711195130553
-0.514363877354   0.856999720502   0.0313254007601
-0.621419674256   -0.34730013375   -0.702296380131
0.568166569045   0.488491110085   -0.662241032546
0.0410833676066   -0.820586077929   -0.570044424247
-0.821887405139   0.296673092943   -0.486298436351
0.927967940145   0.355876563623   0.110577454878
0.338512160091   -0.929054802462   0.149220278424
0.155836515407   -0.101039821289   -0.9826016156
0.6864416717   0.727138254634   -0.00823346835124
0.301003941879   -0.273814014955   0.9134673022
0.66196258076   -0.629520328394   -0.406828831096
0.210042800326   -0.163829915004   -0.963868134643
0.79479981542   0.602733201558   0.0707526759082
0.569363921793   -0.780943305682   0.25681175571
-0.312239836526   0.278566050731   -0.908244042021
-0.258840935123   0.894926393676   0.363466807572
0.91406107826   0.348579553736   -0.207327373799
-0.16747759497   0.0742796541239   -0.983073643308
-0.0393049278123   -0.996867899609   -0.0686258943762
-0.985092065663   0.0271463388416   0.169872594773
0.556417021936   -0.830279847363   -0.0321787626004
0.293251133683   0.159993936108   0.942552764042
-0.777434158173   -0.533888860598   0.33250385597
0.176731587429   0.880836339777   -0.439196184561
0.384962629057   0.348814332062   0.854477814795
0.905853034567   -0.320087338512   -0.277442562506
-0.465445171185   -0.631934069374   0.619693573135
0.194667964103   -0.756105320989   -0.624827277993
0.863403252468   -0.170188353117   0.474942889293
0.173224241817   0.452254443362   -0.874905298022
0.811902663063   0.437276198233   0.386786235757
0.557501056285   -0.777338693826   -0.291439749044
0.259629278203   0.525510156678   -0.810204735316
0.367491775462   0.72208958919   0.58611980017
0.893052312503   -0.449917437327   -0.00564506166124
0.281374835237   0.247331654712   -0.927175956695
0.769401152145   -0.63555621783   0.0639543669884
-0.573454504886   -0.731365398796   -0.369126786173
0.949389258732   0.297450130488   -0.100913107555
0.234171071801   -0.884393410326   -0.403747699564
-0.209341693257   0.359682798649   -0.909287820121
0.753828608754   0.561589431452   0.341115433695
-0.0359226575947   -0.48314525005   0.874802966402
0.656088402043   -0.671705276022   -0.344034926816
0.608084634382   0.0395017067141   0.792888827387
0.335060293603   -0.91821606674   -0.211219919588
0.71969971313   0.394105150875   -0.571588534677
-0.738376242615   0.525807118709   -0.422288288088
-0.206551495724   0.419761894581   0.883819230087
0.641978974699   0.739815399794   -0.201335963682
-0.761672117019   -0.451524121833   -0.464738155911
0.400318643227   -0.891886945382   0.21043445664
-0.509510127516   -0.025761289948   0.860078941667
0.0351777352117   -0.98284262348   -0.181060499328
0.926726406921   -0.0357357032771   0.374033589704
-0.374086478854   -0.180951200556   0.909569111919
-0.634634462177   0.55696158624   0.53575450616
-0.626107838851   0.0358308758685   -0.778912782321
-0.453021051991   -0.829764990697   0.325978506448
0.990552776949   -0.135847382882   0.0187265758207
-0.00127201544392   -0.145654983908   -0.989334628748
0.137126139209   0.979964343345   -0.144451748756
-0.473765084113   -0.880180698478   0.0287851194585
-0.851508128028   0.449502985698   -0.269964763908
0.22467877732   -0.152410642265   -0.962439838715
0.107504086764   -0.982413360222   -0.152665847475
-0.0596465466483   0.14690602886   -0.987350448502
0.992413805225   0.115250198875   -0.0428045658456
0.345199212358   -0.2886600371   0.893035770151
-0.853060988685   0.300227281277   0.426790966587
-0.391311197604   -0.909141882524   -0.142606395617
0.376378801051   0.258786247756   -0.889589048995
0.440648905539   0.794632170522   0.417598198772
0.814964747806   -0.549171550194   0.185048826775
-0.432102485708   0.219108935487   0.874802101183
-0.89392676614   -0.232162401873   -0.383399994698
0.11908979227   -0.947677104053   0.29618529307
-0.771845952953   0.625560695952   0.113699782721
-0.620817533468   -0.780102506853   0.0776251823877
0.137256748647   -0.0106721357913   0.990478011098
-0.585864820503   -0.754884433953   -0.294808248649
0.775678122228   -0.627691520014   0.0657784645595
-0.234703776693   -0.190139020397   0.953289719932
0.0341203894805   -0.740147697809   0.671578129817
0.858926505563   -0.321833415073   -0.398332161624
0.510960915397   0.590427504754   0.62475139421
0.990088456502   0.136316091399   0.0338049039007
-0.0631722912451   0.217274494361   0.974064194866
0.125435680414   -0.966545248463   0.223732368586
-0.764373695889   0.109224775815   -0.63545479885
0.0294798386941   0.990436910852   0.134780060587
0.644099209861   0.0842892280758   -0.760283850865
0.74011491924   -0.556042513977   -0.378215056507
-0.417760326839   -0.820897291775   0.38936351354
-0.526978382515   -0.130170499757   -0.839850835181
0.0870410889804   0.925323116404   -0.369054168217
0.884275106966   0.0988439333458   0.45638515756
0.458782501878   -0.366069675184   -0.809636714138
-0.410316425201   0.848613423254   -0.333909701991
0.907897105031   0.414581136485   -0.0620107083264
0.0858095442639   -0.328599663944   -0.940563120141
-0.962673635508   0.258537126806   -0.080112580542
0.177670981544   0.380319370497   -0.907628888226
-0.204187398767   -0.887984082339   -0.412057976136
0.593819420584   0.733840911612   -0.32993334506
-0.802548866406   0.510969171156   -0.307938018372
-0.0573917482596   0.447647207713   0.892366608888
-0.645299282764   0.173501038516   -0.743966548508
-0.362187828672   0.787971380369   0.497916740512
0.672613419749   0.590760944337   -0.445637402178
-0.794179978615   0.472199985608   -0.382498804127
0.435699932268   0.00369113219997   -0.900084409689
-0.423607991649   -0.881483720289   -0.208668925038
-0.973508900639   -0.146284458523   0.175730696158
0.190136364056   -0.0910409959907   0.977527339829
-0.126998359994   0.985044361561   0.116443214981
-0.573987778743   0.520909891499   0.631815570236
0.693697035431   0.71930761958   0.0371614241946
-0.435112000395   0.45961879134   -0.774227430255
0.932767819896   0.360455962435   -0.00396147854009
-0.349397022592   0.901337115777   -0.255955317052
-0.0886899925067   0.240131011884   0.966680496524
0.997729454555   -0.0662523183551   -0.0121064373534
0.0140814453306   0.380990889873   -0.924471554312
0.065860826067   0.9222020235   0.381058761142
-0.852746475343   -0.407516284997   0.326732193474
-0.510898975621   0.520632556003   -0.684049689963
0.10865397139   -0.750248105024   -0.652167229634
-0.341802351995   -0.797284076344   0.497503018864
-0.454674706088   -0.323008503303   -0.830021938528
0.822460980116   -0.509905489677   -0.252099836937
0.439181884556   0.303577236613   -0.845553152491
0.324017540411   0.824310817129   0.464245958808
0.83793311534   -0.477862467844   0.263658028594
0.156233313538   -0.410035536495   0.898588899638
-0.960797605956   -0.274051530612   0.0419966541443
0.229039542723   -0.869923339945   -0.436777140529
0.0382157604141   -0.598273737707   -0.800379966283
0.998112171585   0.0613919370509   0.00176720061818
0.0480796067877   -0.798936521155   0.599490439103
-0.996004123118   0.0161148282353   -0.0878413287841
0.0877346541802   -0.00721267776024   -0.996117768005
-0.0166858379321   -0.999844132648   0.00577002790552
-0.568722008278   -0.13394204199   0.811550865127
0.336049180142   0.862713482984   0.377884102343
-0.750750441776   0.48763200845   -0.445633031214
-0.831036342337   0.547911150402   0.0957703972063
0.00241932953206   -0.168619043605   0.985678327335
0.556212859039   0.81936621202   0.138802975619
-0.930821200194   -0.0132269854963   0.36523545847
0.267115962438   0.65744431843   0.70456797456
-0.249441287441   0.753387028704   -0.608429970581
-0.579157397696   0.168091184231   -0.79769797698
0.52838508764   -0.667744780673   -0.524333965182
-0.620794577822   -0.725163610275   0.297912454388
0.30071565849   -0.1060097988   0.947803785231
0.722455653165   -0.623447777188   -0.298949324015
0.622597720803   0.774644945557   -0.110893130417
-0.246532161969   -0.811745445237   -0.529425372694
-0.220676472634   0.578955758898   -0.784928100952
0.943675679214   -0.0766782979485   -0.321864336457
0.948505960868   -0.120113781778   0.293102578673
-0.230085148037   0.374717501379   0.898135634976
-0.217709133595   -0.919325553646   0.327785386438
0.999937617371   -0.0009628504936   0.011128085413
0.00107736890893   0.999946481021   -0.0102895271516
-0.011117582573   0.0103008743171   0.999885139077
0.894926416863   -0.404821491198   -0.187686623564
-0.269670932331   -0.825795968196   0.495316673621
-0.355505691455   -0.392658349174   -0.848195215836
0.863208001952   -0.50482071298   0.00529085175728
0.504804159244   0.86322369073   0.00419768651816
-0.00668626768199   -0.000952632619144   0.999977192898
