-0.513910591602   -0.775907158852   -0.365874230862
-0.0675559490919   0.461785256863   -0.884415388107
0.855179548264   -0.429793447256   -0.289733469486
-0.146766752005   -0.860816478729   0.487293064594
0.710665047169   0.250902354717   0.657269477844
-0.688051342964   0.442767471075   0.574928045273
0.778715074062   0.217145368457   -0.588600635529
0.253724187613   0.74904358387   0.612011253834
0.573782920837   -0.625924646854   0.528196513653
0.947385728359   -0.192548319697   0.255705744028
0.0921119824052   0.929048657417   0.358307093382
-0.306554496288   -0.315901488066   0.897903442383
-0.609287858009   0.729953289032   -0.309736222029
0.394377946854   -0.0599164776504   -0.91699296236
-0.687920331955   -0.680865764618   -0.251371115446
0.595165908337   -0.686260521412   0.418119609356
0.535887122154   0.726661264896   0.429870218039
-0.598834276199   -0.0317791774869   0.800242185593
0.229100108147   -0.948607861996   -0.218303188682
-0.816651463509   -0.0652678832412   -0.573428690434
0.529710769653   0.309650212526   -0.789634883404
0.94756257534   -0.19799131155   0.250847667456
-0.114914730191   -0.943551957607   -0.310651451349
0.298194080591   0.265535593033   -0.916826665401
-0.994614243507   0.0772001370788   0.0691564828157
-0.0996969863772   -0.530182421207   -0.842001855373
-0.0283371116966   -0.844361722469   0.535023570061
-0.986568212509   0.0780054032803   -0.143521234393
0.0690520554781   0.995404303074   0.0663480088115
0.148037165403   0.0555464029312   -0.987420678139
-0.888073146343   -0.219057694077   -0.404153138399
-0.458995997906   0.37382504344   0.805963695049
-0.0254699848592   0.901259422302   -0.432530611753
0.891766369343   0.0293044820428   -0.451546281576
-0.448694735765   0.186345994473   -0.874041318893
0.0585305094719   0.982047080994   0.179325848818
0.194512799382   0.684255540371   0.702822268009
-0.373943209648   0.714126288891   -0.591768622398
-0.906824827194   -0.147709026933   0.394779413939
-0.444763869047   0.802481293678   0.397754818201
0.86444991827   0.268427163363   0.425056636333
0.234331801534   0.532888948917   -0.813091635704
-0.838733375072   0.523466110229   0.150031909347
-0.490132838488   -0.845759153366   0.210858374834
0.237268075347   0.10331838578   0.965934336185
-0.017431344837   0.593659937382   -0.80452722311
0.51264333725   0.696142554283   0.502575755119
0.858424723148   -0.403674930334   -0.316470503807
0.73643553257   -0.676012694836   0.025874985382
0.664758980274   0.716019272804   -0.213100671768
0.12553177774   0.174135535955   0.976687550545
-0.2201680094   -0.91858124733   0.328229397535
-0.960260212421   0.263271808624   0.0926729142666
-0.171541139483   -0.294782012701   -0.940041065216
0.114878803492   0.923797369003   0.365241378546
0.865455329418   -0.27356171608   0.419703572989
0.487637102604   0.267885029316   -0.830931782722
0.920029997826   -0.0104518663138   -0.391708552837
-0.0544846914709   -0.993345856667   -0.101466327906
-0.388041555882   0.114694185555   -0.914477407932
0.813440918922   0.135942995548   0.565538167953
-0.569242537022   -0.0136739909649   0.82205593586
0.119485907257   -0.990622282028   0.0662615448236
0.210649952292   -0.664953947067   -0.716563224792
0.976239681244   0.104986771941   0.189562439919
-0.0508206374943   -0.739468753338   0.671269893646
-0.504164516926   0.349546074867   -0.789706110954
-0.844967663288   -0.010695588775   0.534710466862
0.178459569812   0.93685811758   0.300747483969
-0.298228740692   0.866626024246   0.400023639202
-0.174586027861   -0.461551785469   0.869764149189
0.9383918643   0.189550131559   0.28894880414
0.1628934443   0.750085413456   -0.640966117382
0.642008662224   -0.57387816906   -0.508417904377
-0.749193310738   -0.328687846661   -0.575042307377
-0.221126884222   0.435062080622   -0.872825205326
-0.911627233028   -0.410162091255   0.0265108384192
-0.346465945244   0.801553547382   0.487312316895
0.94434428215   0.182473778725   0.273710012436
0.000978915137239   0.830487191677   -0.557036876678
-0.328957259655   0.526302576065   0.784087181091
-0.0789457038045   -0.840977668762   -0.535279512405
-0.0316744670272   0.538800418377   -0.841837763786
0.99637556076   -0.0495047830045   -0.0691734999418
0.92520570755   -0.108220212162   0.36370703578
-0.0991921052337   0.85617262125   0.50707924366
-0.366272240877   -0.505229473114   0.781401216984
-0.959938287735   -0.269909620285   -0.0752811282873
0.263246029615   -0.960725724697   0.0877932235599
-0.0960207507014   0.0644586160779   0.993290066719
0.211753442883   -0.154442414641   0.965043008327
0.245844140649   -0.947266221046   -0.205541551113
0.945896983147   0.28077429533   -0.162618115544
-0.340691268444   -0.241010203958   0.908759355545
0.838446140289   -0.51520127058   0.177695572376
0.425367534161   0.822485089302   0.377598643303
0.637898743153   0.488434791565   -0.595413029194
0.187538638711   -0.848390102386   -0.495038866997
-0.746936678886   0.204121723771   -0.632787406445
-0.335270404816   0.0942286849022   0.937397837639
0.812327027321   0.532888054848   0.236970737576
-0.477198660374   0.840922892094   -0.255206078291
0.760695159435   -0.263064563274   -0.593413770199
0.505562663078   -0.333275675774   0.795822679996
-0.407123088837   -0.905386328697   -0.120525591075
-0.991422593594   -0.0874451696873   0.0971315950155
-0.0692359507084   -0.278935730457   -0.957810640335
0.110849387944   -0.956320106983   0.270488858223
0.74489736557   0.610603034496   0.268871545792
0.249809727073   -0.628940403461   0.736226260662
0.618646144867   -0.481246232986   -0.621030569077
-0.494745105505   0.393639355898   0.774774372578
-0.860168337822   -0.0947613492608   -0.501129448414
-0.123845614493   -0.914367735386   0.385478824377
0.384644389153   0.872904360294   -0.300144374371
-0.457878172398   -0.101905494928   -0.883155047894
-0.801496267319   0.477130204439   0.360486477613
0.721978247166   0.670245528221   0.171809181571
0.588430643082   -0.725396871567   0.357139706612
0.364001125097   -0.15674932301   -0.918113708496
0.620488584042   -0.776635169983   0.108773477376
-0.741102457047   -0.535352468491   0.405172646046
-0.256439179182   -0.332017302513   -0.907746374607
0.470048218966   -0.841383218765   0.266700029373
-0.811427175999   -0.293019205332   0.50569331646
-0.34733363986   -0.454107880592   -0.820454359055
0.647519946098   -0.698293626308   -0.305129289627
0.0210523568094   -0.383862048388   0.923150420189
-0.761757612228   -0.604182004929   -0.233857616782
-0.162599474192   -0.566877365112   -0.807596087456
0.352036714554   0.731291115284   -0.584194719791
0.921754598618   -0.379293233156   0.0806540995836
0.886176288128   0.456765413284   0.0778266116977
0.323466032743   -0.489592880011   -0.809733629227
-0.331754952669   0.742740988731   -0.581613659859
-0.230745464563   0.795861124992   0.559787094593
0.628128290176   0.561214327812   -0.53897434473
-0.743109226227   0.227252244949   -0.629400551319
0.114029690623   -0.0738365128636   0.990729749203
0.880468070507   -0.454417675734   -0.135205507278
0.460188210011   0.887723326683   0.0131935896352
0.0711392015219   -0.682221591473   -0.727676391602
0.96669369936   0.226964458823   -0.118280932307
0.245850473642   -0.695025742054   0.675645411015
0.139655858278   -0.516630113125   -0.844742298126
0.984405815601   -0.0197169594467   0.174804091454
-0.106964796782   -0.855981647968   0.505820035934
-0.400486648083   0.347407400608   0.847890615463
0.529175281525   0.843120455742   -0.0955060049891
-0.748053431511   0.410433918238   -0.521497905254
-0.119973674417   -0.992704987526   0.0119658736512
-0.962395966053   0.119252711535   0.244075328112
-0.243721753359   0.0177667047828   -0.969682455063
0.465164363384   0.183766633272   -0.86593991518
-0.235861033201   0.968582630157   0.0788496136665
0.853224277496   0.167563453317   0.493893504143
-0.811681866646   -0.377177774906   -0.445992708206
-0.367999225855   -0.26273521781   0.891934275627
-0.453595757484   0.888091862202   0.0744562745094
-0.700608968735   -0.143283560872   -0.699011325836
-0.325757682323   -0.807355880737   0.491994291544
-0.634845614433   0.572403967381   0.518965065479
0.0582449473441   -0.324933797121   -0.943941473961
0.669910490513   -0.688318312168   0.278276562691
-0.740153670311   -0.648564517498   0.177585497499
-0.90110039711   0.417732924223   0.116263695061
-0.433531105518   -0.862816333771   -0.259997546673
-0.00829531159252   -0.284687817097   0.958584368229
0.490654796362   -0.866069436073   0.0958203971386
-0.534526884556   -0.212318480015   0.818047583103
-0.688141584396   -0.452597558498   -0.567112505436
-0.591718912125   -0.186178252101   -0.784350931644
-0.43894302845   -0.741678416729   0.507190406322
-0.676164031029   0.644399523735   0.357143521309
-0.336830258369   -0.891819179058   -0.301999866962
0.938885867596   -0.342306822538   -0.0363224558532
-0.0709835588932   -0.295777916908   0.952615737915
0.645039021969   0.359780579805   -0.674153268337
-0.543119847775   -0.404741883278   -0.73566621542
-0.537536501884   0.840679466724   -0.0656703338027
0.762859404087   -0.581592440605   0.282481461763
-0.517214357853   -0.811092615128   -0.273163050413
0.387988209724   0.0622815340757   -0.919557571411
-0.689460396767   -0.349252820015   -0.634560346603
-0.628130197525   -0.147963017225   0.763910591602
-0.360689401627   0.925272643566   -0.117361590266
-0.896711111069   0.194875195622   0.397407621145
0.0963838100433   -0.790341734886   0.605037271976
0.431994587183   0.580847322941   0.689925432205
0.569743871689   0.143341496587   0.809225022793
-0.387288242579   -0.82164645195   0.418216347694
0.724844634533   -0.551679551601   -0.412613540888
-0.446338474751   -0.466726452112   0.763510584831
0.40348482132   -0.866525292397   -0.293826311827
0.798737764359   0.176918938756   0.575080633163
0.806353211403   0.134346053004   0.575973689556
0.170877546072   0.879406690598   -0.444347530603
-0.566211462021   0.456722021103   0.686155676842
-0.627848923206   0.530606865883   -0.569440186024
-0.0311723891646   -0.748168110847   -0.662776529789
-0.777710735798   -0.398372709751   0.486276835203
-0.595175743103   -0.37217143178   0.712217867374
-0.508310854435   0.860809504986   0.0250406954437
-0.62240332365   -0.347124457359   -0.701511740685
0.566255331039   0.48987609148   -0.662854671478
0.0325372070074   -0.816869676113   -0.575903892517
-0.823587417603   0.304541200399   -0.478496015072
0.92755907774   0.356807410717   0.11100757122
0.339940577745   -0.929074943066   0.145808592439
0.155159935355   -0.0975101068616   -0.983065187931
0.682814538479   0.730538368225   -0.00883174967021
0.303789764643   -0.272908747196   0.912815749645
0.66443669796   -0.625966846943   -0.40827614069
0.210670158267   -0.166393816471   -0.963291823864
0.795338153839   0.602118492126   0.0699323043227
0.56837952137   -0.780875384808   0.259187757969
-0.310765028   0.27926877141   -0.908533990383
-0.256769299507   0.895656168461   0.363138526678
0.915147304535   0.346134394407   -0.206630945206
-0.164073944092   0.0690932646394   -0.984025359154
-0.0384505242109   -0.997233867645   -0.0636095553637
-0.985698401928   0.0273996200413   0.16627676785
0.550021052361   -0.834463000298   -0.033887129277
0.298886239529   0.158792495728   0.940984547138
-0.779835760593   -0.527689754963   0.336748719215
0.175190716982   0.880469441414   -0.44054710865
0.391850143671   0.348142236471   0.851616382599
0.903195261955   -0.321823716164   -0.284020781517
-0.464140862226   -0.638083517551   0.614347338676
0.20021815598   -0.75120806694   -0.628966748714
0.862836003304   -0.16892567277   0.476422250271
0.170275241137   0.449793934822   -0.876750707626
0.808743953705   0.444535672665   0.385124921799
0.562973797321   -0.774644076824   -0.288074731827
0.259065389633   0.525052905083   -0.810681521893
0.364042043686   0.724354982376   0.585476994514
0.894627571106   -0.446798980236   -0.00348603585735
0.281547248363   0.251091241837   -0.926112473011
0.768507063389   -0.636932075024   0.0609461665154
-0.574567675591   -0.728883206844   -0.372291862965
0.94898378849   0.298069924116   -0.102879159153
0.234196171165   -0.884723782539   -0.403008669615
-0.211144402623   0.358354777098   -0.909395337105
0.751987695694   0.563348650932   0.342275887728
-0.0387697406113   -0.480549663305   0.876110136509
0.658036053181   -0.672093987465   -0.339526534081
0.608949959278   0.0396197885275   0.792218506336
0.334684401751   -0.91832703352   -0.211333289742
0.719142735004   0.393834590912   -0.572475373745
-0.740000665188   0.525192677975   -0.420204281807
-0.201034337282   0.423479557037   0.883317768574
0.641859948635   0.738131225109   -0.207793399692
-0.761580944061   -0.455074548721   -0.46141269803
0.402604013681   -0.89015007019   0.213407859206
-0.507843017578   -0.023239236325   0.861136138439
0.0377418994904   -0.982475578785   -0.182530283928
0.928643524647   -0.0329749286175   0.369504868984
-0.369048446417   -0.183451384306   0.911125063896
-0.632302105427   0.558730661869   0.536669433117
-0.628752410412   0.0346176922321   -0.776834607124
-0.452619612217   -0.828626334667   0.329414397478
0.989825248718   -0.140774250031   0.0207016803324
0.000654939271044   -0.14098200202   -0.990011930466
0.142286747694   0.979952394962   -0.139455348253
-0.478220820427   -0.877499401569   0.0360500961542
-0.851027309895   0.452873557806   -0.26581582427
0.216927096248   -0.157798275352   -0.96334952116
0.103687442839   -0.982832074165   -0.152610868216
-0.064498975873   0.146470576525   -0.987110078335
0.99251639843   0.112194165587   -0.0482045002282
0.346972733736   -0.287400096655   0.892754793167
-0.852343440056   0.300525099039   0.428013235331
-0.391306251287   -0.909442603588   -0.140689566731
0.375917702913   0.255588650703   -0.890707790852
0.442302882671   0.795157015324   0.41484156251
0.814281284809   -0.549908876419   0.185865983367
-0.428533256054   0.215984895825   0.877331078053
-0.895184516907   -0.233132749796   -0.37986022234
0.122490532696   -0.948155939579   0.29325145483
-0.768812298775   0.629173338413   0.114317826927
-0.624607563019   -0.777165234089   0.0766784995794
0.137087911367   -0.0124524077401   0.990480601788
-0.582330048084   -0.756879210472   -0.296691030264
0.776988089085   -0.625528693199   0.0707340463996
-0.23912589252   -0.189334839582   0.952350318432
0.0359247624874   -0.738200128078   0.673624515533
0.859955370426   -0.320552438498   -0.39714345336
0.509103298187   0.593554258347   0.623303413391
0.990114271641   0.136276736856   0.0332014262676
-0.0626478344202   0.217876747251   0.973963558674
0.125494763255   -0.96641522646   0.2242603302
-0.761626064777   0.112660072744   -0.63814842701
0.0313118137419   0.990019261837   0.137409642339
0.647259831429   0.0846731811762   -0.757552087307
0.737083435059   -0.556806445122   -0.382981181145
-0.416372001171   -0.820535063744   0.391607612371
-0.532299160957   -0.129184827209   -0.836641430855
0.0930726975203   0.925595700741   -0.366892427206
0.883174955845   0.0933921188116   0.459651947021
0.45971673727   -0.36681124568   -0.80877071619
-0.41524335742   0.847265779972   -0.3312304914
0.905759751797   0.418956905603   -0.0638312101364
0.0846893042326   -0.326520740986   -0.941388309002
-0.9628059268   0.25873836875   -0.07784101367
0.174462914467   0.375334888697   -0.910322129726
-0.206318795681   -0.890043914318   -0.406514912844
0.598878085613   0.733216881752   -0.32208392024
-0.798504292965   0.516013324261   -0.310034096241
-0.0611226372421   0.44285801053   0.894505918026
-0.644995033741   0.177419230342   -0.743305981159
-0.369059413671   0.779405474663   0.506282806396
0.669161081314   0.600873947144   -0.437234431505
-0.792375028133   0.475788652897   -0.381794452667
0.432720124722   -0.00277490960434   -0.901524066925
-0.429994374514   -0.879555284977   -0.203684553504
-0.972555458546   -0.145517453551   0.181550309062
0.195377647877   -0.0870468690991   0.976857423782
-0.126346409321   0.985518932343   0.11308876425
-0.575506567955   0.522356927395   0.629233956337
0.695372164249   0.717515945435   0.0403535552323
-0.430406451225   0.460775524378   -0.776167631149
0.933596372604   0.358318775892   0.00234289909713
-0.345326334238   0.901451468468   -0.261026859283
-0.0956428274512   0.242884650826   0.96532869339
0.997800409794   -0.0652911737561   -0.0114625673741
0.0144190955907   0.382544547319   -0.923824548721
0.0647025257349   0.921627223492   0.382644534111
-0.852589666843   -0.410522460938   0.323360681534
-0.511081874371   0.525936245918   -0.679842889309
0.109023675323   -0.744890868664   -0.658218383789
-0.345667570829   -0.797929942608   0.493783056736
-0.457101851702   -0.316378325224   -0.831241607666
0.819494843483   -0.513042449951   -0.255373507738
0.441317975521   0.300962775946   -0.845375597477
0.328939855099   0.822245299816   0.464447200298
0.834887444973   -0.483046591282   0.263872981071
0.157759830356   -0.411358803511   0.897716999054
-0.959766447544   -0.277730762959   0.0414001308382
0.232293322682   -0.868129909039   -0.438623130322
0.0459081493318   -0.59668558836   -0.801160871983
0.998072445393   0.0609241910279   0.0118166906759
0.0417592301965   -0.800159096718   0.598332345486
-0.996495902538   0.0103865293786   -0.0829939395189
0.0829463973641   -0.00492749875411   -0.996541798115
-0.0107595631853   -0.999933898449   0.00404870696366
-0.572890877724   -0.12933601439   0.809362888336
0.334348767996   0.864699602127   0.374840706587
-0.748336136341   0.485352277756   -0.452135145664
-0.83165705204   0.546630322933   0.0976823791862
0.00535686081275   -0.168006435037   0.985771358013
0.555263757706   0.820346951485   0.136795520782
-0.930849075317   -0.0167749039829   0.365018665791
0.266290634871   0.6529083848   0.709083914757
-0.250218570232   0.757251143456   -0.603292167187
-0.578057169914   0.168458506465   -0.798418223858
0.525713741779   -0.671447098255   -0.522287130356
-0.624079287052   -0.721651256084   0.299573868513
0.294857025146   -0.107656404376   0.949457466602
0.723605275154   -0.623783946037   -0.29544711113
0.624063074589   0.774147033691   -0.106026358902
-0.250221014023   -0.810552537441   -0.52952247858
-0.212005451322   0.579518020153   -0.786900579929
0.944692075253   -0.0846374109387   -0.316849142313
0.950039565563   -0.117213115096   0.289285182953
-0.227641835809   0.373904764652   0.899096429348
-0.213551014662   -0.920030593872   0.328541696072
0.999977350235   -0.00392900640145   0.00546991080046
0.00394832948223   0.999985992908   -0.00352625292726
-0.00545597961172   0.00354776997119   0.999978840351
0.894878268242   -0.404863715172   -0.187824979424
-0.267990171909   -0.823963582516   0.4992646873
-0.356895118952   -0.396445900202   -0.845846652985
0.864078044891   -0.503334581852   0.00484388088807
0.503301441669   0.864085257053   0.00666180066764
-0.00753864087164   -0.00331838335842   0.999966084957
