-0.513908624649   -0.776122927666   -0.365419089794
-0.0674360096455   0.461205393076   -0.884727060795
0.855190217495   -0.430026441813   -0.289356052876
-0.147308960557   -0.860762178898   0.48722538352
0.710558354855   0.250573396683   0.657510280609
-0.688045680523   0.443059235811   0.574710071087
0.77921640873   0.217090368271   -0.587957084179
0.253448098898   0.748832702637   0.61238360405
0.573224067688   -0.626195967197   0.528481602669
0.947240829468   -0.192281991243   0.256441950798
0.0914727970958   0.928972065449   0.358669221401
-0.307193040848   -0.316288679838   0.897548854351
-0.609298348427   0.729918420315   -0.309797734022
0.393553614616   -0.0608045347035   -0.917288601398
-0.688382923603   -0.680824458599   -0.25021392107
0.594853758812   -0.686569392681   0.418056726456
0.536022365093   0.726367771626   0.430197507143
-0.599023401737   -0.0318168736994   0.80009919405
0.229121804237   -0.9485886693   -0.218363702297
-0.816434085369   -0.0651237741113   -0.573754549026
0.530036389828   0.309739232063   -0.78938138485
0.947568714619   -0.198121443391   0.250721842051
-0.11500249058   -0.943462133408   -0.310891598463
0.298140853643   0.265757530928   -0.916779696941
-0.994659125805   0.0769984126091   0.0687344893813
-0.0992353260517   -0.530295193195   -0.841985344887
-0.0283819697797   -0.844309329987   0.535103917122
-0.98662006855   0.0780057907104   -0.14316418767
0.069185949862   0.99544519186   0.0655907094479
0.147628560662   0.0548081584275   -0.987523078918
-0.887888550758   -0.219075858593   -0.404548794031
-0.459357023239   0.373614251614   0.805855751038
-0.0253983642906   0.901342451572   -0.432361841202
0.891562819481   0.0288245957345   -0.451978832483
-0.44900688529   0.186777874827   -0.873788774014
0.0592330433428   0.981979191303   0.17946664989
0.194721072912   0.684143424034   0.702873706818
-0.37377011776   0.714277386665   -0.591695606709
-0.90685147047   -0.147497594357   0.394797235727
-0.444963783026   0.802351236343   0.397793591022
0.864386439323   0.26862975955   0.425057768822
0.234186440706   0.532982707024   -0.813072025776
-0.838646888733   0.523690283298   0.149732649326
-0.49056994915   -0.84568721056   0.210129201412
0.23666960001   0.102769866586   0.966139674187
-0.0175452791154   0.593316912651   -0.804777741432
0.512393534184   0.696507632732   0.502324581146
0.858571529388   -0.403549492359   -0.316232144833
0.736603975296   -0.675800919533   0.0266032554209
0.664686262608   0.716102540493   -0.213047817349
0.12492724508   0.174614682794   0.976679503918
-0.220238789916   -0.918587505817   0.328164339066
-0.960149407387   0.263494491577   0.093186840415
-0.172069758177   -0.294563442469   -0.940012991428
0.114649020135   0.92390114069   0.365051090717
0.865200459957   -0.273437172174   0.420309692621
0.488143146038   0.267654299736   -0.83070898056
0.920270681381   -0.0103016234934   -0.391146719456
-0.0542434342206   -0.993359804153   -0.101459175348
-0.387504220009   0.114587046206   -0.914718687534
0.81326931715   0.136548578739   0.565639078617
-0.569393455982   -0.0136084808037   0.821952462196
0.119933925569   -0.990539908409   0.0666825026274
0.210632860661   -0.66521447897   -0.716326355934
0.976252198219   0.105172663927   0.189394682646
-0.0506501384079   -0.739207923412   0.671569943428
-0.504014670849   0.349904626608   -0.789642930031
-0.844927668571   -0.0101972287521   0.534783363342
0.179070994258   0.936729848385   0.300783663988
-0.298154324293   0.866853415966   0.399586230516
-0.17447565496   -0.461067467928   0.870043098927
0.938436090946   0.189689040184   0.288714081049
0.163050279021   0.750304460526   -0.640669822693
0.641993701458   -0.573765456676   -0.508563935757
-0.749171972275   -0.328384488821   -0.575243353844
-0.220910534263   0.435553848743   -0.872634708881
-0.911775708199   -0.409848570824   0.0262535065413
-0.346213281155   0.801446795464   0.487667292356
0.944041907787   0.182135283947   0.274975568056
0.00200477987528   0.830516159534   -0.556990921497
-0.329819351435   0.526374042034   0.783676922321
-0.0786107778549   -0.840739309788   -0.535703063011
-0.0319450348616   0.539214491844   -0.841562390327
0.996393442154   -0.0490428246558   -0.0692455172539
0.925350606441   -0.108429357409   0.363275796175
-0.0987322106957   0.856236457825   0.507061243057
-0.366030305624   -0.505076467991   0.781613469124
-0.959835708141   -0.270091831684   -0.0759330615401
0.263295531273   -0.960626780987   0.08872256428
-0.0969065651298   0.0651662498713   0.993157804012
0.212019562721   -0.154040634632   0.965048789978
0.245985835791   -0.947292864323   -0.205249100924
0.945800542831   0.280905157328   -0.162952810526
-0.34089115262   -0.240937888622   0.908703565598
0.838496446609   -0.5150141716   0.17800039053
0.425108194351   0.822623431683   0.377589344978
0.637767016888   0.48831486702   -0.595652401447
0.187339618802   -0.848465323448   -0.494985312223
-0.747099101543   0.204096034169   -0.632603943348
-0.335791409016   0.0946822986007   0.937165617943
0.812261343002   0.532886326313   0.237199768424
-0.476944118738   0.840873003006   -0.255845397711
0.760417878628   -0.263122051954   -0.593743562698
0.505721569061   -0.333671659231   0.795555710793
-0.407443642616   -0.905223727226   -0.120663419366
-0.991495549679   -0.0868261307478   0.0969424173236
-0.0692707076669   -0.278516113758   -0.957930266857
0.110173396766   -0.956498801708   0.270132988691
0.744880497456   0.610553324223   0.269030928612
0.249978139997   -0.629243075848   0.735910356045
0.618598401546   -0.480913430452   -0.621335923672
-0.494819909334   0.393477380276   0.774808883667
-0.860133171082   -0.0947543308139   -0.501191139221
-0.123790875077   -0.914438188076   0.385329276323
0.384555608034   0.872796773911   -0.300570756197
-0.457669526339   -0.102501504123   -0.883194208145
-0.801658034325   0.477199375629   0.360034942627
0.722226381302   0.670010566711   0.171682417393
0.588218331337   -0.725571453571   0.357134789228
0.363851934671   -0.156945422292   -0.918139338493
0.620383858681   -0.776693284512   0.108956232667
-0.741239845753   -0.535241603851   0.405067712069
-0.256295472383   -0.332060188055   -0.907771289349
0.469903320074   -0.841418147087   0.266845196486
-0.811517179012   -0.292843967676   0.505650401115
-0.34731939435   -0.454156249762   -0.820433616638
0.647488296032   -0.698423326015   -0.304899543524
0.0206447858363   -0.383868694305   0.923156857491
-0.761795699596   -0.604027867317   -0.23413169384
-0.162725865841   -0.567023575306   -0.807467997074
0.35200881958   0.7311591506   -0.584376633167
0.921742975712   -0.379329025745   0.0806187838316
0.886019468307   0.457060307264   0.0778803899884
0.323703467846   -0.489541977644   -0.809669494629
-0.331942051649   0.742593109608   -0.581695735455
-0.230949297547   0.795971393585   0.559546172619
0.628241360188   0.561133563519   -0.538926720619
-0.742950379848   0.227065294981   -0.629655539989
0.11428514868   -0.0737740173936   0.990704953671
0.880394637585   -0.454500555992   -0.135404959321
0.460265338421   0.887686133385   0.0130075830966
0.0713490098715   -0.682355463505   -0.727530300617
0.966587305069   0.227339714766   -0.118430055678
0.246207922697   -0.694771647453   0.675776600838
0.139092728496   -0.516725301743   -0.844776988029
0.984521567822   -0.0197015162557   0.174152553082
-0.106632418931   -0.855924546719   0.505986869335
-0.40021315217   0.347337394953   0.848048448563
0.529649555683   0.842850983143   -0.095255099237
-0.747864127159   0.411046147346   -0.52128714323
-0.120216749609   -0.992682993412   0.0113312378526
-0.962234079838   0.119322255254   0.244678944349
-0.244240686297   0.018511204049   -0.969537913799
0.465179145336   0.183481425047   -0.865992426872
-0.236204683781   0.968541145325   0.078328423202
0.853121161461   0.168114721775   0.493884325027
-0.811723291874   -0.377743542194   -0.445438057184
-0.367265045643   -0.262876927853   0.892195105553
-0.454116344452   0.88780939579   0.07465133816
-0.700750768185   -0.143306523561   -0.698864519596
-0.325435847044   -0.807539880276   0.491905272007
-0.634854257107   0.572138547897   0.519247114658
0.0581396110356   -0.324876219034   -0.943967819214
0.669681549072   -0.68856304884   0.278222173452
-0.740369081497   -0.6483335495   0.177530825138
-0.901127815247   0.4175812006   0.116595908999
-0.433475732803   -0.86267966032   -0.260542869568
-0.00821287743747   -0.285323917866   0.958395957947
0.490769594908   -0.866031706333   0.0955732241273
-0.534127771854   -0.21237885952   0.818292558193
-0.688369572163   -0.452641427517   -0.566800713539
-0.591953516006   -0.185805290937   -0.784262299538
-0.439384013414   -0.741354346275   0.507282376289
-0.675672054291   0.644879937172   0.35720744729
-0.336406499147   -0.892020881176   -0.30187651515
0.939045548439   -0.341877639294   -0.036236807704
-0.0708808377385   -0.295666098595   0.952658116817
0.644989728928   0.359970152378   -0.674099206924
-0.542762041092   -0.405178368092   -0.735690057278
-0.537956833839   0.840388000011   -0.065957762301
0.7629083395   -0.581435143948   0.282673001289
-0.516934752464   -0.811192214489   -0.273396581411
0.388264507055   0.0624530352652   -0.919429302216
-0.689275443554   -0.349553048611   -0.634595990181
-0.628352642059   -0.147602140903   0.763797461987
-0.360655486584   0.925216853619   -0.117904052138
-0.896733880043   0.19496370852   0.397312879562
0.0963805317879   -0.790164709091   0.605268955231
0.43194809556   0.581058382988   0.689776778221
0.570058941841   0.143021181226   0.809059798717
-0.387617349625   -0.821437358856   0.418322235346
0.724420845509   -0.552073955536   -0.412830203772
-0.446515798569   -0.466680586338   0.763434946537
0.403639435768   -0.86652380228   -0.293618321419
0.798560500145   0.177047222853   0.575287222862
0.806100904942   0.134503647685   0.576289892197
0.170960858464   0.879374861717   -0.444378495216
-0.566545367241   0.456736922264   0.685870051384
-0.628141343594   0.530633747578   -0.569092512131
-0.031360398978   -0.74805867672   -0.662891209126
-0.777467012405   -0.398542404175   0.486527472734
-0.595465660095   -0.371448397636   0.712352931499
-0.508034646511   0.860994279385   0.0242825541645
-0.622351527214   -0.347440570593   -0.701401174068
0.566309630871   0.490198463202   -0.66256994009
0.0321681462228   -0.816435277462   -0.576540231705
-0.823564589024   0.305186629295   -0.478123933077
0.927500605583   0.356992900372   0.110899314284
0.340146660805   -0.929009020329   0.145748153329
0.155057519674   -0.0974594652653   -0.98308634758
0.682751774788   0.73059374094   -0.00909962039441
0.303835064173   -0.272568523884   0.912902355194
0.664480447769   -0.62605047226   -0.408076643944
0.21107968688   -0.166674613953   -0.963153660297
0.795266032219   0.602197110653   0.0700755566359
0.568328559399   -0.78075492382   0.259662240744
-0.310459494591   0.27908629179   -0.908694505692
-0.257099598646   0.895650267601   0.36291924119
0.91515827179   0.346296727657   -0.206310167909
-0.163891732693   0.0688947588205   -0.984069645405
-0.0377044193447   -0.997266829014   -0.0635392144322
-0.985757529736   0.0266902204603   0.16604141891
0.549812912941   -0.834573924541   -0.0345262698829
0.299734979868   0.158544793725   0.940756320953
-0.779656767845   -0.52758872509   0.33732098341
0.175408095121   0.88061016798   -0.440179139376
0.39175504446   0.347754091024   0.851818680763
0.903194308281   -0.321858286858   -0.283984601498
-0.464054524899   -0.638277709484   0.61421084404
0.200071156025   -0.750997662544   -0.629264652729
0.862916529179   -0.169127240777   0.476204812527
0.170337572694   0.449995100498   -0.876635372639
0.808388411999   0.444898545742   0.385452270508
0.563465416431   -0.774318873882   -0.287987887859
0.258920639753   0.525243699551   -0.810604214668
0.363541930914   0.724518954754   0.585584819317
0.894872844219   -0.446308612823   -0.00335520645604
0.281545579433   0.251264125109   -0.926066100597
0.768498837948   -0.636954009533   0.0608204454184
-0.574579536915   -0.728804469109   -0.372427791357
0.949009120464   0.298000127077   -0.102847263217
0.23424051702   -0.884903728962   -0.402587622404
-0.210981085896   0.357968330383   -0.909585416317
0.75177615881   0.563605904579   0.342317134142
-0.0388343632221   -0.480378180742   0.876201272011
0.658273875713   -0.67200088501   -0.339249581099
0.609050512314   0.039180919528   0.792163074017
0.334743142128   -0.918162941933   -0.211952582002
0.71903026104   0.394260972738   -0.572323143482
-0.740239620209   0.52527743578   -0.419677257538
-0.20051304996   0.423322826624   0.88351136446
0.641747534275   0.738160848618   -0.208035334945
-0.761652350426   -0.455071747303   -0.461297541857
0.402713298798   -0.890147805214   0.213210776448
-0.507649183273   -0.0233781617135   0.861246645451
0.0378965176642   -0.982412755489   -0.182836070657
0.928627848625   -0.0329541675746   0.369546115398
-0.369072020054   -0.183791175485   0.911046981812
-0.632187128067   0.558827340603   0.536704242229
-0.629050433636   0.034236676991   -0.776610195637
-0.452365964651   -0.828577041626   0.329886615276
0.989831387997   -0.140753537416   0.0205487664789
0.000575103738811   -0.140498653054   -0.990080714226
0.142244428396   0.980024755001   -0.138989016414
-0.478577673435   -0.877283334732   0.036570366472
-0.851032614708   0.453200489283   -0.265240997076
0.216117784381   -0.158060982823   -0.963488340378
0.103349424899   -0.982892513275   -0.152450546622
-0.0645810365677   0.146316826344   -0.987127482891
0.992546319962   0.111864477396   -0.0483544580638
0.347174078226   -0.287801533937   0.892547130585
-0.852254152298   0.300315588713   0.428337961435
-0.391322135925   -0.909384846687   -0.141018271446
0.376474112272   0.255063265562   -0.890623390675
0.44243901968   0.795134603977   0.414739251137
0.813950240612   -0.550185143948   0.186497658491
-0.428656667471   0.215448662639   0.877402603626
-0.895061790943   -0.233435764909   -0.37996327877
0.122954569757   -0.948203384876   0.292903661728
-0.768717110157   0.629299938679   0.114261254668
-0.624715268612   -0.777064740658   0.0768193006516
0.137130782008   -0.0123284459114   0.990476250648
-0.582294166088   -0.75688791275   -0.296739250422
0.776843011379   -0.625634491444   0.0713894739747
-0.239684134722   -0.188950136304   0.952286362648
0.0361160002649   -0.737920999527   0.673920035362
0.859835624695   -0.320725172758   -0.397263258696
0.509292006493   0.593807995319   0.622907459736
0.990144491196   0.135991171002   0.0334707461298
-0.0628855377436   0.218169972301   0.973882555962
0.125137120485   -0.966389298439   0.224571675062
-0.761306703091   0.11317665875   -0.638438105583
0.0312913134694   0.989914119244   0.138169839978
0.647636473179   0.0852120518684   -0.757169663906
0.73664700985   -0.557188689709   -0.383264899254
-0.416095733643   -0.820185303688   0.39263266325
-0.533118724823   -0.12975679338   -0.836030840874
0.0932677313685   0.925476312637   -0.367144018412
0.882941484451   0.0935330092907   0.460071593523
0.46012544632   -0.367076516151   -0.808417856693
-0.415256679058   0.847217023373   -0.331338524818
0.90572309494   0.419078737497   -0.0635510385036
0.0850154161453   -0.326490938663   -0.941369235516
-0.962880790234   0.258541792631   -0.0775675848126
0.174143880606   0.375439941883   -0.910339891911
-0.206238955259   -0.890056729317   -0.406527370214
0.598942756653   0.733432471752   -0.321472287178
-0.798409461975   0.515987217426   -0.310321599245
-0.0617243461311   0.442531406879   0.894626200199
-0.645096182823   0.177914142609   -0.743099927902
-0.369617193937   0.778504610062   0.507260978222
0.668755590916   0.601894617081   -0.436450213194
-0.792309880257   0.47594332695   -0.38173687458
0.432506531477   -0.00316094630398   -0.901625275612
-0.430329173803   -0.879470288754   -0.203344136477
-0.972464621067   -0.14535780251   0.182163909078
0.195948675275   -0.0868368968368   0.976761698723
-0.126161381602   0.985561013222   0.112928472459
-0.575664758682   0.52243244648   0.629026532173
0.695376574993   0.717505216599   0.0404685586691
-0.430187702179   0.460706621408   -0.776329755783
0.933592140675   0.358328521252   0.0025296236854
-0.345290869474   0.901466429234   -0.261022001505
-0.0958119928837   0.242814615369   0.965329527855
0.99781370163   -0.0650188475847   -0.011847756803
0.0139688719064   0.38270264864   -0.923765957355
0.0645963698626   0.921580851078   0.382774204016
-0.852610349655   -0.410570174456   0.323245644569
-0.511087715626   0.526373207569   -0.679500222206
0.108834683895   -0.744555830956   -0.658628642559
-0.345793575048   -0.797979414463   0.493614882231
-0.456679224968   -0.316426753998   -0.831455469131
0.819677293301   -0.512935638428   -0.25500229001
0.441465198994   0.300523281097   -0.845455050468
0.329751521349   0.821969807148   0.464359283447
0.834489345551   -0.4837885499   0.263773053885
0.158004134893   -0.411244869232   0.897726237774
-0.95960611105   -0.278281927109   0.0414154343307
0.232789084315   -0.868007361889   -0.438602775335
0.0466186217964   -0.596366584301   -0.801357388496
0.998052656651   0.0610917918384   0.0125970514491
0.0414438955486   -0.800384104252   0.598053216934
-0.996531486511   0.0102895917371   -0.0825778767467
0.0825307667255   -0.00492285657674   -0.996576368809
-0.0106608830392   -0.999934971333   0.00405657384545
-0.573546767235   -0.12893627584   0.808961987495
0.334199398756   0.864784538746   0.374777913094
-0.747900307178   0.485307276249   -0.452903956175
-0.831594586372   0.54671227932   0.0977557078004
0.00544701702893   -0.167977750301   0.985775709152
0.555356442928   0.82029825449   0.13671143353
-0.930957913399   -0.017083959654   0.364726573229
0.266028106213   0.652461528778   0.70959353447
-0.250092715025   0.757629215717   -0.602869451046
-0.578083515167   0.168514236808   -0.798387408257
0.525657951832   -0.671455204487   -0.522332847118
-0.624101877213   -0.721630692482   0.299576342106
0.294360071421   -0.107865549624   0.949587881565
0.723907053471   -0.623536229134   -0.29523062706
0.623947679996   0.774317502975   -0.105459548533
-0.250321865082   -0.810591161251   -0.529415667057
-0.211623653769   0.57941287756   -0.787080824375
0.944750964642   -0.0849866494536   -0.316579967737
0.950194299221   -0.117153026164   0.288800895214
-0.227184996009   0.373985916376   0.899178266525
-0.213348910213   -0.920005261898   0.328743875027
0.999974250793   -0.0042518703267   0.0057787373662
0.00427338900045   0.999983966351   -0.00371653423645
-0.00576284248382   0.00374113349244   0.999976396561
0.894766151905   -0.404865205288   -0.18835529685
-0.267412245274   -0.823648691177   0.500093579292
-0.357609063387   -0.397098273039   -0.845238864422
0.863925397396   -0.503594040871   0.00510159879923
0.503557026386   0.863933265209   0.00704440986738
-0.00795496348292   -0.00351689825766   0.999962151051
