-0.51390337944   -0.776450037956   -0.36473095417
-0.0672606751323   0.460330724716   -0.885195791721
0.855207145214   -0.430373102427   -0.288790076971
-0.148120552301   -0.86068624258   0.487113445997
0.710395336151   0.250075012445   0.657876074314
-0.688039779663   0.44348809123   0.574386239052
0.779958724976   0.217007413507   -0.587002754211
0.253039091825   0.748519957066   0.612934827805
0.572394669056   -0.626598477364   0.528903305531
0.947023332119   -0.191895574331   0.25753223896
0.0905307009816   0.928854942322   0.359211236238
-0.30814114213   -0.316866844893   0.897019743919
-0.609321713448   0.729865670204   -0.309876024723
0.392313420773   -0.0621182359755   -0.917731702328
-0.689069807529   -0.680762410164   -0.248486101627
0.594380259514   -0.687040925026   0.417955577374
0.536231219769   0.725919246674   0.430694013834
-0.599306404591   -0.0318752080202   0.799884855747
0.22915636003   -0.94856262207   -0.218440532684
-0.81610417366   -0.0649156793952   -0.57424724102
0.53052932024   0.30986264348   -0.789001762867
0.947576224804   -0.198311373591   0.250543177128
-0.115127384663   -0.943329513073   -0.311247736216
0.298068732023   0.266086578369   -0.91670769453
-0.994724452496   0.0767096951604   0.0681091398001
-0.0985567644238   -0.530464053154   -0.841958701611
-0.0284569449723   -0.844229519367   0.53522580862
-0.986698746681   0.0779907852411   -0.14262893796
0.0693702921271   0.995506703854   0.0644523873925
0.14701475203   0.0537008792162   -0.987675487995
-0.887605726719   -0.2191208601   -0.405144512653
-0.459908366203   0.373295426369   0.805689036846
-0.0253046732396   0.901463568211   -0.432114690542
0.891258001328   0.0280927717686   -0.452625632286
-0.449470698833   0.187417179346   -0.873413383961
0.0602932199836   0.981878578663   0.179663941264
0.195042297244   0.68397128582   0.70295214653
-0.373509556055   0.714508533478   -0.591581046581
-0.906889796257   -0.147176027298   0.394829213619
-0.445272237062   0.802149713039   0.397854804993
0.864287018776   0.26893851161   0.425064742565
0.233967080712   0.533130288124   -0.813038468361
-0.838510274887   0.524035573006   0.149289280176
-0.491231590509   -0.845572888851   0.209040701389
0.235779717565   0.101947166026   0.966444373131
-0.0177331380546   0.592803299427   -0.805152058601
0.512022197247   0.697057545185   0.501940310001
0.858789145947   -0.403354734182   -0.315889447927
0.736846387386   -0.675492823124   0.0276930481195
0.66458594799   0.716217637062   -0.212973639369
0.124027907848   0.17533326149   0.976665437222
-0.220334082842   -0.918598592281   0.328069418669
-0.959984540939   0.263819128275   0.0939635336399
-0.172865748405   -0.294238209724   -0.939968764782
0.114287666976   0.924057126045   0.364769488573
0.864817917347   -0.2732385993   0.421225100756
0.488905161619   0.267318338156   -0.830368995667
0.920631766319   -0.0100682005286   -0.390302181244
-0.0538758151233   -0.993380188942   -0.101455323398
-0.386696994305   0.114430844784   -0.915079772472
0.813015818596   0.137456163764   0.565783560276
-0.569613337517   -0.0135113848373   0.82180172205
0.120606228709   -0.990415692329   0.0673118978739
0.210595965385   -0.665600776672   -0.715978324413
0.97627311945   0.105437859893   0.189139336348
-0.0504000671208   -0.738822340965   0.672012925148
-0.503777086735   0.350433886051   -0.789559841156
-0.844874620438   -0.00943917501718   0.53488111496
0.179987668991   0.936539888382   0.300827950239
-0.29804444313   0.867198884487   0.398918032646
-0.174320027232   -0.46033141017   0.870463967323
0.938499867916   0.189897537231   0.288369357586
0.16328407824   0.750637710094   -0.640219807625
0.64197665453   -0.573589622974   -0.508783757687
-0.749135673046   -0.327929884195   -0.575549960136
-0.220568299294   0.43627974391   -0.872358679771
-0.912001371384   -0.409371197224   0.0258589182049
-0.345836788416   0.801295995712   0.488182038069
0.943588852882   0.181612417102   0.276870012283
0.00355248223059   0.830562949181   -0.556913375854
-0.33110037446   0.526480853558   0.783064782619
-0.0781066939235   -0.840391874313   -0.53632158041
-0.0323480628431   0.539818108082   -0.841159880161
0.99642008543   -0.0483512580395   -0.069348461926
0.925570964813   -0.108744516969   0.362619608641
-0.0980363637209   0.856331646442   0.507035434246
-0.365659981966   -0.504847228527   0.781934857368
-0.95968234539   -0.270357757807   -0.0769185200334
0.263360351324   -0.960480034351   0.0901078507304
-0.0982400625944   0.066217623651   0.992957234383
0.212406232953   -0.153440311551   0.965059399605
0.246206238866   -0.947330534458   -0.204810634255
0.9456564188   0.281106710434   -0.163440942764
-0.341197609901   -0.240836620331   0.908615410328
0.838568270206   -0.514738798141   0.178457841277
0.424720406532   0.822825431824   0.377585589886
0.637570381165   0.488142758608   -0.596003890038
0.187046095729   -0.848572731018   -0.494912147522
-0.74734044075   0.20406113565   -0.632330060005
-0.33658093214   0.0953554883599   0.936814069748
0.812156200409   0.532889485359   0.237552329898
-0.476566433907   0.840794920921   -0.25680398941
0.759995281696   -0.263207346201   -0.5942466259
0.505966126919   -0.33427080512   0.795148611069
-0.407928258181   -0.904977858067   -0.12087021023
-0.991604208946   -0.0858902409673   0.0966643318534
-0.0693283006549   -0.277895152569   -0.958106398582
0.10915453732   -0.956763923168   0.269607365131
0.744849205017   0.610487341881   0.269267261028
0.250237286091   -0.629691362381   0.735438704491
0.618531286716   -0.480410218239   -0.6217918396
-0.494926989079   0.393240213394   0.774860918522
-0.860082507133   -0.0947384983301   -0.501281023026
-0.123714692891   -0.914541840553   0.385107666254
0.384424954653   0.872634649277   -0.301208019257
-0.457356840372   -0.103391885757   -0.883252441883
-0.801899135113   0.477303802967   0.359358996153
0.722591876984   0.669664680958   0.171494185925
0.587904036045   -0.725827217102   0.357132613659
0.363634228706   -0.157238990068   -0.918175399303
0.620234429836   -0.776775896549   0.109217658639
-0.741438865662   -0.535087227821   0.404907435179
-0.256081372499   -0.332115739584   -0.90781134367
0.469697356224   -0.841464579105   0.267061293125
-0.811647057533   -0.292591661215   0.505587935448
-0.347294449806   -0.45423284173   -0.820401787758
0.647447109222   -0.698609411716   -0.304560482502
0.0200410522521   -0.383882433176   0.923164486885
-0.761846840382   -0.603803873062   -0.234542712569
-0.162921667099   -0.567247867584   -0.807270944118
0.351969212294   0.730954706669   -0.584656178951
0.921723484993   -0.379387676716   0.0805654227734
0.885784029961   0.457500845194   0.0779719725251
0.32406809926   -0.489464789629   -0.8095703125
-0.332214564085   0.742372691631   -0.581821501255
-0.231248497963   0.796122968197   0.559206902981
0.628408968449   0.561024367809   -0.538844883442
-0.742715477943   0.226803570986   -0.630026876926
0.114649094641   -0.0736824572086   0.990669727325
0.880285978317   -0.454626619816   -0.135688006878
0.460382640362   0.887629151344   0.0127391042188
0.0716512277722   -0.682553529739   -0.727314770222
0.966427862644   0.227895542979   -0.118662729859
0.246745452285   -0.694394946098   0.675967693329
0.138235658407   -0.516867935658   -0.844830393791
0.984696149826   -0.0196849294007   0.173164501786
-0.10613361001   -0.855838775635   0.506236732006
-0.399809747934   0.347223907709   0.848285138607
0.530359268188   0.842448234558   -0.0948682799935
-0.747576892376   0.411966651678   -0.520972430706
-0.120565235615   -0.992651104927   0.0103849954903
-0.961993515491   0.119410857558   0.245580017567
-0.245015352964   0.0196181144565   -0.969320714474
0.465202331543   0.183028206229   -0.866075873375
-0.23670655489   0.96848320961   0.0775258913636
0.852969408035   0.168940618634   0.493864625692
-0.811774134636   -0.378594607115   -0.444622218609
-0.366173565388   -0.263102948666   0.892577052116
-0.454906255007   0.887379825115   0.0749488249421
-0.700953066349   -0.143344923854   -0.698653697968
-0.324959158897   -0.807814002037   0.491770327091
-0.634875059128   0.571741878986   0.519658505917
0.0579875558615   -0.324772715569   -0.944012761116
0.669334232807   -0.688936769962   0.278132796288
-0.740695059299   -0.647988319397   0.177431732416
-0.901164352894   0.417366504669   0.11708124727
-0.433401852846   -0.862470805645   -0.261355906725
-0.00810205005109   -0.286267876625   0.958115398884
0.490943104029   -0.865974009037   0.0952041819692
-0.533536314964   -0.212473705411   0.818653762341
-0.688704490662   -0.452707290649   -0.566341102123
-0.592296302319   -0.185245290399   -0.784135997295
-0.440046995878   -0.740871310234   0.507413387299
-0.67493981123   0.645595788956   0.357298702002
-0.33577761054   -0.892316997051   -0.301701456308
0.939281761646   -0.341241687536   -0.036108661443
-0.070732742548   -0.295507162809   0.952718436718
0.644922554493   0.360248088837   -0.674014985561
-0.542227327824   -0.405824035406   -0.735728442669
-0.538576245308   0.839957237244   -0.0663887187839
0.762976109982   -0.581198871136   0.282975912094
-0.516511678696   -0.811342060566   -0.273751318455
0.388694196939   0.0627053454518   -0.91923058033
-0.688991785049   -0.350010424852   -0.634651839733
-0.628691315651   -0.147058516741   0.763623654842
-0.360607206821   0.925130546093   -0.118726402521
-0.89677387476   0.195090487599   0.397160381079
0.0963711515069   -0.789902150631   0.605613052845
0.431867182255   0.581372797489   0.689562499523
0.570522844791   0.142557963729   0.808814525604
-0.38810223341   -0.821124017239   0.418487727642
0.723795771599   -0.552659511566   -0.413142949343
-0.446792066097   -0.466609835625   0.763316512108
0.403867930174   -0.866523861885   -0.293303728104
0.798290371895   0.177233278751   0.575604736805
0.80572283268   0.134723842144   0.576767027378
0.171094596386   0.879332244396   -0.444411367178
-0.567042648792   0.456754088402   0.685447514057
-0.628569841385   0.53068614006   -0.568570315838
-0.0316463038325   -0.747888088226   -0.663070082664
-0.777109026909   -0.398792684078   0.486894160509
-0.595892190933   -0.370366990566   0.712559342384
-0.50762784481   0.861265480518   0.0231459438801
-0.622275292873   -0.347922474146   -0.701229929924
0.566397666931   0.49068492651   -0.662134408951
0.0316146947443   -0.815777599812   -0.577500998974
-0.823525488377   0.306162059307   -0.477567404509
0.927409827709   0.357277840376   0.110740818083
0.34046292305   -0.92890816927   0.145652189851
0.154906347394   -0.0973761230707   -0.983118474483
0.68264734745   0.730686068535   -0.00950929615647
0.303908705711   -0.272045910358   0.913033723831
0.664554059505   -0.626169979572   -0.407773286104
0.211679697037   -0.167096421123   -0.962948858738
0.79516351223   0.602308571339   0.0702803358436
0.568248748779   -0.780578732491   0.260365486145
-0.310001403093   0.278806895018   -0.908936679363
-0.257592529058   0.895644426346   0.362583994865
0.91517496109   0.346536815166   -0.205832466483
-0.163615271449   0.0686026066542   -0.984136044979
-0.0365856736898   -0.997314870358   -0.0634388178587
-0.985845565796   0.0256257206202   0.165685817599
0.549504816532   -0.834736287594   -0.035492926836
0.301015108824   0.158171325922   0.9404104352
-0.779380738735   -0.527444005013   0.338184148073
0.175726175308   0.880819320679   -0.439633488655
0.391614735126   0.347179532051   0.852117538452
0.903193354607   -0.321906298399   -0.283933281898
-0.463930279016   -0.638562619686   0.614008486271
0.199850872159   -0.750687420368   -0.629704713821
0.863034367561   -0.169428959489   0.475883930922
0.170407146215   0.450302451849   -0.87646394968
0.807848393917   0.445462614298   0.38593262434
0.564218342304   -0.773815691471   -0.28786611557
0.258691459894   0.525526106358   -0.810494303703
0.362792372704   0.724770843983   0.585737943649
0.895243227482   -0.445566534996   -0.00316484784707
0.281536310911   0.251534998417   -0.925995409489
0.768489539623   -0.636984288692   0.0606200248003
-0.574596464634   -0.728684544563   -0.3726362288
0.949046254158   0.297903835773   -0.102783799171
0.234319642186   -0.885168373585   -0.401959210634
-0.210726171732   0.357393622398   -0.909870445728
0.751453280449   0.564003050327   0.342371851206
-0.0389189496636   -0.48011854291   0.87633985281
0.658637404442   -0.6718531847   -0.338836252689
0.609192013741   0.0385305993259   0.79208612442
0.334837466478   -0.917915940285   -0.212871387601
0.718866407871   0.394899666309   -0.5720885396
-0.740597844124   0.525399446487   -0.418891727924
-0.199734702706   0.423092484474   0.883797943592
0.641576886177   0.738206028938   -0.208400860429
-0.761760413647   -0.455059081316   -0.461131542921
0.40286809206   -0.890148818493   0.212913945317
-0.507364153862   -0.0235857628286   0.861408948898
0.0381241329014   -0.982315480709   -0.183310955763
0.928601145744   -0.0329347886145   0.369614928961
-0.369115769863   -0.184314012527   0.910923659801
-0.632003307343   0.558984935284   0.536756634712
-0.62950450182   0.0336640030146   -0.776267230511
-0.451991081238   -0.82849419117   0.330607742071
0.989839553833   -0.140727132559   0.020334398374
0.000469043501653   -0.139777556062   -0.990182816982
0.142187878489   0.980131685734   -0.138291344047
-0.479105353355   -0.876961946487   0.0373610183597
-0.851041436195   0.453680574894   -0.264390677214
0.214910596609   -0.158466771245   -0.963691711426
0.102844767272   -0.982983887196   -0.152202412486
-0.0647028014064   0.146078690886   -0.987154781818
0.992590785027   0.11137162894   -0.0485783852637
0.347482085228   -0.28839430213   0.892235934734
-0.852121651173   0.299995034933   0.42882591486
-0.391337305307   -0.909302890301   -0.141504138708
0.377299487591   0.254275560379   -0.890499293804
0.442643553019   0.795103132725   0.414581418037
0.813456714153   -0.550595104694   0.187438577414
-0.428834229708   0.214653015137   0.877510845661
-0.894880890846   -0.233891159296   -0.380109369755
0.123650409281   -0.94827157259   0.292389422655
-0.76856970787   0.629497170448   0.11416593194
-0.624883472919   -0.776908040047   0.077036216855
0.137190505862   -0.0121326930821   0.990470349789
-0.582242846489   -0.75689715147   -0.296816468239
0.776619970798   -0.625797748566   0.0723784565926
-0.240530133247   -0.188371762633   0.952187657356
0.0363944359124   -0.737504482269   0.674360871315
0.859657227993   -0.320987343788   -0.397437572479
0.509573280811   0.594183683395   0.622318863869
0.99018907547   0.135566726327   0.0338711105287
-0.0632380023599   0.21860191226   0.973762869835
0.124605558813   -0.96635133028   0.225030183792
-0.760833263397   0.113942205906   -0.638866126537
0.0312536284328   0.989756405354   0.139303401113
0.648194432259   0.0860197767615   -0.756600677967
0.735997498035   -0.557758569717   -0.383683592081
-0.41568121314   -0.819662094116   0.394161373377
-0.534337759018   -0.130611717701   -0.835119009018
0.0935536846519   0.925300180912   -0.367515057325
0.882586479187   0.0937510877848   0.460707962513
0.460748076439   -0.367464751005   -0.807886660099
-0.415280491114   0.847139358521   -0.331507205963
0.90566599369   0.419265121222   -0.0631341561675
0.085505977273   -0.326453179121   -0.941337883472
-0.962991893291   0.258251339197   -0.0771548300982
0.173662275076   0.375586897135   -0.910371303558
-0.206126272678   -0.890079081059   -0.40653565526
0.599044919014   0.733743131161   -0.3205717206
-0.798263132572   0.515949547291   -0.310760468245
-0.0626194998622   0.442060053349   0.894797027111
-0.645249783993   0.178645700216   -0.742790997028
-0.370458990335   0.77715075016   0.508720815182
0.668141365051   0.603425562382   -0.435275435448
-0.792216479778   0.47617572546   -0.381640791893
0.432175427675   -0.00373857305385   -0.901781797409
-0.430833399296   -0.879342198372   -0.202829688787
-0.972329318523   -0.145121902227   0.183072000742
0.196793243289   -0.0865207016468   0.976619958878
-0.12588943541   0.985623538494   0.112685628235
-0.575901389122   0.522532701492   0.628726601601
0.6953753829   0.71749663353   0.040641207248
-0.429872840643   0.460606306791   -0.776563704014
0.933589875698   0.358332395554   0.00279884436168
-0.345230251551   0.901492595673   -0.261011809111
-0.0960521250963   0.242711752653   0.965331554413
0.997832715511   -0.0646202936769   -0.0124154770747
0.0133067825809   0.382942050695   -0.923676550388
0.0644426569343   0.921509444714   0.382971972227
-0.85263723135   -0.410634964705   0.32309243083
-0.511105537415   0.52701818943   -0.678986728191
0.108540087938   -0.744063675404   -0.659233093262
-0.345987558365   -0.798041045666   0.493379205465
-0.456044971943   -0.316515147686   -0.831769883633
0.819948554039   -0.5127851367   -0.254432290792
0.441669136286   0.299862444401   -0.84558314085
0.330977678299   0.821555733681   0.464219689369
0.833895742893   -0.484900653362   0.263608038425
0.158385455608   -0.411066770554   0.897740602493
-0.95936191082   -0.279117166996   0.0414520390332
0.233535259962   -0.867823541164   -0.438569933176
0.0476746484637   -0.595884025097   -0.801654160023
0.99802261591   0.0613301061094   0.0137649727985
0.0409632064402   -0.800725221634   0.597629606724
-0.996585190296   0.0101474691182   -0.0819453001022
0.0818988010287   -0.00491680391133   -0.996628522873
-0.0105161657557   -0.999936401844   0.0040689483285
-0.574522137642   -0.1283454597   0.808363616467
0.333973348141   0.864911675453   0.374686062336
-0.747252345085   0.485237330198   -0.454046964645
-0.831503689289   0.546832561493   0.0978560522199
0.00558075029403   -0.167920842767   0.985784709454
0.55549120903   0.820229709148   0.136575058103
-0.931119024754   -0.0175535771996   0.364292770624
0.265633046627   0.651793301105   0.710355222225
-0.24991287291   0.758193492889   -0.602234363556
-0.578124046326   0.16860896349   -0.798337996006
0.525569856167   -0.671464383602   -0.522409677505
-0.624138534069   -0.72159999609   0.29957395792
0.293607860804   -0.108173243701   0.949785768986
0.724367022514   -0.623159766197   -0.29489710927
0.623768270016   0.774577617645   -0.104607485235
-0.250474661589   -0.810650348663   -0.529252707958
-0.211044579744   0.579252064228   -0.787354588509
0.944840013981   -0.0855164527893   -0.316171318293
0.950426578522   -0.117065116763   0.288071215153
-0.226495668292   0.374109387398   0.89930075407
-0.213046908379   -0.91996628046   0.329048782587
0.999969244003   -0.00474655721337   0.00624084193259
0.0047715860419   0.99998062849   -0.00400170730427
-0.00622172653675   0.00403136294335   0.999972522259
0.89460259676   -0.404860407114   -0.189140707254
-0.266544342041   -0.823179483414   0.501327812672
-0.358664542437   -0.398074805737   -0.844331800938
0.863694965839   -0.50398504734   0.00548480497673
0.503942012787   0.863703966141   0.00761012826115
-0.00857263896614   -0.00380880548619   0.999956011772
