-0.513828997454   -0.775223890403   -0.367433913955
-0.0709250089228   0.465218620995   -0.88234986133
0.854955790953   -0.427316691025   -0.294025578967
-0.144212215138   -0.859102038958   0.491066720175
0.70992296467   0.255887213991   0.656148701097
-0.689356381881   0.443244199483   0.572994204495
0.777054598748   0.216066646517   -0.59118639601
0.258409173608   0.746925858566   0.612638931836
0.57394324594   -0.628821887396   0.524568569752
0.949978387967   -0.187500206625   0.249769363436
0.0887871364466   0.92887169985   0.359602849848
-0.299429301835   -0.319438629056   0.899055646481
-0.608270594742   0.733816789095   -0.302522401839
0.387878504364   -0.0577197354123   -0.919901461025
-0.692500649404   -0.676890945564   -0.249522540843
0.593473201773   -0.685443962573   0.42184847155
0.53404546645   0.727492344751   0.430755531703
-0.602150312249   -0.0303556008209   0.797805451822
0.228789661316   -0.948732506203   -0.218086960977
-0.816732992974   -0.0651664710021   -0.573324122329
0.529719273826   0.309289448139   -0.789770554153
0.947353044459   -0.198803370899   0.250996870247
-0.116067730338   -0.94380181682   -0.309461487978
0.298413289129   0.264036645727   -0.917188180574
-0.994706273804   0.0756962312012   0.069494672004
-0.0992774225632   -0.53336213851   -0.840040964818
-0.0265221082163   -0.842493269876   0.538053592117
-0.985984698986   0.0743070208008   -0.149374161168
0.0640106875417   0.995304904429   0.0726001315361
0.15406753469   0.0620210760816   -0.986111850084
-0.890118125501   -0.220319499854   -0.398934882705
-0.454860572149   0.375458232132   0.807547506856
-0.0281350770231   0.900272422053   -0.434416831548
0.893048665029   0.035455638974   -0.448561009847
-0.446796179847   0.187886086903   -0.874683938358
0.0532658949427   0.981550669101   0.183632863134
0.194588449979   0.68241681168   0.704586850765
-0.371862027477   0.716019695446   -0.590791357633
-0.907664016944   -0.147047920316   0.393094061867
-0.444384097057   0.801193506374   0.400763945018
0.863191494779   0.263286036485   0.43079102397
0.239631420359   0.537372708961   -0.808583547966
-0.839696061292   0.523095169574   0.14588340625
-0.489574467393   -0.845424187201   0.213482515847
0.235005032983   0.107839636795   0.965993399154
-0.0111373362629   0.593288928189   -0.804912546448
0.511893909995   0.694869553693   0.505094969546
0.858976475027   -0.406404418085   -0.311439985086
0.733472058078   -0.679168609646   0.027363108213
0.667662504959   0.712328750924   -0.21636665658
0.127457912628   0.176968218274   0.975928650174
-0.213737090196   -0.920438113594   0.327276848123
-0.96234942337   0.255977845959   0.091427182598
-0.167928686096   -0.2954133061   -0.940495047815
0.112134126368   0.922626328412   0.369034681059
0.869255299951   -0.27102128126   0.413452160003
0.481478100448   0.27442325562   -0.832388560448
0.921069897523   -0.0072637624275   -0.389329528334
-0.0530648206904   -0.992840173361   -0.107016423814
-0.385764654527   0.119229308127   -0.914860646985
0.815957013579   0.132234188338   0.562786168475
-0.566196598432   -0.0138419935028   0.824153997224
0.116771417376   -0.991121848539   0.0635760759526
0.20751755745   -0.664910663505   -0.717516740507
0.97693196902   0.103071843505   0.18702973823
-0.0504022941521   -0.739776996557   0.670961700926
-0.503518048836   0.352571765102   -0.788772923565
-0.843476247051   -0.00286228018885   0.537158848025
0.187129354076   0.935780400417   0.29882711898
-0.292910430469   0.866556838978   0.404082571442
-0.17441893665   -0.463953890093   0.868518751902
0.940096545181   0.183918549061   0.287040856066
0.161033719854   0.750251989054   -0.64124105763
0.638638955977   -0.57457093098   -0.511867687182
-0.752468221906   -0.327093561835   -0.571665441345
-0.215188516591   0.431658922007   -0.875993423137
-0.912076525754   -0.409412701094   0.022308100572
-0.349013342862   0.803773485028   0.481806881717
0.945950901287   0.18625149081   0.26549439641
-0.00767085485364   0.831264838898   -0.555823646131
-0.324219139379   0.523745310035   0.787764431716
-0.0792472505246   -0.846821150414   -0.525940883081
-0.0256336956647   0.529156830567   -0.848136759202
0.996525356893   -0.0537306977012   -0.0636413795709
0.922476191588   -0.105811467992   0.371270264356
-0.106272217723   0.854949346364   0.507708411287
-0.371138642146   -0.507804636049   0.77742559767
-0.960807583969   -0.265064371278   -0.0811767557071
0.258136809178   -0.962218944608   0.0866030622173
-0.101065198441   0.0622541702757   0.992930130446
0.206809193097   -0.15543016386   0.965956221478
0.243912376088   -0.947936427089   -0.204751759426
0.947489688831   0.27795322333   -0.158130627011
-0.335254504037   -0.242687644239   0.910333523966
0.841438442455   -0.511757662681   0.173451555906
0.423775606993   0.82414003787   0.375775774761
0.636791582091   0.492043425548   -0.593624248454
0.188167049187   -0.845799289992   -0.499216108163
-0.747722971814   0.206196092165   -0.631184227463
-0.328288808108   0.0890727918287   0.940368276914
0.811902115073   0.535400077063   0.232726691681
-0.482743631766   0.839888561201   -0.248084241241
0.763375567703   -0.26679069859   -0.588286040783
0.499923549061   -0.332724942916   0.799606501635
-0.409065016506   -0.904498112495   -0.120619139292
-0.991180381196   -0.0824957160937   0.103710697411
-0.0769667275811   -0.278714680662   -0.957284832027
0.107877591634   -0.956824217717   0.269907098117
0.744224793106   0.609613583969   0.27294822873
0.249594888526   -0.632868735285   0.732925341028
0.61954164424   -0.477334727566   -0.623153038115
-0.497521334575   0.394414516199   0.772599321158
-0.858179601011   -0.0939202803324   -0.504684805944
-0.126492268742   -0.914120435366   0.385205835359
0.383254370603   0.874224010518   -0.298074599468
-0.455807344865   -0.101670840472   -0.884252624856
-0.803340371064   0.474758274948   0.359511931078
0.721658453465   0.670296138142   0.172951333427
0.585877637949   -0.724474338944   0.363158815896
0.368722754781   -0.160748310733   -0.915534549159
0.617754520289   -0.779808855442   0.10137801358
-0.741347308532   -0.534528762718   0.405811742018
-0.262266125902   -0.32584835553   -0.908316755544
0.471511482634   -0.842070711547   0.261904254449
-0.81029411424   -0.296501958135   0.505480006776
-0.347994784691   -0.450559103311   -0.822129019225
0.645741027592   -0.697288838412   -0.311137913329
0.0280485589243   -0.385548064154   0.922261334205
-0.763041154609   -0.604268951754   -0.229406256062
-0.163018925313   -0.56559017353   -0.808413622842
0.35034905521   0.732789931788   -0.58333048556
0.922323354092   -0.37832085784   0.0786953557722
0.890269873893   0.44847012339   0.079335364524
0.319129958254   -0.490010135456   -0.811200429545
-0.324924024015   0.747505595682   -0.579361513255
-0.231047489948   0.79596355126   0.559516829465
0.627396529672   0.561427667702   -0.539604084949
-0.743633412337   0.226364747706   -0.629101223216
0.11419427456   -0.0668052179168   0.991209730843
0.880572772917   -0.45512120137   -0.13212223
0.459947017877   0.887919903439   0.00685462055925
0.0620961107603   -0.684769566161   -0.726109299133
0.968712122145   0.216505187749   -0.121335601073
0.240293357042   -0.695856411149   0.676788709735
0.146390141551   -0.512946070235   -0.845846472764
0.983777035508   -0.0141411062906   0.178837282242
-0.103695086014   -0.858304350533   0.502554445799
-0.396416716832   0.343859826311   0.851242742386
0.526093702452   0.844954128868   -0.0963220449805
-0.752382351505   0.409649777197   -0.515856430788
-0.11445157792   -0.993369032507   0.0108996132297
-0.962572264625   0.113603248435   0.246066936664
-0.245673506275   0.0176710837852   -0.969191550269
0.468921641618   0.177604779935   -0.865198841982
-0.232411360363   0.969864589117   0.0731275485067
0.852113521543   0.166790949756   0.496067863788
-0.811926639777   -0.368177980224   -0.453012258663
-0.379782999268   -0.256190353371   0.888893343606
-0.443328326511   0.893762539894   0.0681800351619
-0.701972766138   -0.141480610385   -0.698009650711
-0.32762091944   -0.806070102918   0.492864608515
-0.632375496636   0.574660096115   0.51948725219
0.0627433397615   -0.321966485304   -0.944669707176
0.671510383591   -0.686619434558   0.278617222758
-0.738333988142   -0.651836892504   0.173123041581
-0.900606275682   0.418698218206   0.116619630736
-0.434585788503   -0.863409073223   -0.256242004181
-0.00659762328637   -0.281454391238   0.95955192513
0.485284888725   -0.868949018214   0.0970885189904
-0.542189324853   -0.211951517874   0.813085044805
-0.68595139244   -0.447218244055   -0.573991750284
-0.592473349664   -0.186338343852   -0.783743166828
-0.434946336045   -0.744904878583   0.505903554666
-0.678083339051   0.640620592452   0.360289108672
-0.342011336354   -0.891562302311   -0.296892079557
0.937562525922   -0.345033093422   -0.0439166759888
-0.0632831398678   -0.293374889079   0.953900633539
0.644625496827   0.358200177803   -0.675389222199
-0.546940503347   -0.401169144404   -0.734792081732
-0.534147970734   0.843063431896   -0.0626896734761
0.760654917697   -0.582405735198   0.286718774746
-0.518068668241   -0.81077388047   -0.272489577295
0.391163586203   0.0587305231979   -0.91844530293
-0.692934847587   -0.349889014036   -0.630411750252
-0.62524238301   -0.143805318494   0.767067137127
-0.359044926837   0.92568769476   -0.119117724472
-0.896032466577   0.190630168711   0.400981243474
0.0998059308521   -0.793537209774   0.600281161515
0.432625236212   0.577891716051   0.692009081958
0.567663553593   0.147345979719   0.809967438964
-0.381293470426   -0.824913054115   0.417293353123
0.729639211756   -0.54571752346   -0.412091015744
-0.442507447354   -0.467704850536   0.765140073334
0.404782746691   -0.865530753371   -0.294970240789
0.800211276487   0.17918897219   0.572322658321
0.806395015812   0.133042125386   0.576217729116
0.171107145032   0.880199616944   -0.442686095614
-0.566082523483   0.455574831618   0.68702412578
-0.626568906356   0.52662440358   -0.574524275502
-0.0293147694362   -0.7525718687   -0.657857299674
-0.77881451571   -0.395350882124   0.486976005696
-0.591074584766   -0.379915457357   0.711544152182
-0.514990268162   0.856684407727   0.0296116405361
-0.620818700541   -0.348935625607   -0.702017143836
0.569063037317   0.489713111609   -0.660566671789
0.0419802549136   -0.819576177103   -0.571430265319
-0.821221600883   0.297449085128   -0.486948789915
0.927775737554   0.356579626026   0.109923387453
0.339167526817   -0.928697787372   0.149952687482
0.155555679932   -0.101840021764   -0.982563504517
0.687123115924   0.726482024739   -0.00925695928083
0.300486633422   -0.27256054551   0.914012326047
0.661490443392   -0.630820589996   -0.405580789163
0.211744086813   -0.16448110046   -0.963384870803
0.794314244243   0.603274770173   0.0715851455659
0.569411383002   -0.780388056844   0.258389546312
-0.311151739079   0.277327057239   -0.908996313849
-0.261290091761   0.894651034125   0.362390693984
0.913735236935   0.350270224915   -0.205909412903
-0.167709517849   0.0749019569771   -0.982986884177
-0.0359012664989   -0.996912119807   -0.0698378439408
-0.985182529629   0.0235780029589   0.169880726069
0.557317327525   -0.829566273812   -0.0348883045524
0.295605017488   0.158976306227   0.941989494471
-0.77589630111   -0.535300225492   0.333824203004
0.178222649767   0.881583204956   -0.437090082076
0.382327073461   0.347259002097   0.856292703671
0.906676731812   -0.319722126543   -0.275163707254
-0.465549222545   -0.630932655216   0.620635082774
0.192127264706   -0.756590732796   -0.62502606122
0.86391610446   -0.171739476038   0.473449592698
0.174475640895   0.453855691204   -0.873826791931
0.811268059016   0.43667692432   0.388789660596
0.558034396031   -0.776742090612   -0.292009139441
0.25902014999   0.526502668858   -0.809755210903
0.366331847911   0.72217609409   0.586739010405
0.89370551028   -0.448616349246   -0.00581653540298
0.2813552721   0.247077604492   -0.927249625624
0.769639214517   -0.635236603639   0.0642645849185
-0.573144563212   -0.731728853303   -0.36888778091
0.949626233287   0.296953066832   -0.100144361561
0.234363633242   -0.885082908342   -0.402121788486
-0.208047361115   0.358395202898   -0.91009294804
0.753355050697   0.562275284859   0.341031775097
-0.0354145719899   -0.483148305603   0.87482199497
0.656659710718   -0.671129062722   -0.344069477708
0.608325832711   0.037359262813   0.792807648007
0.335422088901   -0.917407132228   -0.214140552008
0.719327257606   0.396192427009   -0.57061357962
-0.739021037765   0.526340017087   -0.420492677884
-0.205772984543   0.417980780217   0.8848443627
0.64148685456   0.740444632489   -0.200590033761
-0.762061458844   -0.450410759523   -0.465180051862
0.400093315269   -0.89240949656   0.208639951896
-0.509104775092   -0.0271189630312   0.860277216845
0.0352152615619   -0.982629602721   -0.182205788081
0.926048248211   -0.0364660496646   0.375639280703
-0.37575860248   -0.181959586389   0.908678260763
-0.634790191046   0.556908668686   0.535625006973
-0.626704903574   0.0343977365965   -0.778497115957
-0.451976080328   -0.829861151314   0.327182047722
0.990781186382   -0.134359543554   0.0173249464106
-0.00231485443051   -0.144658015568   -0.989479004315
0.135452139744   0.980317077066   -0.143635463069
-0.474043259807   -0.880021965589   0.029057321147
-0.851783789065   0.449972946858   -0.268307144486
0.223041172248   -0.151939748509   -0.962895086863
0.106922057018   -0.982597031512   -0.151890577015
-0.0585205440658   0.146282138022   -0.987510446536
0.992543711705   0.114475367476   -0.0418613257792
0.345780910115   -0.291034654234   0.892039456658
-0.852781141412   0.29909290044   0.428144557081
-0.391407571531   -0.908758640642   -0.144768249305
0.379203146967   0.257203849664   -0.888848217104
0.440807140605   0.794372945519   0.417924261343
0.813568705225   -0.550288836109   0.187851427283
-0.433834450542   0.217604200914   0.874320353913
-0.892927481798   -0.233389402408   -0.384980387933
0.120283755229   -0.947722426974   0.295557134306
-0.772361427787   0.625004814451   0.113255493377
-0.620109909547   -0.780563210808   0.0786433342024
0.137555534053   -0.00948977586308   0.990448594933
-0.586748004879   -0.754326637543   -0.294479375618
0.774594550617   -0.628849804439   0.0674626238105
-0.236072151947   -0.188518559698   0.953273670949
0.0344143946712   -0.739392348628   0.672394678912
0.858026671768   -0.323118791113   -0.399229855302
0.512450856155   0.590671822266   0.623298418422
0.990221295146   0.134970686723   0.0352803113039
-0.0644620770733   0.21840550137   0.973726695532
0.123719146698   -0.966479151713   0.224970269244
-0.763685009554   0.11056133393   -0.636051411147
0.0285802846821   0.990050465793   0.137779688308
0.644956102002   0.0870417521792   -0.759246573827
0.738986877388   -0.557503478501   -0.378270097294
-0.416615404948   -0.8193906125   0.393739290022
-0.529461990522   -0.133375018675   -0.837783447548
0.0861097565968   0.924641868762   -0.370975099369
0.883623708157   0.101121938829   0.45714712716
0.460211095261   -0.367167220787   -0.808327891253
-0.408764832226   0.848888781639   -0.335110650895
0.908412345275   0.413751109252   -0.0599752494278
0.0877400871147   -0.328934425076   -0.940267951763
-0.963022258585   0.25748039792   -0.0793219651641
0.176983928449   0.382590928905   -0.906808066898
-0.203137437567   -0.887315065694   -0.41401347279
0.59277451439   0.734967086725   -0.329304959757
-0.803185048103   0.50940230533   -0.308873873659
-0.0592634254317   0.447585380409   0.892275279076
-0.645912568034   0.174766949334   -0.74313758341
-0.362615282345   0.786383326699   0.500111408088
0.671793950156   0.59250128853   -0.44456170733
-0.794289898481   0.472002518073   -0.38251428745
0.43570352419   0.00377234272031   -0.900082334256
-0.423398153254   -0.881589128996   -0.208649494267
-0.973379168821   -0.145824978314   0.176827795905
0.191192518177   -0.0911120351865   0.977314697545
-0.126405754213   0.985105919556   0.116567201896
-0.574452352407   0.5207662857   0.631511655073
0.693149580035   0.719848144039   0.0369094733166
-0.435371283517   0.458934772274   -0.774487391948
0.932505591619   0.361122729005   -0.00486787385548
-0.350396718032   0.901378676349   -0.254437854526
-0.0874954946964   0.238970409088   0.967076874911
0.997769363177   -0.0652165016025   -0.0142515200786
0.0117164616048   0.381258551997   -0.924394202198
0.0657192698779   0.922165237063   0.381172209268
-0.852871677194   -0.406968391055   0.327088108807
-0.510880358163   0.521173210761   -0.683651771027
0.107755101428   -0.75017012275   -0.652406027754
-0.341295226351   -0.797316149426   0.497799684949
-0.451983927707   -0.325142519007   -0.830658095385
0.824152957627   -0.508497099499   -0.249404495221
0.439301328704   0.302136348992   -0.846007073975
0.326485914347   0.823652215538   0.463685211725
0.836911757793   -0.479906922702   0.263188250518
0.156891360344   -0.409024731046   0.89893485328
-0.960346082276   -0.27559702762   0.0422099588323
0.230478856529   -0.86991094243   -0.436044090584
0.0392828171633   -0.597212206108   -0.801120740682
0.998044879742   0.0624560206495   0.00237981187861
0.0486135608207   -0.799647939008   0.598498032866
-0.996036960595   0.0174646401468   -0.0872087121429
0.0870824646329   -0.00786473106175   -0.996170060963
-0.018083624707   -0.999816549348   0.00631269891473
-0.570683436074   -0.133345404389   0.810271200845
0.335783938592   0.862569312372   0.37844858031
-0.749379451529   0.488050391336   -0.447478773958
-0.830594358731   0.548623400891   0.0955268299385
0.00173963569154   -0.168982909605   0.985617446035
0.55687519689   0.818814472427   0.139401846591
-0.931376535779   -0.0137151189808   0.363798906144
0.265932856944   0.656829788226   0.705587942709
-0.248631181065   0.753914136232   -0.60810855198
-0.579580486329   0.168222702249   -0.797362892487
0.528780584777   -0.666870238267   -0.525047786851
-0.620062539612   -0.725937468218   0.297552078145
0.300170420988   -0.106718278308   0.947897108044
0.723571006293   -0.622048793134   -0.299166003772
0.621564732925   0.775671649627   -0.109502396085
-0.245962138134   -0.812410062709   -0.528670518011
-0.221367482232   0.578093863934   -0.785368653749
0.943662579747   -0.0761404917971   -0.322030372937
0.94879179301   -0.12080251133   0.2918919094
-0.228602804532   0.375153211153   0.898332246956
-0.218024978562   -0.919057572418   0.328326494978
0.999898382145   -0.00175618308745   0.0141471270825
0.0019485697184   0.999905661911   -0.0135967037906
-0.0141219141683   0.0136228887861   0.999807475688
0.894449984192   -0.404682688235   -0.190239710951
-0.267179615245   -0.82479477167   0.498325834995
-0.358572557479   -0.394899362457   -0.845860635421
0.862232513969   -0.506469436966   0.00661825306636
0.506441689165   0.86225682608   0.00547552319594
-0.00847981903335   -0.00136941486829   0.999963108006
