-0.513875126839   -0.777230799198   -0.363104194403
-0.0668706446886   0.458268612623   -0.886294662952
0.855254709721   -0.431163787842   -0.28746676445
-0.15000680089   -0.860530376434   0.486811518669
0.710003197193   0.248893365264   0.658746957779
-0.688035905361   0.444454282522   0.573643624783
0.781650543213   0.216811433434   -0.584820687771
0.252104312181   0.747806787491   0.614189207554
0.570496141911   -0.627517163754   0.529864490032
0.946515023708   -0.191050246358   0.260017484426
0.0884040594101   0.92857247591   0.360468953848
-0.310312747955   -0.318202704191   0.895797431469
-0.609411597252   0.72973716259   -0.310001850128
0.389405727386   -0.0651051998138   -0.918762505054
-0.690637886524   -0.680621027946   -0.244487985969
0.593250334263   -0.688175976276   0.417693585157
0.536743342876   0.724837064743   0.431877106428
-0.599967241287   -0.0320169888437   0.799383640289
0.229248270392   -0.94851231575   -0.218562543392
-0.815317153931   -0.064465098083   -0.575414776802
0.531698346138   0.310110628605   -0.788116931915
0.947587490082   -0.198731660843   0.250167191029
-0.115390062332   -0.943028628826   -0.312061131001
0.29793125391   0.266838431358   -0.916533827782
-0.994868218899   0.0760948434472   0.066684499383
-0.0970342755318   -0.530855953693   -0.841888546944
-0.0286635179073   -0.844038844109   0.535515487194
-0.986885011196   0.0778917744756   -0.141388908029
0.0697313398123   0.995650410652   0.0617881342769
0.145586714149   0.0511185452342   -0.988023996353
-0.886921882629   -0.219298899174   -0.406543493271
-0.461234688759   0.372540831566   0.805280029774
-0.0251429695636   0.901732385159   -0.431562870741
0.890547215939   0.0263388380408   -0.454127669334
-0.450536638498   0.188869282603   -0.872550964355
0.0627887919545   0.981648921967   0.18006362021
0.195824965835   0.68355435133   0.70314013958
-0.37289750576   0.715064942837   -0.591294825077
-0.906973004341   -0.146408900619   0.394923299551
-0.446028321981   0.801653444767   0.398008167744
0.864036560059   0.269679933786   0.42510420084
0.233451426029   0.533502101898   -0.812942743301
-0.838161349297   0.524879157543   0.148281484842
-0.492799282074   -0.845278739929   0.206525459886
0.233740091324   0.100028656423   0.96714001894
-0.018241846934   0.591607511044   -0.806019723415
0.511171996593   0.698349475861   0.50101017952
0.859284818172   -0.402875363827   -0.31515237689
0.737368166447   -0.674814403057   0.030227381736
0.6643897295   0.716443896294   -0.212824910879
0.121961094439   0.177013069391   0.976622700691
-0.220510989428   -0.918632209301   0.327856361866
-0.959604859352   0.264537870884   0.095802873373
-0.174738034606   -0.293486982584   -0.939857423306
0.113377198577   0.92442303896   0.364125877619
0.863922953606   -0.272727370262   0.423387378454
0.490696132183   0.26657423377   -0.829551339149
0.921471893787   -0.00949079263955   -0.388329058886
-0.0529952310026   -0.993425667286   -0.101473785937
-0.38481298089   0.11408483237   -0.915916800499
0.812441289425   0.139565527439   0.566092431545
-0.570099473   -0.0132881440222   0.821468174458
0.122170954943   -0.990123689175   0.0687704011798
0.210461571813   -0.666485667229   -0.715194225311
0.976330697536   0.105997286737   0.188528388739
-0.0498428232968   -0.737944066525   0.673018753529
-0.503163635731   0.351634830236   -0.789417028427
-0.844782173634   -0.00762533582747   0.535056054592
0.182124763727   0.936106204987   0.300891637802
-0.29779163003   0.868024051189   0.397308975458
-0.174001827836   -0.458573818207   0.871454775333
0.938639163971   0.190379440784   0.287597209215
0.163819268346   0.751432538033   -0.639149725437
0.641959428787   -0.57315081358   -0.509299755096
-0.74903357029   -0.326875090599   -0.576282322407
-0.21969178319   0.437922596931   -0.871756434441
-0.912540972233   -0.408226668835   0.0248992331326
-0.344970315695   0.800983667374   0.489306330681
0.942531943321   0.180329993367   0.281273216009
0.00719999615103   0.830685079098   -0.556695997715
-0.334038436413   0.526728928089   0.781648874283
-0.0769178569317   -0.839625418186   -0.537692129612
-0.0332724377513   0.541151046753   -0.840266942978
0.996482133865   -0.0467412024736   -0.0695605576038
0.926095843315   -0.109486363828   0.36105298996
-0.0963885113597   0.856552839279   0.506977796555
-0.364768117666   -0.504311382771   0.782696783543
-0.959326386452   -0.270948648453   -0.0792444571853
0.263472557068   -0.960144281387   0.0933014973998
-0.10136602819   0.0686278492212   0.992479264736
0.213256120682   -0.152054414153   0.965091347694
0.246758341789   -0.947406053543   -0.203794181347
0.945321202278   0.281604707241   -0.164519444108
-0.341937363148   -0.240631386638   0.908391654491
0.838721513748   -0.514118432999   0.179523006082
0.423821985722   0.82327324152   0.377619028091
0.637112021446   0.48777499795   -0.59679466486
0.186382696033   -0.848800599575   -0.494771659374
-0.747896909714   0.203992769122   -0.631693899632
-0.338459134102   0.0969003662467   0.935978472233
0.811882317066   0.532922923565   0.238412052393
-0.475702166557   0.840597093105   -0.259044319391
0.75897872448   -0.263406038284   -0.595456600189
0.506563544273   -0.335689872503   0.794169843197
-0.409077882767   -0.904394567013   -0.121349565685
-0.991853654385   -0.0836814045906   0.0960405617952
-0.069484911859   -0.276481807232   -0.958503842354
0.106762416661   -0.957368910313   0.268414914608
0.744751214981   0.610369205475   0.269805669785
0.250869065523   -0.630710959435   0.73434895277
0.618393361568   -0.479221373796   -0.62284553051
-0.495154678822   0.3927077353   0.774985492229
-0.859973490238   -0.0946771353483   -0.501479685307
-0.123561538756   -0.914776921272   0.384598076344
0.384124994278   0.872255504131   -0.302685201168
-0.456630915403   -0.105455264449   -0.883384048939
-0.802456378937   0.477545320988   0.357790827751
0.723418176174   0.668883323669   0.171059146523
0.587186276913   -0.726398050785   0.357152849436
0.363150596619   -0.157927289605   -0.918248653412
0.619917213917   -0.77695196867   0.109764881432
-0.741872549057   -0.534778773785   0.404520392418
-0.25559297204   -0.332200706005   -0.907917916775
0.469264060259   -0.841549932957   0.267553538084
-0.811928033829   -0.292048633099   0.505450725555
-0.34722340107   -0.454424083233   -0.82032597065
0.647373855114   -0.699011385441   -0.303793072701
0.0186666492373   -0.38392752409   0.923174500465
-0.761943995953   -0.603309810162   -0.235496431589
-0.163399353623   -0.567795455456   -0.806789278984
0.351885706186   0.730449616909   -0.585337340832
0.921670794487   -0.379541367292   0.0804441124201
0.885231971741   0.458524465561   0.0782284289598
0.324954748154   -0.489282727242   -0.809324920177
-0.332819461823   0.741860985756   -0.582128405571
-0.231917530298   0.796416819096   0.558511018753
0.62879306078   0.560820758343   -0.538608729839
-0.74218159914   0.226275056601   -0.630845546722
0.115416042507   -0.0734750404954   0.990596055984
0.880038201809   -0.454929769039   -0.136278063059
0.460664689541   0.887491047382   0.0121546424925
0.0723034590483   -0.683007597923   -0.726823806763
0.966056764126   0.229161635041   -0.119244717062
0.248005181551   -0.693531215191   0.676393270493
0.136181205511   -0.517206668854   -0.844956755638
0.985107421875   -0.0196725428104   0.170810967684
-0.104967020452   -0.855634391308   0.506825089455
-0.398902356625   0.346924394369   0.848834693432
0.532006084919   0.841515481472   -0.0939214155078
-0.746891140938   0.414119780064   -0.520248413086
-0.12130625546   -0.992581248283   0.00819961167872
-0.961443126202   0.119546674192   0.247660398483
-0.246803313494   0.0221592951566   -0.968812227249
0.465265244246   0.181857526302   -0.866288721561
-0.237815305591   0.968366861343   0.0755609795451
0.852626621723   0.170860812068   0.493795961142
-0.811845064163   -0.380584567785   -0.442790061235
-0.363671302795   -0.263688534498   0.893426835537
-0.456783145666   0.886354207993   0.0756665617228
-0.701382160187   -0.143450200558   -0.698201298714
-0.323872774839   -0.808445632458   0.491448909044
-0.634956300259   0.570821940899   0.520569741726
0.0576598756015   -0.324458450079   -0.944140911102
0.668507933617   -0.68983566761   0.277891874313
-0.741466403008   -0.647188901901   0.177127212286
-0.901229918003   0.416920274496   0.11816162616
-0.433269381523   -0.861967265606   -0.26323017478
-0.0078945402056   -0.288426697254   0.957469403744
0.491348654032   -0.865837454796   0.0943504571915
-0.532191514969   -0.212712615728   0.819466590881
-0.689455330372   -0.452856332064   -0.565307438374
-0.593059778214   -0.183935880661   -0.783867120743
-0.441598057747   -0.739757597446   0.507690668106
-0.673254191875   0.647245109081   0.357494771481
-0.334336102009   -0.892982900143   -0.301331877708
0.939819991589   -0.339788287878   -0.035809725523
-0.0704115703702   -0.29517018795   0.952846646309
0.644791960716   0.360871940851   -0.673806130886
-0.540990293026   -0.407290548086   -0.735828757286
-0.539974808693   0.838979065418   -0.0673894733191
0.763109385967   -0.580647706985   0.283746778965
-0.515510737896   -0.811692476273   -0.274597972631
0.389759808779   0.0632737800479   -0.918740272522
-0.688306510448   -0.351105719805   -0.634790480137
-0.629501223564   -0.145777910948   0.763201832771
-0.360502958298   0.924918115139   -0.120681606233
-0.896891057491   0.195360660553   0.396762639284
0.0963305160403   -0.789303302765   0.606399774551
0.431632727385   0.582094907761   0.689099907875
0.571569442749   0.141549453139   0.808252513409
-0.389195352793   -0.820395052433   0.418902039528
0.722381711006   -0.553999722004   -0.413822352886
-0.447476893663   -0.466438621283   0.763019919395
0.404384970665   -0.866533041   -0.292563229799
0.797644793987   0.17763851583   0.576374292374
0.804838836193   0.135169804096   0.577895760536
0.171444818377   0.879254698753   -0.444429844618
-0.568191051483   0.45677164197   0.684484183788
-0.629527926445   0.530858337879   -0.567348182201
-0.0323279462755   -0.747462272644   -0.663517177105
-0.776305019855   -0.399361371994   0.48770993948
-0.596854090691   -0.367857098579   0.71305423975
-0.506710112095   0.861872851849   0.0204950086772
-0.622101306915   -0.349079251289   -0.700809240341
0.566630721092   0.491832256317   -0.661082923412
0.0303229857236   -0.814216017723   -0.579769611359
-0.823413729668   0.308469265699   -0.476273655891
0.927185475826   0.357971101999   0.110380135477
0.341232270002   -0.928664922714   0.145402893424
0.154556199908   -0.0971501842141   -0.983195900917
0.6823605299   0.730940341949   -0.0105008371174
0.304104864597   -0.270772099495   0.913347005844
0.664758861065   -0.626425266266   -0.407046705484
0.213020771742   -0.168087542057   -0.962480485439
0.794950604439   0.602538704872   0.0707149282098
0.568045496941   -0.780188202858   0.261974573135
-0.308930277824   0.278133094311   -0.909507572651
-0.258732378483   0.895642578602   0.36177611351
0.915215611458   0.347082644701   -0.2047290802
-0.162962839007   0.0679433196783   -0.984290003777
-0.0339758843184   -0.997420847416   -0.0632245317101
-0.986047029495   0.0231388732791   0.164850965142
0.54880297184   -0.83509761095   -0.0377790294588
0.304032146931   0.157295465469   0.939586400986
-0.778703927994   -0.527133822441   0.340220749378
0.176439940929   0.881296753883   -0.438389033079
0.391295880079   0.345872074366   0.852795422077
0.903192400932   -0.322007000446   -0.283822149038
-0.463655263186   -0.639203548431   0.613549172878
0.199339821935   -0.749984323978   -0.630703687668
0.863300323486   -0.170124292374   0.475152909756
0.170464873314   0.451041102409   -0.876072883606
0.806558072567   0.446867436171   0.387005925179
0.566044032574   -0.772574543953   -0.28761562705
0.258107066154   0.526163697243   -0.810266971588
0.361045867205   0.725386738777   0.586054563522
0.896117508411   -0.443808346987   -0.00274178734981
0.281484156847   0.252212136984   -0.925827026367
0.768481492996   -0.637042999268   0.0601034201682
-0.574632823467   -0.728399097919   -0.37313786149
0.949128389359   0.297715306282   -0.102571502328
0.234556943178   -0.885763347149   -0.400507539511
-0.210091307759   0.356074213982   -0.910534322262
0.750678658485   0.564974188805   0.342470020056
-0.0390656925738   -0.479503899813   0.876669764519
0.659511506557   -0.671476125717   -0.337882250547
0.609484732151   0.0370513014495   0.791931569576
0.335085630417   -0.91733622551   -0.214969411492
0.718502640724   0.39638543129   -0.571517765522
-0.74142998457   0.525666892529   -0.417080253363
-0.197932630777   0.422575086355   0.884450674057
0.641174137592   0.738312005997   -0.209263190627
-0.762017846107   -0.454994767904   -0.460769474506
0.403190225363   -0.890168905258   0.212219029665
-0.506721198559   -0.0240630507469   0.861774086952
0.0386363826692   -0.982075214386   -0.184487149119
0.928524553776   -0.0329402126372   0.36980676651
-0.36925509572   -0.185588851571   0.910608291626
-0.63152885437   0.559404373169   0.536878049374
-0.63059091568   0.0323226936162   -0.775442063808
-0.451139003038   -0.828264474869   0.332342594862
0.989854872227   -0.140682160854   0.0198974516243
0.000279621774098   -0.138112589717   -0.99041646719
0.14208202064   0.980374157429   -0.136672079563
-0.480302393436   -0.876224458218   0.039246276021
-0.851064741611   0.454755336046   -0.262462258339
0.212128400803   -0.159462362528   -0.964143812656
0.101681679487   -0.983199238777   -0.151591926813
-0.0649835020304   0.145491778851   -0.987223029137
0.992692291737   0.110233470798   -0.0490978807211
0.348223656416   -0.289738297462   0.891511082649
-0.851818919182   0.299221754074   0.429966062307
-0.391337156296   -0.909130394459   -0.142608478665
0.379188030958   0.252439826727   -0.890219390392
0.443121731281   0.795037448406   0.414196282625
0.812317430973   -0.551533818245   0.1896071136
-0.429217517376   0.212831571698   0.877767086029
-0.894471287727   -0.234957545996   -0.380415678024
0.125273525715   -0.948418498039   0.291219621897
-0.768207371235   0.629987180233   0.113901600242
-0.625301718712   -0.776518344879   0.0775690078735
0.137314170599   -0.0116337863728   0.99045920372
-0.582133173943   -0.756903588772   -0.297015100718
0.776076853275   -0.626197040081   0.074712395668
-0.242540061474   -0.187013983727   0.95194542408
0.0370123200119   -0.73653948307   0.67538112402
0.859247326851   -0.321609348059   -0.39782088995
0.510219693184   0.595043718815   0.620966076851
0.990290522575   0.134588629007   0.0347937345505
-0.0640449598432   0.219570443034   0.973492205143
0.123381309211   -0.966268479824   0.226058244705
-0.759750545025   0.115687079728   -0.639840304852
0.0311325248331   0.989388346672   0.141920566559
0.649468958378   0.0879043787718   -0.755289971828
0.734501242638   -0.559074342251   -0.384634613991
-0.414714723825   -0.81844741106   0.397687792778
-0.537140250206   -0.132588550448   -0.833006978035
0.0941975340247   0.924900531769   -0.368355572224
0.881737530231   0.0942853614688   0.462222069502
0.462239980698   -0.368333101273   -0.806638062
-0.415352463722   0.846935749054   -0.331937044859
0.905523180962   0.419716507196   -0.0621755719185
0.0866607427597   -0.326401472092   -0.94125020504
-0.963247060776   0.257587194443   -0.0761838257313
0.172526225448   0.375883102417   -0.910465061665
-0.205887913704   -0.890146493912   -0.40650883317
0.599301755428   0.734414041042   -0.318548977375
-0.797906398773   0.515863955021   -0.311816871166
-0.0646747499704   0.441044658422   0.895151853561
-0.64561599493   0.180311486125   -0.742069959641
-0.372442692518   0.773978412151   0.512097477913
0.666683197021   0.606996834278   -0.432537138462
-0.792017817497   0.476716607809   -0.3813778162
0.431360512972   -0.00507772853598   -0.902165353298
-0.432013720274   -0.879042387009   -0.201615050435
-0.972018420696   -0.144581928849   0.185138389468
0.198711693287   -0.0857735425234   0.97629737854
-0.125274986029   0.985768198967   0.112103588879
-0.576451301575   0.522711098194   0.628073990345
0.695337712765   0.717510282993   0.0410425551236
-0.429196149111   0.460382580757   -0.777070462704
0.933601558208   0.358296871185   0.00338249769993
-0.345057845116   0.901568830013   -0.260976374149
-0.0965565815568   0.242480799556   0.965339243412
0.997873187065   -0.0637296363711   -0.0136960055679
0.0118182757869   0.38350880146   -0.923461616039
0.0641044080257   0.921335756779   0.383446335793
-0.852682113647   -0.410758405924   0.322816878557
-0.511185765266   0.528477430344   -0.677791059017
0.107806913555   -0.742959678173   -0.660597085953
-0.346461296082   -0.798131942749   0.492899537086
-0.454565107822   -0.316787064075   -0.832476139069
0.820569992065   -0.512475669384   -0.253048479557
0.442073732615   0.298313111067   -0.845919668674
0.333873897791   0.820586323738   0.463860273361
0.832525670528   -0.487490922213   0.263160705566
0.159339845181   -0.410625070333   0.897773861885
-0.958775401115   -0.281104207039   0.0415947623551
0.235288158059   -0.867391169071   -0.438488334417
0.0500994361937   -0.594744920731   -0.802351891994
0.997950434685   0.0618334300816   0.0164786018431
0.039811603725   -0.80153298378   0.596623778343
-0.996711552143   0.00982465967536   -0.0804333984852
0.0803882554173   -0.00490717822686   -0.99675154686
-0.0101874461398   -0.999939680099   0.00410125404596
-0.576761603355   -0.127000436187   0.806980133057
0.33343937993   0.865207493305   0.374478548765
-0.745764195919   0.485063821077   -0.456671506166
-0.831301629543   0.547104537487   0.098051853478
0.0058886455372   -0.167729884386   0.985815405846
0.555790305138   0.820087373257   0.136212423444
-0.931484997272   -0.0186698082834   0.363300383091
0.264708161354   0.650247395039   0.712115108967
-0.249530181289   0.759493112564   -0.60075366497
-0.578224897385   0.168874755502   -0.798208832741
0.525344789028   -0.671474337578   -0.522623240948
-0.624234616756   -0.72152864933   0.299545675516
0.291830152273   -0.108862392604   0.950254797935
0.725473582745   -0.622255861759   -0.294084638357
0.623316347599   0.775207459927   -0.102616243064
-0.250831186771   -0.810794532299   -0.528862833977
-0.209662482142   0.578862965107   -0.788009703159
0.945053100586   -0.0867747217417   -0.315190076828
0.950966715813   -0.116877101362   0.286360025406
-0.224871724844   0.374406516552   0.899584591389
-0.212355911732   -0.919869303703   0.329765766859
0.999955534935   -0.00594548042864   0.00731851579621
0.00597975216806   0.999971210957   -0.00466996012256
-0.00729054026306   0.0047135152854   0.999962329865
0.894239604473   -0.404822289944   -0.190930485725
-0.264516234398   -0.822095870972   0.50417214632
-0.361063301563   -0.400346487761   -0.842232704163
0.863153100014   -0.504902124405   0.00636720145121
0.504843533039   0.863165080547   0.00889398343861
-0.00998653750867   -0.0044624293223   0.999940156937
