-0.144391717019   -0.857120103477   0.494465583152
0.70869528568   0.259162919297   0.656190221963
-0.69058097046   0.445173835216   0.570015964215
0.777108403054   0.220998568203   -0.589289533166
0.254979489114   0.745485046909   0.615822616387
0.575402451488   -0.62881767435   0.522972592296
0.951420471685   -0.184502392867   0.246491286629
0.0859169514389   0.927862035292   0.362891613086
-0.295664277202   -0.324084730308   0.898638818146
-0.612556815491   0.732731540161   -0.296445231404
0.381139446455   -0.0547522834781   -0.92289525611
-0.692465167012   -0.678312185832   -0.245734510543
0.591228654582   -0.688061536304   0.420737462445
0.536866604336   0.725067057587   0.431337477217
-0.601849598483   -0.0291391894715   0.798077674411
0.229534665919   -0.948457650523   -0.218499442363
-0.81393747745   -0.0639572346179   -0.577421311479
0.533685023165   0.310383107324   -0.78666563262
0.947594720909   -0.199256391519   0.249722048014
-0.115560398692   -0.942516157341   -0.313540785456
0.297842248648   0.26825159893   -0.9161494575
-0.99516364957   0.0741470583297   0.0644297463931
-0.0941852800034   -0.533998619685   -0.840222798947
-0.0278946502023   -0.842227660779   0.53839983198
-0.987002864542   0.075974782406   -0.141615659401
0.0667293420421   0.995386921376   0.06893530215
0.146199717715   0.0585893626032   -0.98751949184
-0.888504202951   -0.221278502991   -0.40199328361
-0.457924946597   0.371341988036   0.807719444875
-0.0294536795269   0.901743745451   -0.431268580972
0.890801894954   0.0368778850322   -0.452892934324
-0.451039702129   0.192607352214   -0.871473251251
0.0550924265967   0.980582715603   0.188208382494
0.197091161146   0.682841119987   0.7034792886
-0.371953221339   0.715987196767   -0.590773345681
-0.907086492993   -0.145225168915   0.395099693082
-0.448415348141   0.799292628857   0.400061687446
0.860602145287   0.265201537951   0.434774933863
0.241416668511   0.539255587864   -0.806792661415
-0.84016026496   0.52361428344   0.14127532817
-0.492400590541   -0.845647656191   0.205965061907
0.227315407764   0.103479613785   0.968307633618
-0.00435976964535   0.591032958356   -0.806635629156
0.509723401395   0.695297297814   0.506698848271
0.860327292463   -0.408951966501   -0.304294665933
0.73607181859   -0.67645293988   0.0246920595178
0.664370710481   0.714975855974   -0.21776382668
0.129652754427   0.176694497037   0.975689099031
-0.213400795703   -0.920241838109   0.328046639022
-0.963457172524   0.253874980063   0.0854253292021
-0.161894764248   -0.297829094535   -0.940790718567
0.111231216616   0.920798339578   0.373839224056
0.869325496885   -0.272431807569   0.412372213471
0.481558436826   0.279120188821   -0.830775973734
0.922448399204   -0.00688122988196   -0.386059481063
-0.0529217085101   -0.992662768929   -0.108757669109
-0.382476884284   0.120754240078   -0.916044670082
0.815279489029   0.130038811916   0.564277647673
-0.567486704236   -0.0144892319857   0.823255070382
0.115231058239   -0.991403034991   0.0619825220868
0.210000642099   -0.667806732177   -0.714096558566
0.976469648362   0.106608806321   0.187460886379
-0.0490586620823   -0.736660523276   0.674480926007
-0.50067385123   0.36002056337   -0.787217191459
-0.843141838544   0.00314829398564   0.537682006599
0.196054973602   0.932939062358   0.301972120517
-0.289419618041   0.867683676426   0.404180005546
-0.172708513792   -0.462657761438   0.869551459278
0.941492542978   0.181859860147   0.283758468807
0.164550792558   0.752757815262   -0.637404053652
0.642003444573   -0.572336158857   -0.51016930663
-0.748838990175   -0.325264224643   -0.577454072581
-0.210162749309   0.430561768376   -0.877751749484
-0.912405622638   -0.408896133218   0.0178850587779
-0.35120869848   0.804624421182   0.478781756104
0.946624226709   0.18720938731   0.2624027783
-0.0103709772226   0.831325224667   -0.555689492078
-0.322172338335   0.523307762294   0.788894142303
-0.0812198529048   -0.843976075852   -0.530195948605
-0.0256349529116   0.533546305402   -0.84538228038
0.996366503711   -0.0550702658603   -0.0649698449936
0.923193153391   -0.10299241853   0.370279575743
-0.105191815021   0.858927724491   0.501176463842
-0.369660769544   -0.501633060694   0.782122235069
-0.958950909637   -0.268737263037   -0.0905218923193
0.26142051165   -0.961475099499   0.085004274948
-0.109878321896   0.0578506190613   0.992260078467
0.21174053969   -0.151071589834   0.965579121544
0.241123590224   -0.949364317894   -0.201410320198
0.94711407943   0.275470647419   -0.164591710892
-0.3348295603   -0.240326919752   0.911115914943
0.842113486332   -0.510148964765   0.1749085269
0.422769576671   0.825827517274   0.373195432932
0.637613616439   0.49246923411   -0.59238744153
0.187603858949   -0.845092061883   -0.500623562242
-0.747163716688   0.208070210312   -0.63123129581
-0.326796845118   0.0933412455482   0.940473963942
0.812699086265   0.53569947223   0.229229766102
-0.482414821659   0.839233878226   -0.250923251168
0.760577698129   -0.277069608723   -0.587157560171
0.497950633014   -0.331378310642   0.801394784999
-0.41661341268   -0.901898478913   -0.114071968943
-0.991130615874   -0.0831315274944   0.103678445534
-0.0767194609752   -0.279092970418   -0.957194451527
0.108508963867   -0.956658895774   0.270239801674
0.743408407044   0.60905560697   0.276396833385
0.248899637112   -0.635491477848   0.730889569027
0.620800219501   -0.474554379481   -0.624023427603
-0.498918461239   0.397298783139   0.770216866439
-0.857187747881   -0.0952602576015   -0.506117209969
-0.127708689267   -0.912731692372   0.388086766563
0.383736575935   0.871659091608   -0.304887958713
-0.455529161795   -0.10851754702   -0.883581984342
-0.803267964073   0.477948081194   0.355423984272
0.722913167868   0.668680122956   0.173964834781
0.58499877797   -0.726329343261   0.360865766514
0.367659217687   -0.159105514776   -0.916250151387
0.616215790932   -0.781334487222   0.0989664076327
-0.740816680215   -0.532380604619   0.409586213603
-0.267336075151   -0.32570943974   -0.90688695428
0.469792317838   -0.842067997056   0.26498441946
-0.811898569661   -0.294300726902   0.504190420922
-0.346577504759   -0.452005261365   -0.821934023184
0.647232715174   -0.697276284463   -0.308051271392
0.0235540014583   -0.385625602346   0.922354631161
-0.761928482009   -0.60423392799   -0.233165852061
-0.164261556402   -0.568646751244   -0.806014269918
0.351890601318   0.729570996463   -0.586429163228
0.921515673071   -0.379956617366   0.0802609820767
0.891387305075   0.446747627534   0.0764541716778
0.316535588778   -0.492876113144   -0.810480416489
-0.32439775602   0.746652423667   -0.580755034571
-0.232639961366   0.796614725025   0.557927860239
0.629357535275   0.560670150319   -0.538105964135
-0.741476641676   0.225951135685   -0.631789759879
0.114155842153   -0.0664035108638   0.991241143967
0.88032037497   -0.45567147701   -0.13190725077
0.4604394305   0.88766776394   0.00643881147567
0.0561776667649   -0.688767683242   -0.722802301237
0.96899389055   0.212079031425   -0.126780676224
0.2406136493   -0.693268763401   0.679325768474
0.151778119011   -0.50761289578   -0.848111139339
0.984040486999   -0.003031940094   0.177918725662
-0.0928852872067   -0.861579886622   0.499051495586
-0.392427403297   0.341944043855   0.853858838978
0.528662775974   0.843517833721   -0.0948331361133
-0.752672781047   0.414188272743   -0.511792599413
-0.113447469757   -0.993506863338   0.00852831963376
-0.963737442715   0.112127692989   0.242150125347
-0.241534182356   0.0192523815403   -0.970200352153
0.467989002087   0.170249894784   -0.867180062516
-0.231385632827   0.970641752365   0.0656907690121
0.852905021922   0.169910451527   0.493643045048
-0.815399606471   -0.367876199262   -0.446979487747
-0.377684501188   -0.247096029155   0.892355323843
-0.438723122268   0.896443365999   0.0625408200645
-0.701994555841   -0.143583436497   -0.6975667574
-0.322309930809   -0.809379573191   0.490951839879
-0.635084161956   0.569474492267   0.521891046256
0.0556533156225   -0.323930388315   -0.944442610949
0.671470576898   -0.687910467056   0.275511367016
-0.738938431948   -0.649498539276   0.179225194349
-0.89966269237   0.419799607135   0.119898633572
-0.43656222906   -0.862154292966   -0.257106477637
-0.0045620873508   -0.283652270456   0.958916359464
0.486827806373   -0.868138778425   0.0966113621372
-0.542689311719   -0.213935222662   0.812231523585
-0.684461105428   -0.447846846986   -0.575279252324
-0.593917889784   -0.188726485228   -0.782073298179
-0.433384478545   -0.743943817676   0.508645052315
-0.677815774165   0.641033703686   0.360054822437
-0.340990929828   -0.891698184876   -0.297656843848
0.937857922645   -0.344378587538   -0.0427313627613
-0.0644031562277   -0.293730828346   0.953716119267
0.647049596993   0.354555737334   -0.674994109995
-0.546629834813   -0.401449747318   -0.734870005885
-0.531528591043   0.844469259938   -0.0659471534472
0.763344150478   -0.579706933998   0.285035322029
-0.513819602036   -0.81228800534   -0.275996765132
0.391528646071   0.0642235819145   -0.91791996065
-0.695477795372   -0.354486445834   -0.625021111407
-0.621804336955   -0.139008785817   0.770737867489
-0.360099148192   0.92467121376   -0.123744388708
-0.896100988642   0.192875061181   0.399787746359
0.0982828997042   -0.792108424581   0.602437708103
0.432864300896   0.579128596508   0.690827860947
0.56732315315   0.148319824302   0.810028112113
-0.379189343488   -0.826111317431   0.416839292931
0.730999148071   -0.5436366287   -0.412430656243
-0.442524093085   -0.465962382925   0.766193101402
0.406376567709   -0.865840105113   -0.29185526233
0.799394080635   0.182209952066   0.572510917784
0.803450304683   0.135663670456   0.579709387765
0.172081646477   0.879219969712   -0.444252349997
-0.569960974708   0.456692031955   0.683064324771
-0.626835166452   0.523899188785   -0.576721247549
-0.0248190401509   -0.75324125662   -0.657275980336
-0.778756555433   -0.397690003736   0.485160710131
-0.59267203011   -0.376496583558   0.712032609395
-0.51445409689   0.857152945364   0.0250166510323
-0.619739539214   -0.351481398093   -0.701700788769
0.568420262375   0.491450492456   -0.659829380408
0.0474197307375   -0.820228277354   -0.570067461253
-0.821370663539   0.292748961924   -0.489538815989
0.926800402155   0.359137862419   0.109822381808
0.342539727186   -0.928266187076   0.144868829495
0.153972384109   -0.0966459426822   -0.983336454119
0.688658164978   0.724979758031   -0.0124213691809
0.301396935947   -0.270632101034   0.914285615214
0.659476934373   -0.63337402033   -0.404879686096
0.214961949842   -0.169582825186   -0.961786388655
0.794698152659   0.602799056477   0.0713313381391
0.56766736577   -0.779663375465   0.264346009374
-0.310115031615   0.280358594754   -0.908420464995
-0.266463774345   0.891596804743   0.366131391762
0.912592866418   0.355603989599   -0.201792163262
-0.169785905743   0.0735367232234   -0.982739118491
-0.0343726246386   -0.997056642975   -0.0686694001122
-0.984886971866   0.0221204469638   0.171802741312
0.55356322829   -0.83195594762   -0.037643722876
0.297360561149   0.155230776565   0.942061619963
-0.777910306736   -0.532684428488   0.333320939782
0.179773967786   0.882960324403   -0.433661623863
0.379008685466   0.344638966319   0.85882269043
0.907763049933   -0.318755490598   -0.272692519665
-0.464004499297   -0.630055058806   0.622680351388
0.191801246197   -0.757714787678   -0.623763600831
0.864819333207   -0.169998148922   0.472428073371
0.17794418497   0.456430368783   -0.871783893343
0.811007373693   0.433724715503   0.392619269958
0.55731757379   -0.776887488494   -0.292989601989
0.258616463445   0.526522015464   -0.809871666073
0.364325140845   0.723313199626   0.586587773264
0.894642241359   -0.446757866441   -0.00476450600222
0.282088852347   0.24654814436   -0.927167654767
0.769582880874   -0.635206095908   0.0652329107576
-0.57285952641   -0.731933846528   -0.368923767979
0.949268194143   0.297455213954   -0.102030818874
0.234986416985   -0.886581487447   -0.398440118397
-0.208976735884   0.354250673687   -0.911501541655
0.75184384308   0.565315680092   0.339336146619
-0.031347396339   -0.483429575298   0.87482181273
0.65859561136   -0.668366699595   -0.345742377354
0.609856841307   0.034831568276   0.791745646017
0.335638921385   -0.916365821072   -0.218217967925
0.71792821409   0.398822427811   -0.570542581043
-0.736914184495   0.527747687221   -0.422421651741
-0.209535646915   0.415787812109   0.88499456009
0.6426915947   0.740677350369   -0.195818044508
-0.760971310911   -0.449472627262   -0.467864951818
0.400989869019   -0.892747112772   0.205451584798
-0.510029784171   -0.0312663732056   0.859588320276
0.0368301762188   -0.982725568969   -0.181367089373
0.925965241235   -0.0346919862204   0.376011791047
-0.375808378082   -0.181788203899   0.908691979956
-0.632859307368   0.55967277854   0.535028504808
-0.627587849207   0.0339023886642   -0.777807259629
-0.453456295054   -0.828019940922   0.329788379599
0.990976250569   -0.133268404136   0.0143388822892
-0.0042469937714   -0.138141890453   -0.990403360358
0.133970273308   0.981405311593   -0.137461322879
-0.47221299864   -0.880866652717   0.032871228181
-0.853386408081   0.447511294973   -0.267324077041
0.220767334573   -0.154286952765   -0.963040105334
0.109135421525   -0.982390479748   -0.151652342323
-0.0537197306796   0.146511743058   -0.987749222412
0.992574268338   0.115945164368   -0.0367841422221
0.349672322616   -0.291579300137   0.890343077639
-0.851321661444   0.297858650258   0.431893125644
-0.391127489349   -0.908989414105   -0.144074850972
0.383939206487   0.255291737347   -0.887365108281
0.441039390593   0.79360186896   0.419142382142
0.811218196601   -0.552288157943   0.192101159326
-0.433202754431   0.209693717378   0.876563682151
-0.893131089789   -0.230491873429   -0.386251637328
0.121046273899   -0.950211563695   0.287133712898
-0.770692632534   0.627563235946   0.110440190088
-0.621764840893   -0.778559556119   0.0851662127217
0.139431464624   -0.00303084953595   0.990227084781
-0.589733309339   -0.753146711417   -0.291521077105
0.772376116685   -0.631426598135   0.0688147218504
-0.235901762792   -0.184581588062   0.954085945968
0.0361690205707   -0.735888727845   0.676135763817
0.857183686554   -0.324967414496   -0.399540100371
0.513739154034   0.594023521865   0.619038070483
0.990438066206   0.133115200843   0.036232312865
-0.0652701048599   0.22076246595   0.973141182894
0.121541147775   -0.966200958257   0.227339992831
-0.762896160347   0.113458783705   -0.636487487474
0.0294487135149   0.989557417536   0.141098863572
0.645849820456   0.0889000586569   -0.75827076851
0.736911022156   -0.559355500068   -0.379583422447
-0.415439817037   -0.817706669628   0.398454003423
-0.533265326524   -0.135931081683   -0.834955606509
0.0904467833082   0.924077535752   -0.371348961812
0.881940210942   0.0988833927045   0.460872545759
0.462602213401   -0.369192019184   -0.806037451923
-0.40521553732   0.849085100863   -0.338903087301
0.909944483015   0.410399410389   -0.0597791565851
0.0883280754859   -0.332606375803   -0.938920529543
-0.962429621377   0.259595566789   -0.0795798539542
0.178882562915   0.385733693002   -0.905101397407
-0.204264143052   -0.885334768665   -0.417676758809
0.596264953188   0.730768600281   -0.332333201848
-0.80078323764   0.512182138113   -0.310508714903
-0.0566948897471   0.45127232195   0.890583505653
-0.644254716772   0.176983730896   -0.744051341839
-0.363242534892   0.785321767245   0.50132280425
0.673045690231   0.593250749864   -0.441659205819
-0.796935543674   0.466996943131   -0.383357784849
0.434233283176   0.00143489665826   -0.90084730267
-0.420108071666   -0.884306656117   -0.2039980402
-0.973457935536   -0.141060943752   0.180224829605
0.194398899526   -0.0940520815539   0.976403100153
-0.120781815359   0.985523087641   0.118978097012
-0.574154715143   0.521414761643   0.631247150044
0.693517153363   0.71951658722   0.0364668437216
-0.435178441664   0.458718343911   -0.774723921251
0.930522631637   0.366190788847   -0.0056514879022
-0.355898650783   0.900513869555   -0.249821781961
-0.0863931914125   0.234476179036   0.968275342278
0.997895919438   -0.0627912054938   -0.0161554483883
0.0092520438898   0.384530309175   -0.923066005183
0.0641726864316   0.920974329042   0.384302173402
-0.850106147213   -0.411439556331   0.328694749493
-0.515318531246   0.521348547547   -0.680178898074
0.108487594742   -0.747605519988   -0.655224616984
-0.341427572733   -0.795601125627   0.500446344206
-0.450110073953   -0.329016525265   -0.830150302608
0.82512339432   -0.508691903312   -0.245773023812
0.440906130824   0.298791193233   -0.846360208829
0.330779128538   0.822500694325   0.462685395089
0.834378180663   -0.48395911971   0.263811708224
0.156323301173   -0.410237369901   0.898481076359
-0.959416923887   -0.279220040067   0.0394361782854
0.234695782661   -0.868182783943   -0.437237240887
0.0363888664618   -0.596209727695   -0.802003619298
0.997957683632   0.0638412452156   -0.00217982023223
0.0525005375599   -0.800286355337   0.597315193732
-0.996232496255   0.0195533575747   -0.084504474448
0.0843983328227   -0.00619341341629   -0.996413486743
-0.0200065342057   -0.999790268684   0.00451853885464
-0.571320054161   -0.133713410826   0.809761724967
0.333848698405   0.863462067973   0.378124711985
-0.749758877259   0.486368147606   -0.448673141647
-0.827277038493   0.553211000624   0.0978232085112
0.00329130340109   -0.169350771394   0.985550049995
0.561783729434   0.815645341133   0.138279751123
-0.930228325779   -0.0116668807239   0.366794551468
0.26936833487   0.657084286459   0.704046007209
-0.249228929424   0.753726717047   -0.608095571923
-0.579283588173   0.168391537631   -0.797543534933
0.533040118182   -0.661974761309   -0.5269331734
-0.61668438643   -0.730366090995   0.293710967173
0.301001957693   -0.102383616125   0.948111500012
0.725957182492   -0.620095330245   -0.297435623668
0.618372048603   0.777817058303   -0.112323786727
-0.246425837244   -0.813816251528   -0.526286488797
-0.225906493437   0.576307836721   -0.785388790031
0.942465180133   -0.0746485367014   -0.325863524151
0.949496970946   -0.122937752278   0.288689818832
-0.225302240224   0.373242707317   0.899960435412
-0.218390482811   -0.919552170255   0.326694669018
0.999854171633   -0.00778177034373   0.0152012997518
0.0080376111131   0.999825852837   -0.0168422326069
-0.0150675901   0.0169619586695   0.999742596711
0.891637722114   -0.407894372948   -0.196479814946
-0.266631037005   -0.823808124903   0.500247407459
-0.36590986222   -0.39365182469   -0.843295685103
0.862350213163   -0.506256162656   0.00753717046864
0.506170273291   0.862365373848   0.0108451709649
-0.0119902294438   -0.00553724388267   0.999912782861
