-0.144921309827   -0.856832100367   0.494809623066
0.708399401689   0.25928266186   0.656462327346
-0.690773551162   0.445658222541   0.569403765966
0.77753820961   0.221201305034   -0.588646172856
0.254832436087   0.744941938847   0.616540298005
0.574886739875   -0.62938977764   0.522851553966
0.951546651128   -0.183548704948   0.246716120305
0.0846281189059   0.927647629592   0.363741607972
-0.29562992507   -0.325237987928   0.898233376919
-0.612987560583   0.732756837884   -0.295490334662
0.37906329302   -0.055389643117   -0.923711847426
-0.693223009738   -0.678232978941   -0.243808442263
0.590517790459   -0.688663376153   0.420751102904
0.537179695784   0.724500005509   0.431900120979
-0.60226797249   -0.0290257542527   0.797766127051
0.22963308049   -0.948443122861   -0.218459111363
-0.813403018472   -0.0637594420102   -0.578195806403
0.534456986278   0.310468200784   -0.78610777894
0.947595328426   -0.199460002572   0.249557215364
-0.115644018144   -0.942335628171   -0.314054341678
0.297807920367   0.268736629125   -0.91601919734
-0.995243525199   0.0737544336224   0.0635831412477
-0.09327268965   -0.534420276767   -0.84005308157
-0.0279774497646   -0.841991245805   0.538763587068
-0.987099887868   0.0756656783079   -0.141084749458
0.0665431427215   0.995443203313   0.0682995670221
0.145609792116   0.0580303870819   -0.987636902749
-0.888242315067   -0.221654858277   -0.402360927514
-0.458408485935   0.37090662033   0.807644604126
-0.0297800639785   0.901829956451   -0.43106330875
0.890519607424   0.0372147118366   -0.453420219131
-0.451817362972   0.189006008151   -0.871858823177
0.0532531727771   0.981270504121   0.185127808614
0.197605893391   0.682554297623   0.703613224788
-0.371565378728   0.716359059076   -0.590566573598
-0.907133456902   -0.144738865949   0.395170309439
-0.449055367798   0.798827924438   0.400292193473
0.860169627376   0.26524520772   0.435612872895
0.241801788986   0.539929912146   -0.806238685532
-0.840125185153   0.524003153833   0.140038347786
-0.493229085413   -0.845481241628   0.204662921028
0.225643775408   0.102871457236   0.968763312786
-0.00356561654535   0.590260881725   -0.807204678203
0.509187061134   0.695799983208   0.506548047648
0.86064849839   -0.409212022438   -0.303034159635
0.736238145801   -0.676242235354   0.0254917261292
0.664245483228   0.714950694573   -0.218227950438
0.129349630802   0.177600505249   0.975564827782
-0.21288411749   -0.920390769912   0.327965219161
-0.9636006207   0.253324572241   0.0854429984977
-0.161722596148   -0.297838031263   -0.940817895187
0.110631827012   0.920724707343   0.374198932337
0.869300442435   -0.272145048769   0.412615171478
0.481742221999   0.279643616483   -0.830493969798
0.922310266544   -0.00504561397461   -0.386417637688
-0.0522189207862   -0.992374890801   -0.111679705849
-0.382906298262   0.123181630799   -0.915541301747
0.815237358112   0.130369574197   0.56426219298
-0.567487746112   -0.0145258378127   0.823253696662
0.115523617998   -0.991359049577   0.0621411313369
0.209807352747   -0.668334898681   -0.713659110786
0.976525726587   0.106828373039   0.187043286419
-0.0487685197308   -0.736149542475   0.675059610594
-0.500129685232   0.361322934046   -0.786966349247
-0.842997198687   0.00470278688235   0.537897394038
0.198055599568   0.932428882456   0.30224221816
-0.288623392203   0.868080470621   0.403896792146
-0.172410544098   -0.462076228046   0.869919490232
0.941791339131   0.181443136348   0.283032404546
0.15749771154   0.747881498564   -0.644875771928
0.635498371352   -0.576595803756   -0.513491513324
-0.755865938592   -0.328945251298   -0.56608848846
-0.20893892414   0.430810462003   -0.877921868641
-0.912624169822   -0.408455732209   0.0167619953879
-0.351371009428   0.804714971689   0.478510397281
0.946489590002   0.187070255772   0.262987023693
-0.00995665728244   0.831409228817   -0.5555713786
-0.322580718893   0.523224054444   0.788782774613
-0.081148841437   -0.843942988891   -0.530259452137
-0.0254447108545   0.533594783053   -0.845357421259
0.996377148357   -0.0551074812513   -0.0647744814375
0.923298464606   -0.102866321251   0.37005197456
-0.104999817356   0.859165508003   0.500809011266
-0.369452273344   -0.501251580908   0.782465249438
-0.958760898556   -0.268761160147   -0.0924317475574
0.261230943429   -0.961444818328   0.0859121843249
-0.111957953514   0.0582232601017   0.992005777764
0.21188942701   -0.150129547067   0.965693625468
0.241019720487   -0.949582150604   -0.200508602734
0.947107466716   0.275236851696   -0.165022424346
-0.334767868575   -0.240145569763   0.91118631711
0.842420169988   -0.509537472541   0.175213402591
0.422206888103   0.826257577619   0.372880307639
0.637451291875   0.492707431625   -0.592364188363
0.187420532416   -0.844878249355   -0.501053657697
-0.747348304917   0.208376127912   -0.630912295703
-0.326848241551   0.0938324833424   0.940407191253
0.812646088949   0.535889519041   0.228973262965
-0.482469226384   0.839057737052   -0.251407146206
0.760184177255   -0.27822826045   -0.587119283449
0.497600965329   -0.331713451487   0.801473313594
-0.417747887146   -0.901418453431   -0.113716667424
-0.991193982467   -0.0818635760159   0.104081023223
-0.0775168625921   -0.278534020504   -0.957293030003
0.107357535773   -0.956931117793   0.269735427673
0.742505433738   0.609633464534   0.27754772084
0.250373620708   -0.636905189255   0.729153578846
0.621287975481   -0.471909875305   -0.625541710782
-0.499297556919   0.397488943362   0.769872980501
-0.856915035224   -0.0952182946028   -0.50658665381
-0.128056583618   -0.912653250318   0.388156568952
0.383552220031   0.871429161286   -0.30577588439
-0.455091758514   -0.109760576261   -0.883653818764
-0.803603861332   0.47808346232   0.354481334172
0.723252810749   0.668286797898   0.174064121655
0.584428903954   -0.72659266838   0.361257722108
0.367897293977   -0.159552628668   -0.916076340603
0.615814697281   -0.781719654113   0.0984208628268
-0.740917354137   -0.532076963459   0.409799560769
-0.267980891493   -0.325282320516   -0.906850472295
0.469756026284   -0.842137147976   0.264828807923
-0.811917593075   -0.294367079669   0.504120857473
-0.346582018522   -0.451832978968   -0.822026675832
0.647168212713   -0.697339089387   -0.308044630692
0.0232466796556   -0.385834366362   0.922275130565
-0.761992711231   -0.604028160756   -0.233488915732
-0.164583687688   -0.569022062037   -0.80568362057
0.351863649871   0.729212172768   -0.586891452947
0.921468488576   -0.380083541551   0.0802017524781
0.891570807856   0.446378403248   0.0764709948921
0.316352748217   -0.493020959672   -0.810463593118
-0.324071644304   0.746777489074   -0.580776129666
-0.232957030072   0.796673961975   0.557711064217
0.629587420322   0.560636159317   -0.537872457792
-0.741181970241   0.225826701234   -0.632180039357
0.114356469542   -0.0658268236843   0.99125649873
0.880250962702   -0.455830599679   -0.131820857546
0.460522376931   0.887629047015   0.00581693228991
0.0551587461372   -0.689444178435   -0.722235605188
0.969050592091   0.211279808929   -0.127678576503
0.240621060066   -0.692840236817   0.679760194846
0.151946298584   -0.507033065097   -0.848427850224
0.984170600636   -0.0016060156292   0.177216471174
-0.0912171857726   -0.86192512419   0.498762989175
-0.391475592315   0.341371361047   0.854524677598
0.5290901995   0.843287754454   -0.0944950825102
-0.752868110335   0.415128117191   -0.510742814285
-0.113266585108   -0.99353561902   0.00767884960824
-0.963621776342   0.111731670241   0.242796522835
-0.242084826357   0.0201010716051   -0.970048041325
0.46803164584   0.168769365362   -0.867446421246
-0.231493780204   0.97073144402   0.0639616610477
0.852852286239   0.170872366614   0.493402093069
-0.815738804005   -0.367778921092   -0.446440193747
-0.377637976373   -0.245999290681   0.892677933254
-0.438132103587   0.896784811936   0.0617838926621
-0.700804850902   -0.137018414028   -0.700076338926
-0.33141058851   -0.806513375381   0.489604005518
-0.631702420392   0.575126955214   0.519791688362
0.0553595959622   -0.323660956243   -0.94455223573
0.671303851983   -0.688210751319   0.275167486497
-0.739111952908   -0.649314710072   0.179175753091
-0.899598088126   0.41980462909   0.120360119815
-0.436696026323   -0.861959648673   -0.257529349024
-0.00436642199056   -0.284233809407   0.958745043632
0.486749106919   -0.868207536597   0.0963899145386
-0.542911969085   -0.214226164693   0.812006051537
-0.684340511773   -0.447574471238   -0.575634662835
-0.59418093815   -0.188454933331   -0.78193835224
-0.433603279159   -0.743750545349   0.508740189217
-0.67744449581   0.641336980008   0.360212936108
-0.340907460399   -0.891882953504   -0.29719849864
0.937932315013   -0.344119619852   -0.0431822498367
-0.0637583155367   -0.293473221086   0.953838742828
0.647159716857   0.354458641458   -0.674939534419
-0.546423543048   -0.401692716565   -0.734890661242
-0.531606635802   0.844394483564   -0.0662748006672
0.763393280472   -0.579362963858   0.285603794892
-0.513173674765   -0.812510537651   -0.276552872045
0.3922801946   0.0645543772152   -0.917578981609
-0.695680082678   -0.355358807285   -0.624297955641
-0.621571926315   -0.137880822345   0.771126628779
-0.360105761895   0.924504221342   -0.124959409526
-0.896719164222   0.18705703045   0.40126531128
0.101608139525   -0.7952652138   0.597773045469
0.430905985871   0.576772481371   0.694025353317
0.5675890309   0.148368858384   0.809832912107
-0.378839216543   -0.826244896788   0.416893390315
0.730974357744   -0.543420585496   -0.412759570474
-0.44246716275   -0.465829105397   0.766306792537
0.406910656671   -0.865763649487   -0.291336712416
0.799153660576   0.182911473338   0.572622767003
0.802886331977   0.135825172732   0.580452459203
0.172367990683   0.879212825048   -0.44415547079
-0.570668739928   0.456657780944   0.682496048024
-0.627204884577   0.523413012394   -0.576761990893
-0.0245747299551   -0.753456638263   -0.657039450519
-0.778467506278   -0.397924082391   0.485433058451
-0.592858912374   -0.375899632886   0.712192302281
-0.514566977933   0.857113056568   0.0240425123351
-0.619466895526   -0.352216812737   -0.701572653665
0.568664435391   0.492114736236   -0.659123475608
0.0482032992909   -0.819857668921   -0.570534367126
-0.821155960617   0.292670648534   -0.489945372715
0.92672230011   0.359806074445   0.108284330494
0.343360318486   -0.927965248203   0.144870917633
0.152609302229   -0.0970746098605   -0.983509233156
0.688941322974   0.724698960585   -0.0130873142842
0.301385849518   -0.270000586494   0.914475961808
0.659186188401   -0.633964613792   -0.40442857535
0.215702107181   -0.170208136818   -0.96151016843
0.794613961795   0.602885617833   0.0715373332623
0.567504418973   -0.779460151958   0.265293456416
-0.309615916476   0.280127509363   -0.908661960796
-0.267793313734   0.891249498293   0.366006929714
0.912373126313   0.356655169565   -0.20092875591
-0.166830367031   0.0785850750459   -0.982851923722
-0.0275776443827   -0.996805705908   -0.0750195753461
-0.985602856892   0.0145893500486   0.168458767632
0.553566712325   -0.83189808702   -0.0388516631475
0.298334932571   0.154532324762   0.941868354995
-0.777534659629   -0.532977769654   0.333728221937
0.180207513222   0.883312285841   -0.432763981487
0.377865792216   0.344040228383   0.859566035263
0.908153456781   -0.31842696429   -0.271774863381
-0.464013919999   -0.62949643585   0.623237843966
0.190886084706   -0.758091864634   -0.623585869422
0.865016575312   -0.170385067215   0.471927204212
0.178588410523   0.457120489782   -0.87129043643
0.810709845727   0.433423149815   0.393565636702
0.557544359521   -0.77664999979   -0.2931877296
0.258366329413   0.526882726345   -0.809716897104
0.36392261425   0.723343178816   0.586800634213
0.894878311064   -0.446283817939   -0.00485701734783
0.282103870554   0.246483391671   -0.927180271262
0.769640660433   -0.635126251509   0.0653276131159
-0.572774450892   -0.732024849891   -0.368875153579
0.949313456933   0.297391822009   -0.101794363857
0.235208143859   -0.88690597988   -0.39758766046
-0.2085212636   0.35349246511   -0.91190076724
0.751547528713   0.565817647426   0.339155899498
-0.0307578828195   -0.483508069762   0.874799423746
0.658961521599   -0.667885071703   -0.345975959305
0.609981652413   0.0339933366273   0.791686080671
0.335865232417   -0.915989681698   -0.219448206207
0.717716478086   0.399759205797   -0.570154092319
-0.737001775528   0.528008429424   -0.421942384852
-0.209480928167   0.415092094792   0.885333981136
0.642608759986   0.740881647686   -0.195315880881
-0.761000495074   -0.448974141482   -0.468295280727
0.400898090002   -0.892971623843   0.204651908994
-0.510057811531   -0.0319984796935   0.859544720446
0.0369462284282   -0.982644675874   -0.181781134289
0.925711990691   -0.0348657144301   0.376618710548
-0.37642031042   -0.182191612929   0.90835783842
-0.632684040226   0.559908151082   0.534989422896
-0.627874851771   0.0335012116302   -0.777592945585
-0.453303420208   -0.827877092848   0.330356615658
0.991059435346   -0.132717638828   0.0136829906908
-0.00471626696356   -0.137338806251   -0.990512919993
0.13333773928   0.981592642694   -0.136736851739
-0.472062912476   -0.880933289721   0.0332839165169
-0.853666787341   0.44738058311   -0.266648889753
0.22000976394   -0.154289187166   -0.963215161137
0.109173246392   -0.982434445075   -0.151339818911
-0.0528206946471   0.146301113596   -0.987828900522
0.992618332429   0.115838351244   -0.0359206933178
0.350202062159   -0.292322201886   0.889891143064
-0.851138158002   0.297326473212   0.432620855861
-0.391052876492   -0.90892502398   -0.144682236492
0.385205323045   0.254629423791   -0.887006597245
0.441149583035   0.793432053761   0.419347847726
0.810557766235   -0.552837614987   0.193304586594
-0.433676266161   0.208675264618   0.876572691792
-0.892832890847   -0.23074405601   -0.386790307201
0.121550315016   -0.950374634899   0.286380255708
-0.77070649145   0.627613677751   0.110057332639
-0.621684596766   -0.778522205283   0.086089947942
0.139713303273   -0.00207086770673   0.990189832619
-0.590234537042   -0.752892339795   -0.29116348664
0.771842038066   -0.631996232618   0.0695736052251
-0.236395684282   -0.183667479291   0.954140101592
0.0363684779628   -0.735341221194   0.67672051179
0.856851369043   -0.325538880371   -0.399787704195
0.514279198523   0.594388564383   0.618238749941
0.990496747902   0.132521865063   0.0367987473323
-0.0657499384948   0.221246167605   0.972999018274
0.120802061708   -0.966171878733   0.227856913865
-0.762644092507   0.114064564142   -0.636681493226
0.0291028517811   0.989382403362   0.142392009258
0.646163348254   0.0900651735656   -0.757866249522
0.736433964289   -0.55988980796   -0.379721159316
-0.414857223292   -0.817122846935   0.40025234831
-0.534376496649   -0.137229227894   -0.834031226734
0.0904860660396   0.923807654054   -0.372010408837
0.881655606897   0.0994064690398   0.461304452969
0.46313682298   -0.369726690696   -0.805485297706
-0.404417894318   0.849177221582   -0.339622794722
0.910223881528   0.409889959914   -0.0590124273611
0.0890959137333   -0.332998539688   -0.938708209889
-0.962547334271   0.259284828012   -0.0792745478569
0.178689945643   0.386739328703   -0.904713136504
-0.203919050854   -0.884990019152   -0.418589581675
0.596223044535   0.730755875597   -0.332436361829
-0.800784041395   0.511865748281   -0.31102793874
-0.0571227050521   0.451651757343   0.890363795047
-0.644293295024   0.177614094849   -0.743867701276
-0.363335875634   0.784791407871   0.502085110305
0.672958368079   0.593763968108   -0.441102240616
-0.79289765502   0.470198016392   -0.387765207122
0.44234992169   0.00623536868729   -0.896862498024
-0.419254787992   -0.882581225135   -0.21299518914
-0.973405458346   -0.140645421964   0.18083055372
0.194978736418   -0.0942371908483   0.976269478873
-0.120266854217   0.985564644412   0.119154411015
-0.574362659334   0.521336006184   0.631123078684
0.69325523283   0.719775370741   0.0363401193736
-0.435321437498   0.458401778769   -0.774831011329
0.930318037264   0.366704142458   -0.00603506674291
-0.356559657687   0.900484068901   -0.248985246553
-0.0858694394794   0.233787327276   0.968488474497
0.997913412611   -0.0623089448612   -0.0169238383294
0.00837931306404   0.384877931769   -0.922929444553
0.0640203719615   0.920861861465   0.384596956493
-0.849903684529   -0.411624799781   0.32897906093
-0.515702407175   0.521531756783   -0.679746466347
0.108227656167   -0.747374909588   -0.655527383781
-0.341457187091   -0.797757254737   0.496981693364
-0.444849597114   -0.328618227899   -0.833138249967
0.827959103442   -0.505562924001   -0.242673177928
0.4410143247   0.297967750519   -0.846594099214
0.331972975224   0.822222898723   0.462323959333
0.833846684286   -0.48493785097   0.263694835779
0.156627388894   -0.410019283286   0.898527710374
-0.959182535401   -0.280026989687   0.039417580881
0.235450043018   -0.868025961152   -0.437143231076
0.0364826806699   -0.595820814187   -0.802288349426
0.997938960975   0.0641311335683   -0.0022475344694
0.0527907985392   -0.800552795651   0.596932461089
-0.996276829603   0.0201649586429   -0.0839700998661
0.0838597598244   -0.00626432908208   -0.996464230843
-0.0206190181819   -0.999783375092   0.00453734713975
-0.572027432351   -0.133610834558   0.809279086126
0.333497862141   0.863523182978   0.378294697016
-0.749375520216   0.486287822932   -0.449400011372
-0.8269089364   0.553758164479   0.0978460574099
0.00308950625647   -0.169522930284   0.985521512588
0.56232767194   0.815238671859   0.138468985212
-0.930348847852   -0.0116643892677   0.366492247856
0.26919541917   0.65691949238   0.704266208178
-0.248970785462   0.753870683677   -0.608024569236
-0.576711957199   0.164076496673   -0.800302621818
0.530871947122   -0.669332296818   -0.519780182688
-0.620951172806   -0.724620842783   0.298906663243
0.300903131972   -0.102260653879   0.948156152845
0.726508009229   -0.619479550332   -0.297373940121
0.617772971273   0.77832377993   -0.112110175542
-0.246270572605   -0.814187446212   -0.525784752541
-0.226453790044   0.575815152288   -0.785592509423
0.942374386615   -0.0744023676853   -0.326182160063
0.949639918927   -0.123436340086   0.288006066328
-0.224512391679   0.373132609452   0.90020344406
-0.218582273477   -0.919530056421   0.32662863306
0.999833143702   -0.00847168639627   0.0161837969643
0.00876707676474   0.999794663957   -0.0182693264096
-0.0160257018435   0.0184081626476   0.999702113846
0.891331610286   -0.40797693548   -0.197693678001
-0.2656454545   -0.823375600987   0.501483075473
-0.367369654039   -0.394471295025   -0.842277922756
0.862023989336   -0.506803758116   0.00803692736679
0.50670599225   0.862041233912   0.0115735943251
-0.0127937038893   -0.00590435668748   0.999900724929
