-0.145054551871   -0.856761878358   0.494892150303
0.708325678481   0.259309322406   0.656531336159
-0.690821170668   0.445777686686   0.569252454152
0.777643503794   0.221250852167   -0.588488443042
0.254798164188   0.744806758936   0.616717759151
0.574759499882   -0.629532333833   0.522819826706
0.951577736302   -0.183312592583   0.246771767389
0.0843085148165   0.927593574296   0.36395361691
-0.295621186841   -0.325525197692   0.898132206063
-0.61310023052   0.732759363385   -0.295250415068
0.378544516297   -0.0555448140506   -0.923915292267
-0.69340690897   -0.678217615131   -0.243327935596
0.590338876922   -0.688816070188   0.420752239027
0.537259936701   0.724355960635   0.432041910776
-0.602371800146   -0.0289978223655   0.797688753836
0.226200740835   -0.948551186821   -0.221548865628
-0.816090711854   -0.0603683074427   -0.574762261524
0.531816889453   0.310815625773   -0.78775917002
0.947595298456   -0.199508938788   0.249518094919
-0.115662563442   -0.942289700017   -0.314181939993
0.29780071821   0.268857403364   -0.91598496426
-0.995274706326   0.0736587517166   0.0633734454391
-0.0930475272036   -0.534534094949   -0.840015403011
-0.027999338788   -0.841937116363   0.538851612183
-0.987126016459   0.0755825891132   -0.140955356671
0.0664900421138   0.995457463902   0.068143300307
0.145465510176   0.0578939314606   -0.987667449335
-0.888176204658   -0.22175362804   -0.402454198349
-0.458532632376   0.370797914424   0.807624338961
-0.0298643326499   0.901850639677   -0.431015453665
0.890447194663   0.0371892651366   -0.453564498167
-0.451946767624   0.189137569644   -0.871763220843
0.0533658568154   0.981246122305   0.185224585537
0.197735189095   0.682481873266   0.703647130204
-0.371468138465   0.716452649501   -0.590514201168
-0.907145089435   -0.144617054108   0.395188172268
-0.449204584511   0.798704494826   0.400346659921
0.860053886763   0.265262577261   0.435819404134
0.241895907424   0.540094779739   -0.806084907678
-0.840114616735   0.524102518148   0.139728092525
-0.493437698298   -0.845437743043   0.204338491329
0.225225725148   0.102720648417   0.968876586785
-0.00337011633705   0.590066051783   -0.807347957037
0.509053564372   0.695927379149   0.50650721584
0.860728260138   -0.409276368278   -0.302720583168
0.736277253053   -0.676192103103   0.0256912279687
0.664216102883   0.714941157169   -0.218348580795
0.129277871903   0.177829620046   0.975532601919
-0.2127528163   -0.92042885186   0.32794503955
-0.963637510555   0.253183968845   0.0854472373022
-0.161678596458   -0.297840915214   -0.940825377445
0.110477128766   0.920710365775   0.374288458616
0.869296889308   -0.272075975677   0.41267928728
0.481790770085   0.279774370278   -0.830429690256
0.921687919541   -0.00520353313555   -0.387897886842
-0.0526402426513   -0.992345184082   -0.111767424223
-0.384344704956   0.123433688703   -0.914906949218
0.815227113864   0.130452155751   0.564257899473
-0.567487553078   -0.0145351343626   0.8232536352
0.115596795628   -0.991348024575   0.0621805466413
0.209755527814   -0.668466522304   -0.71355106129
0.976540372762   0.106878954797   0.186937898882
-0.0486981403702   -0.736022680514   0.675203007077
-0.499991656375   0.361647617534   -0.786904960461
-0.842962372586   0.00508839593408   0.537948505645
0.198551893644   0.932301001315   0.302311134766
-0.28842436561   0.868180696418   0.403823908607
-0.172337065885   -0.46192919569   0.870012328002
0.941865917484   0.18133889136   0.282851281662
0.164908421715   0.753403090077   -0.63654464886
0.642048977452   -0.571915289003   -0.510574371761
-0.748717848514   -0.324494780248   -0.578035377755
-0.20863079486   0.43087151427   -0.877965268739
-0.912678065112   -0.408347037346   0.0164785871625
-0.351414320119   0.804737555084   0.478440674566
0.946457134015   0.187031539558   0.263131331181
-0.00985090394433   0.831430651263   -0.555541208414
-0.322679181123   0.523203858706   0.78875590098
-0.0811338756828   -0.843936865039   -0.530271491504
-0.025396725915   0.533603212648   -0.845353544144
0.996379592919   -0.0551196526865   -0.0647265283302
0.923326401021   -0.102836075977   0.369990676073
-0.104949418262   0.859223523432   0.500720041098
-0.369396776529   -0.501158339678   0.782551177213
-0.958716699724   -0.268763719772   -0.0929066351798
0.261180342461   -0.961441048826   0.0861349706936
-0.112474035397   0.0583135267186   0.991942103905
0.21192248097   -0.149891234863   0.965723094414
0.240995697748   -0.949635861696   -0.200279435206
0.947105881641   0.275178844046   -0.16512566128
-0.334756193803   -0.240099643579   0.911202826543
0.842495332251   -0.509386198569   0.175292536336
0.422066398902   0.826364338118   0.372802898368
0.637410771893   0.492769890609   -0.592355800142
0.187377282563   -0.844822783632   -0.501163125761
-0.747393680086   0.208452775352   -0.630833066349
-0.326864085627   0.0939552524117   0.940389458953
0.812631543818   0.535938028142   0.228911386834
-0.48248305458   0.839013027059   -0.251529906404
0.760083877304   -0.278517718931   -0.587111894168
0.49751532493   -0.331798335266   0.801491326923
-0.418032292403   -0.901297800904   -0.113627728444
-0.991209552519   -0.081543936236   0.104183679205
-0.0777185920907   -0.278394871495   -0.957317154836
0.107067609448   -0.956998903323   0.269610157237
0.743176253957   0.608864164519   0.277440979717
0.24897073822   -0.636518220471   0.729971373558
0.621049627302   -0.473422711611   -0.624634593723
-0.499392181808   0.397537770203   0.769786453798
-0.856846658059   -0.0952065542846   -0.506704575805
-0.128145494506   -0.912633247165   0.38817430917
0.38350551605   0.871372055314   -0.305997121324
-0.454983193375   -0.110070395496   -0.883671184296
-0.803687620153   0.478116313701   0.354247055906
0.723335628565   0.668189938101   0.174090919749
0.584287221465   -0.726656177917   0.361356404409
0.367959079997   -0.159662815943   -0.916031125556
0.615715832336   -0.781815000983   0.098281997718
-0.740941056224   -0.532003198509   0.409852509624
-0.268142495774   -0.325173849934   -0.906841625182
0.469750667006   -0.842153993626   0.264784799536
-0.811919597168   -0.29438845978   0.504105218498
-0.346584631482   -0.451787731798   -0.822050506668
0.64715186815   -0.697354341391   -0.308044478881
0.0231697536076   -0.385888554064   0.922254444554
-0.762008950698   -0.603976009891   -0.233570983905
-0.164664263636   -0.56911774369   -0.805599567733
0.351857136767   0.729120934358   -0.587008701749
0.921456577935   -0.380115317292   0.0801879803598
0.891615736097   0.446287541628   0.0764775085004
0.316308974266   -0.493054484774   -0.810460305932
-0.323990759   0.746809684512   -0.580779891895
-0.233033616773   0.796684684665   0.557663785088
0.62964469424   0.560630874653   -0.537810932768
-0.74110926522   0.225802023041   -0.632274125899
0.114400894931   -0.0656841092763   0.991260813319
0.880234420949   -0.45586998688   -0.131794783578
0.460542903983   0.887619343295   0.00566550452661
0.0549011352213   -0.689613406104   -0.722093656566
0.969064589101   0.211078316791   -0.12790541113
0.240623608324   -0.692733225828   0.679868346268
0.151986890416   -0.506889835367   -0.848506145317
0.984203025332   -0.00124842094497   0.177039105383
-0.0907986165466   -0.862009938868   0.498692766896
-0.391239777395   0.341227244042   0.854690198606
0.529195706747   0.843231116139   -0.0944096444743
-0.752916510398   0.415361583362   -0.510481545813
-0.113218836698   -0.993541845742   0.00747172833924
-0.963591465416   0.111633212862   0.242959459282
-0.242224511024   0.0203079254995   -0.970007421771
0.468038402448   0.168397767726   -0.86751498058
-0.231520535168   0.970753484829   0.0635288380278
0.852841304992   0.171113597621   0.493337451727
-0.815822203192   -0.367753951374   -0.446308371226
-0.377628682676   -0.245726841852   0.89275690755
-0.43798482736   0.896869750413   0.0615949743506
-0.702260035996   -0.143670654217   -0.697286812871
-0.321531584779   -0.809855316638   0.490685582996
-0.635190991967   0.568782598616   0.52251715467
0.0552868442866   -0.323591224045   -0.944580439806
0.671261736065   -0.688286783236   0.275080360958
-0.739155713797   -0.649269006661   0.179161084941
-0.899582645943   0.419807502604   0.120469100712
-0.436729273223   -0.861912199678   -0.25763342313
-0.00432265881994   -0.284374927799   0.958703403982
0.486729509038   -0.868224492882   0.0963358183794
-0.542969218109   -0.214298698797   0.811948543027
-0.68430898586   -0.447506690785   -0.575724670785
-0.594245995326   -0.188387392366   -0.781909623836
-0.433660490716   -0.743707333751   0.50876205179
-0.677355924343   0.641412844389   0.36024828212
-0.340889425055   -0.891927491628   -0.297085303329
0.937949706114   -0.344057767428   -0.0432958334325
-0.0635977717858   -0.293410173768   0.953868854127
0.647186833142   0.354435919755   -0.674925471411
-0.546373219258   -0.401750513381   -0.734896503366
-0.531625355349   0.844376541697   -0.0663533578844
0.763403825378   -0.579277199104   0.285748884507
-0.513011616066   -0.812563448832   -0.27669287964
0.392471120186   0.0646358604799   -0.917489949159
-0.69573002984   -0.355579557418   -0.624117832647
-0.62151462078   -0.137600752158   0.771223521376
-0.360110353695   0.924461639071   -0.125265001533
-0.896072709653   0.192985464508   0.399749297695
0.0982369153445   -0.791998772939   0.602558907411
0.432888437109   0.579210099122   0.690739820168
0.567655830425   0.148383782531   0.809783320324
-0.378748475289   -0.826278971486   0.416908015088
0.730969469445   -0.54336447589   -0.412841860807
-0.442453928406   -0.465795169854   0.766335213539
0.407046367145   -0.865744480347   -0.291204584459
0.799092018959   0.183089362761   0.572651999908
0.802744501759   0.135861909057   0.580639998095
0.172442069318   0.879212264927   -0.444127826687
-0.570845862252   0.456647933725   0.682354502809
-0.627296217955   0.523292933113   -0.576770009998
-0.0245155575811   -0.753508108663   -0.656981108095
-0.778394582275   -0.397982028629   0.485501883679
-0.592905740363   -0.375750243372   0.712231876607
-0.5145944354   0.857103335751   0.023799427349
-0.619398949389   -0.3523997734   -0.701540469054
0.568724667266   0.492284037256   -0.658945171705
0.0483999886451   -0.819762968025   -0.570654334701
-0.821102766863   0.292652277075   -0.490046015807
0.926601335021   0.359742428105   0.1095232124
0.343217725795   -0.928059187553   0.144593508031
0.153660474208   -0.0963902240135   -0.983410858084
0.689009433583   0.72463112413   -0.0132562896062
0.301386558405   -0.269840732347   0.914522881347
0.659114662017   -0.634110157651   -0.404316889302
0.215883971858   -0.170365552207   -0.961441470862
0.79459481428   0.602905041357   0.071586301733
0.567462073087   -0.779410736453   0.265529115714
-0.309489568306   0.280067741382   -0.908723478972
-0.26812800814   0.891162595807   0.36597350572
0.912317747415   0.356919172748   -0.200711529228
-0.166824049654   0.078701217682   -0.982838903195
-0.0271419575206   -0.996795076592   -0.0752118512241
-0.985611234432   0.0141289333629   0.168429039188
0.55356612294   -0.831884265419   -0.039155365373
0.298579334739   0.154355709917   0.941819911251
-0.777441286887   -0.533050591698   0.333829524106
0.180311482546   0.883399794717   -0.432541982857
0.377581338305   0.343893648115   0.859749665734
0.908251120122   -0.318342515949   -0.271547302593
-0.464019187828   -0.629353159625   0.62337875833
0.190657785576   -0.758189353279   -0.623537370721
0.865064208407   -0.170481214086   0.471805227729
0.178746342279   0.457291497557   -0.871168316801
0.81063340482   0.433352949503   0.3938003396
0.557604907553   -0.776588507989   -0.293235509298
0.258303089172   0.526972836352   -0.809678418344
0.363824910022   0.7233494432   0.586853488401
0.894936280543   -0.446167246386   -0.00488244901541
0.282106349546   0.246469167813   -0.927183318923
0.769654763683   -0.635107068828   0.0653486192676
-0.572754312346   -0.732046341851   -0.368863871612
0.949324467193   0.297378018348   -0.101731950478
0.235266178696   -0.886985186121   -0.397376185671
-0.208405615823   0.353304857   -0.911999734178
0.751472922528   0.565944743806   0.339109110164
-0.0306081348118   -0.48352686917   0.874794192147
0.659053551482   -0.667763643432   -0.346034832544
0.610010780284   0.033787460618   0.791672601455
0.335924526297   -0.915895658957   -0.219752348684
0.717664136641   0.399993486978   -0.570056500443
-0.737024240101   0.528072548363   -0.421822834771
-0.209465923455   0.414920412677   0.885417996083
0.642587851721   0.740932105218   -0.195193149453
-0.761008745503   -0.448846301523   -0.468404585356
0.40087077907   -0.893029500102   0.204453201953
-0.510067129368   -0.0321790445712   0.859532457843
0.0369743038472   -0.982623945128   -0.181887558619
0.925648440469   -0.0349113182606   0.376770706436
-0.376573852221   -0.182294769624   0.908273500029
-0.63263871369   0.559968118204   0.534980365373
-0.627946730124   0.0334032791073   -0.777539157174
-0.453267237805   -0.827840530179   0.330497925434
0.991079816914   -0.132581916826   0.0135215308099
-0.00483174361467   -0.13713981255   -0.990539913781
0.133182021002   0.981638783805   -0.136557102121
-0.472026259436   -0.880953749152   0.0333875849757
-0.853740414114   0.447343514762   -0.266481185364
0.219821619234   -0.15429001491   -0.963263767755
0.109185030281   -0.982445442631   -0.151260054226
-0.052592435434   0.146247091706   -0.987849100598
0.992629179244   0.115813479654   -0.0357012143602
0.350335650017   -0.292505212698   0.889778410936
-0.851092585001   0.297192405746   0.432802579028
-0.391032392239   -0.908909985202   -0.144831920987
0.385520069124   0.254464576554   -0.886917169523
0.441178063464   0.793389043908   0.41939926644
0.810392622519   -0.552975232404   0.193603209825
-0.433792245728   0.208425228587   0.876574642163
-0.892759199151   -0.230808401152   -0.386921699155
0.121676585776   -0.950413758862   0.286196508535
-0.77070942791   0.627626883416   0.109961224256
-0.621664894195   -0.778512136541   0.0863227112084
0.139784601984   -0.00182930542105   0.99018024555
-0.590358902148   -0.752829741091   -0.291073129251
0.771709014325   -0.632137550671   0.0697648082767
-0.236519307568   -0.183437488517   0.954153708653
0.0364174516088   -0.735203804835   0.676867144583
0.856769976751   -0.325680654385   -0.399846613031
0.514411287783   0.594480842728   0.618040090431
0.990511304671   0.132373629578   0.0369401898962
-0.0658691390671   0.221363110258   0.972964356801
0.120617627053   -0.966165413001   0.227982000063
-0.762581728087   0.11421319309   -0.636729421934
0.0290125108079   0.989338460821   0.142715393584
0.646240887324   0.0903590386915   -0.757765044185
0.736316695525   -0.560020404637   -0.379755978277
-0.414709108651   -0.816978807257   0.400699565991
-0.534652982643   -0.137553383723   -0.83380057341
0.0904947496898   0.923740578175   -0.372174680355
0.881585431577   0.0995370616747   0.461410282598
0.46326857793   -0.369858981623   -0.805348654663
-0.404218762437   0.849199834582   -0.33980453606
0.910293820616   0.409762775886   -0.058819634561
0.0892896518556   -0.333097928856   -0.938655169806
-0.962576466804   0.259204264   -0.0791966168773
0.178638617709   0.386989677886   -0.904616553814
-0.203831300009   -0.884904522927   -0.418814705294
0.596214510601   0.73075019805   -0.332464116353
-0.800782745199   0.511787218333   -0.311160437567
-0.0572296741491   0.45174989869   0.890307131772
-0.644301427749   0.177771380878   -0.743823220941
-0.363358357215   0.784660613599   0.502273255096
0.672938594607   0.593889766441   -0.440963233882
-0.797166145201   0.46643697014   -0.383485507302
0.434119480754   0.00121002817274   -0.900884855903
-0.419719975524   -0.884584535278   -0.203497584318
-0.973398148311   -0.141242438587   0.18041305298
0.193614146081   -0.085990196101   0.97730265912
-0.122522890028   0.986233997907   0.111047993764
-0.574416936531   0.521313400057   0.631092596518
0.693186790732   0.719842892034   0.0363090216675
-0.435359161628   0.458321514682   -0.774857520271
0.930268172998   0.366829035308   -0.00613070606968
-0.356721373771   0.900477696174   -0.248776567935
-0.0857379040845   0.233615877272   0.968541498268
0.997917637341   -0.0621896574495   -0.0171124405545
0.00816484706127   0.384964853745   -0.922895121963
0.0639822193104   0.920833599179   0.384670986337
-0.849856692654   -0.41167310087   0.329052412193
-0.515801312607   0.52157516736   -0.679639658503
0.108163015227   -0.747319421344   -0.65560687795
-0.341254686774   -0.795329180733   0.50099534823
-0.448889103905   -0.330394624864   -0.830263556569
0.8258591993   -0.508222879498   -0.244265679336
0.441039104089   0.297760030206   -0.846654278878
0.33227162617   0.822154704882   0.462230684885
0.833714621422   -0.485181001297   0.263665165021
0.156706919015   -0.409965045855   0.898538621176
-0.959123976634   -0.280227696897   0.0394171639544
0.235635714638   -0.867986852749   -0.437120944835
0.0365045766564   -0.595724569355   -0.802358800603
0.997934533562   0.0641991951208   -0.00226315452548
0.0528590026671   -0.800618943449   0.596837691247
-0.996282452781   0.0203169052367   -0.0838325761213
0.0837211989675   -0.00627830392808   -0.996474347097
-0.0207710929169   -0.999778768998   0.00454425418658
-0.57220361159   -0.133586393851   0.809158559501
0.333408398372   0.863539214779   0.378336957403
-0.749280814469   0.48626606793   -0.449581421294
-0.826817736874   0.553893815302   0.0978498212971
0.00303760128482   -0.169564909257   0.985514507751
0.562462193517   0.815137849311   0.138516464353
-0.930378244586   -0.0116636553195   0.366415568709
0.269151110633   0.656879380387   0.704320363813
-0.248905784369   0.753905467802   -0.608007014188
-0.579506647852   0.168536138384   -0.797351185761
0.533526283352   -0.661128443888   -0.527503792426
-0.616054419957   -0.731099251887   0.293208827444
0.300879551392   -0.10222924954   0.948166986749
0.726645182011   -0.619325750792   -0.29735887095
0.61762305145   0.778450190578   -0.112058026765
-0.246231077747   -0.814280360101   -0.525659273719
-0.22658850169   0.575691566002   -0.785644222713
0.942352284337   -0.0743417038685   -0.326259710522
0.949675496864   -0.123563314896   0.287834254795
-0.224313396137   0.373104722877   0.900264611457
-0.218631999797   -0.919524321343   0.326611506264
0.999827730298   -0.00864319991426   0.0164257366059
0.00894887722923   0.99978643141   -0.018628182059
-0.0162612214836   0.0187719648873   0.999691545434
0.89125728773   -0.407993659375   -0.197994013412
-0.26539571583   -0.823267384397   0.501792853802
-0.36773029445   -0.394679779083   -0.842022828841
0.861942772392   -0.506939897298   0.00816093573028
0.506839087248   0.861960566084   0.0117526752987
-0.0129923047343   -0.00599385238057   0.999897631637
