-0.145188191431   -0.856692362803   0.494973372085
0.708252083284   0.259334684966   0.656600748506
-0.690868605512   0.445896570888   0.569101782189
0.777747972765   0.221299862959   -0.588331931909
0.254764860965   0.744671894714   0.616894347127
0.574632888953   -0.629674630706   0.522787627671
0.9516086456   -0.18307740461   0.246827166378
0.0839899607385   0.927539337855   0.364165434942
-0.295612368882   -0.325811972513   0.898031116961
-0.61321433698   0.732760307369   -0.29501015664
0.378025826988   -0.0556983905159   -0.924118217508
-0.693588591823   -0.67820375828   -0.242847483339
0.590159526511   -0.688969557151   0.420752517057
0.537340874806   0.724211077559   0.43218410206
-0.602475323605   -0.0289700384724   0.797611572346
0.226163136544   -0.948549268216   -0.22159564336
-0.816020069092   -0.0602649996004   -0.574873485432
0.531941340965   0.310841701163   -0.787664963952
0.947595113259   -0.199557350931   0.249480257393
-0.115680428204   -0.942246767863   -0.314309274698
0.29779451585   0.268977964377   -0.915953337908
-0.995183714169   0.0750553346847   0.0631289109026
-0.0935029052521   -0.531877203167   -0.841647730103
-0.0295934007134   -0.843492970696   0.536326369095
-0.987146695788   0.0754969486019   -0.140827318391
0.0664341070672   0.995471819236   0.0679878326043
0.145322511235   0.0577585207209   -0.987692280179
-0.888107436753   -0.221853683572   -0.402547637644
-0.45865749834   0.370690264415   0.80760232749
-0.0299492354423   0.901869815016   -0.430967197798
0.89037497638   0.0371627722587   -0.453708420723
-0.452075717161   0.189267135789   -0.871668231861
0.0534784875518   0.981222140415   0.18531910788
0.197864663303   0.682409180896   0.703681244138
-0.371370719179   0.716546491104   -0.590461614357
-0.907156751868   -0.144495117293   0.395206015937
-0.449370118988   0.798588330608   0.400404512368
0.859945411544   0.265273155415   0.43603250556
0.241993769489   0.540265800285   -0.805948278192
-0.8401037609   0.524202718011   0.139417522886
-0.493646876343   -0.845393932399   0.20401452169
0.224807688335   0.10257033691   0.968989592481
-0.00317583246427   0.589870468686   -0.807491665794
0.508920268128   0.696055498775   0.506465119501
0.86080783038   -0.409340428928   -0.302407592842
0.736315382371   -0.676142987969   0.0258905633377
0.66418749356   0.714930330112   -0.218471051984
0.129207719772   0.178059784837   0.975499912109
-0.212619848547   -0.920466614027   0.327924965997
-0.963674199838   0.253042636596   0.0854513631772
-0.161634177784   -0.297844105809   -0.940831820777
0.105598091342   0.920847844576   0.375352118209
0.868504356837   -0.269240675188   0.416186196253
0.484303776219   0.282046122   -0.828191839385
0.923175905738   -0.00608560160517   -0.384330308951
-0.0521624264938   -0.992615908481   -0.109579304384
-0.380822665013   0.121208531631   -0.916677100663
0.815216959616   0.130534642892   0.564253508713
-0.567487245841   -0.0145446052314   0.823253736739
0.115669965413   -0.991337074991   0.0622197316421
0.209702260378   -0.6685980481   -0.71344350358
0.976555295577   0.106927836218   0.186832052789
-0.0486285657206   -0.735896128096   0.675345955615
-0.499852824703   0.361972026812   -0.786843971351
-0.84292799951   0.00547277326034   0.537998565204
0.199046655556   0.932172902591   0.30238075741
-0.288225004261   0.86828118449   0.403749945684
-0.172264070455   -0.461781004097   0.870105318988
0.941940191313   0.181234546269   0.282670572116
0.164975706326   0.753534223394   -0.636374282595
0.642061735944   -0.571832783634   -0.510656157979
-0.74869405007   -0.324344197758   -0.578155515974
-0.208321622522   0.43093211389   -0.878008952735
-0.912731578585   -0.408238831546   0.0161940029152
-0.351458778976   0.804760022301   0.478370232211
0.946425148284   0.186991286721   0.263274947065
-0.00974430676918   0.831452243977   -0.555510770032
-0.322776218993   0.523183931162   0.788729413721
-0.081119985784   -0.843931620596   -0.530281953501
-0.025348536326   0.533610127565   -0.845350623077
0.996381945921   -0.0551329664346   -0.0646788734058
0.923354975631   -0.102806342497   0.369927621446
-0.104898048296   0.859280991173   0.500632178368
-0.369339936413   -0.501065898357   0.782637193984
-0.958669310456   -0.268764915537   -0.0933802561377
0.261128482748   -0.961434278485   0.0863559167334
-0.112988351426   0.0584024745473   0.99187841432
0.21195300674   -0.149651665239   0.965753827347
0.240972634407   -0.949691061774   -0.200048632122
0.947105202927   0.275121145749   -0.165228072664
-0.334745643647   -0.240053464215   0.911218814845
0.84256982382   -0.509235273366   0.175372671037
0.421925925012   0.826470698862   0.372726061062
0.637370152084   0.492833566597   -0.592346560371
0.1873350858   -0.84476681337   -0.501273395914
-0.74743891896   0.208529440266   -0.630754236563
-0.326880931929   0.0940780317844   0.940371288365
0.812616427845   0.535987024711   0.228850264236
-0.48249702304   0.838967953011   -0.251653288143
0.759982838509   -0.278807128685   -0.587105343714
0.497430359108   -0.331883708938   0.80150877835
-0.418317029848   -0.901176935418   -0.113538806829
-0.991225012209   -0.0812232802541   0.104287085925
-0.0779212127359   -0.278255921455   -0.957341085498
0.10677688023   -0.957066584999   0.269485185626
0.742367570282   0.609615777695   0.277955095709
0.250533019269   -0.637347342199   0.728712448465
0.621388475836   -0.471335580958   -0.625874900674
-0.499486651962   0.397587092887   0.769699651039
-0.85677814268   -0.0951942321235   -0.506822697433
-0.128235188091   -0.912613026413   0.388192202608
0.383458546778   0.871315120789   -0.306218082185
-0.45487496343   -0.110379879016   -0.883688332597
-0.803771311517   0.478148786267   0.354013316351
0.723417505112   0.668094195848   0.17411852782
0.584146477704   -0.72672067798   0.361455346139
0.3680217505   -0.159772401063   -0.915987331524
0.615588354635   -0.781870049365   0.0986426697273
-0.743871730693   -0.535166942931   0.400314727862
-0.260203763733   -0.3198065962   -0.911053566567
0.469746708712   -0.842170634302   0.264738816117
-0.811920502218   -0.29441150116   0.504090207908
-0.346587818767   -0.451741588023   -0.822074438004
0.647135409202   -0.697369369254   -0.308044966136
0.0230929064148   -0.385943363055   0.922233346082
-0.762025233184   -0.603923496627   -0.233653313548
-0.16474484084   -0.569214166035   -0.805514994354
0.351850717436   0.729029100207   -0.587126606411
0.921444651394   -0.380147093243   0.0801746217444
0.891660275053   0.446197288792   0.0764848949767
0.316265958111   -0.493086957227   -0.810457387026
-0.32391017802   0.746842226926   -0.580783065504
-0.233109100067   0.796693782317   0.557619297552
0.62970201205   0.560626820797   -0.537748068588
-0.741036868048   0.225780040009   -0.632366893274
0.114442789746   -0.065541966058   0.991265419578
0.880218291484   -0.455909345709   -0.13176677462
0.46056339488   0.887609697019   0.00551567451888
0.0546423973563   -0.689782669515   -0.721951599193
0.969078490763   0.210876226767   -0.128133229024
0.240626518655   -0.692626244433   0.679976305223
0.152026909371   -0.506747355456   -0.848584069513
0.984235415463   -0.000890428120755   0.176861070085
-0.09037949016   -0.862094141554   0.49862333565
-0.391004974693   0.341082786657   0.8548553481
0.529300694801   0.843174829945   -0.0943238215391
-0.752964745531   0.415594443506   -0.510220909327
-0.122704662036   -0.992438461773   0.00319286658074
-0.960177388184   0.119527726738   0.25253331936
-0.251005334653   0.0279212062713   -0.967583591026
0.46804356546   0.168025621455   -0.867584353441
-0.231547183116   0.970775368775   0.0630958422868
0.852831238753   0.171355110392   0.493271024254
-0.815905046697   -0.367728705475   -0.446177695841
-0.37762027509   -0.245455055394   0.892835220798
-0.437837715298   0.896954515472   0.061406213846
-0.700833497043   -0.136742040918   -0.700098916878
-0.331530332968   -0.80657559185   0.489416183413
-0.631604716171   0.575101883592   0.519937080417
0.0552144498588   -0.323520595643   -0.944608824991
0.671219443467   -0.68836292031   0.274992775253
-0.73919947698   -0.649223375985   0.17914569246
-0.899567007187   0.419810919555   0.1205757247
-0.43676239392   -0.861864769475   -0.25773675364
-0.00428075010946   -0.284514348922   0.958662230205
0.486710009307   -0.868241369299   0.0962821084759
-0.543027042917   -0.214371365853   0.811890655699
-0.684276954482   -0.447439080534   -0.575815225816
-0.594307450525   -0.188319244405   -0.781881056558
-0.433717929741   -0.743662165732   0.508782012194
-0.677267215978   0.641487521857   0.360283596448
-0.340872732276   -0.891971431089   -0.296972694636
0.9379666826   -0.343997279226   -0.0434097816889
-0.0634375091795   -0.293347699726   0.953898742369
0.64721372342   0.354413954322   -0.674911220727
-0.546323390896   -0.401807068169   -0.734902629539
-0.531643827615   0.844358852222   -0.0664304257805
0.763413400193   -0.579192683537   0.285895793412
-0.512850568135   -0.812620507753   -0.276833374795
0.392663805459   0.0647167518772   -0.917404845753
-0.695777932414   -0.355801356216   -0.623937854435
-0.621457618852   -0.137320501209   0.771319321807
-0.360115924742   0.924417905028   -0.125570880406
-0.896099792789   0.193012247925   0.399746387199
0.0982262968471   -0.792008030519   0.602592817504
0.432900099949   0.579234651287   0.690718599115
0.56772262872   0.14839967773   0.809733632852
-0.378656584167   -0.826313735274   0.416923035734
0.730965260317   -0.543307612783   -0.412924494479
-0.442440713329   -0.465760984306   0.766363483342
0.40718292367   -0.865724865275   -0.291071489775
0.799029630098   0.183268248713   0.572681778441
0.802602309974   0.135897237927   0.580828263306
0.172517124683   0.87921218921   -0.444098825988
-0.571023092723   0.456637565556   0.682213133279
-0.627388409731   0.523173552982   -0.576777956578
-0.0244569954948   -0.753560353493   -0.656923292301
-0.778322062584   -0.398039935253   0.48557064226
-0.592953238256   -0.375600997897   0.712271348409
-0.514621768685   0.857093657399   0.0235565056446
-0.619331105776   -0.35258242177   -0.701508910861
0.568784605331   0.492454545778   -0.658766057086
0.0485969057497   -0.819667107209   -0.57077552603
-0.821049656462   0.292634380595   -0.490145909384
0.926560595802   0.359866189902   0.109462100802
0.34335674638   -0.928019346064   0.144535598917
0.153596129058   -0.0963364936284   -0.983428662414
0.689076544126   0.724564179682   -0.0134262553275
0.301388665938   -0.269680200986   0.914569546297
0.659043539423   -0.63425494282   -0.404205731983
0.216064604264   -0.170523393799   -0.961372913467
0.794576402853   0.602923609497   0.071634287655
0.567419110191   -0.779361856461   0.265764310294
-0.309362404259   0.28000717693   -0.908785403343
-0.268463618225   0.891075668296   0.365939122251
0.912262141137   0.357183617166   -0.200493573405
-0.166830029223   0.0788180404802   -0.98283603236
-0.0267050168018   -0.996804949602   -0.0754050130379
-0.985629642456   0.0136671287584   0.168390635156
0.553564994821   -0.831870607181   -0.0394596360992
0.298824050384   0.154178543246   0.941771263863
-0.77734802816   -0.533123080944   0.333930807337
0.180413654998   0.88348712126   -0.432320965887
0.377297417319   0.343748312369   0.859932413005
0.908348815083   -0.318257132865   -0.271320519388
-0.464025456912   -0.629208423514   0.623520214867
0.190429858547   -0.758287974955   -0.623487132353
0.865111072373   -0.170576947493   0.471684697743
0.178903074657   0.457461936685   -0.871046647971
0.810556127044   0.43328479183   0.394034328097
0.557666971738   -0.776526151067   -0.293282594012
0.258239560364   0.52706301976   -0.809640000586
0.363728322275   0.723355173701   0.586906304834
0.894993890997   -0.446051427843   -0.00490882612053
0.282108289403   0.246455801591   -0.927186334832
0.769668860301   -0.635088108303   0.0653685768241
-0.572734499676   -0.732067444444   -0.368853009081
0.949335351352   0.29736502823   -0.101668361809
0.23532520589   -0.887064047036   -0.397165406455
-0.208289373901   0.353118043433   -0.912098751615
0.751398077253   0.566072479378   0.339061773416
-0.03045754831   -0.483545556162   0.874789165565
0.659145868417   -0.667641890934   -0.346094027954
0.610039529214   0.0335826739543   0.791658893809
0.335984496015   -0.915799778587   -0.220055301528
0.717611328348   0.400227586884   -0.569957160673
-0.73704702113   0.528136385624   -0.42170325716
-0.209450336153   0.41474941499   0.885501821666
0.642566911383   0.740982373386   -0.195071474175
-0.761016883692   -0.44871709254   -0.468514421209
0.400841797325   -0.893087523958   0.204254691618
-0.510077097639   -0.0323588688498   0.859519759709
0.0370020496245   -0.982603008747   -0.181995119158
0.92558479786   -0.0349577344198   0.376922790799
-0.376727591458   -0.182398836222   0.908188852025
-0.632592732011   0.560028456164   0.534971532648
-0.628018535661   0.0333064139632   -0.777485297653
-0.453231873686   -0.827803598377   0.330638869131
0.991100035933   -0.13244697727   0.0133610356994
-0.00494652796238   -0.136941626401   -0.990566787131
0.13302725632   0.981684687727   -0.136378003677
-0.47198807838   -0.880975116696   0.0334913382721
-0.853814829792   0.447304800583   -0.266313718842
0.219633928169   -0.154290648388   -0.963312393825
0.10919780091   -0.982456397335   -0.151179615041
-0.0523627363843   0.146192554368   -0.987869368353
0.992639910797   0.115789345048   -0.0354802032366
0.350469654189   -0.292687114844   0.889665820223
-0.851047155032   0.29705795343   0.432984190678
-0.391011200327   -0.908895385767   -0.144980737771
0.385834215934   0.254299944474   -0.886827771604
0.441206908061   0.7933458167   0.419450687865
0.810227389396   -0.55311296632   0.193901068925
-0.433907597273   0.208176991936   0.87657667653
-0.892686017755   -0.230873666411   -0.387051854201
0.121803134245   -0.950452420779   0.286014437464
-0.770712180079   0.627640257169   0.109864979249
-0.621645261955   -0.778501803924   0.0865562222686
0.139856263262   -0.00158710593618   0.990170543898
-0.590482862498   -0.752767559111   -0.290982398425
0.771576229513   -0.632278391696   0.069956532352
-0.236642929945   -0.183206976719   0.954167344139
0.036466063081   -0.735066108195   0.677014029301
0.856689341577   -0.325821944017   -0.399904198795
0.514542079247   0.594573639483   0.617841903153
0.990525817382   0.132225422692   0.0370815687604
-0.0659880428196   0.221478496369   0.972930037467
0.120433314962   -0.966159260782   0.228105465462
-0.762519563688   0.114360687852   -0.636777108604
0.0289206202778   0.989294443381   0.143038803165
0.646318072384   0.0906539274506   -0.757663747314
0.736199900531   -0.560150336974   -0.379791360653
-0.414560538286   -0.816836984855   0.401145957508
-0.5349293764   -0.137877188526   -0.833571612379
0.0905029316073   0.923673798532   -0.372338453538
0.881515731306   0.0996673959845   0.461515348
0.463399639122   -0.369990695673   -0.805212792456
-0.404019271981   0.849221870825   -0.339987014761
0.910363421366   0.409635935345   -0.0586264754315
0.0894840607737   -0.333197894194   -0.938601350692
-0.962607500307   0.259123734153   -0.0791188966889
0.178587204731   0.387238311447   -0.904521284676
-0.203743759956   -0.884820340252   -0.419040021116
0.596206700837   0.730743624997   -0.332492594917
-0.800780913996   0.511708862502   -0.311294023962
-0.0573367153603   0.45184930685   0.890249799391
-0.644308703373   0.17792873353   -0.743779241072
-0.363380354939   0.784530554727   0.502460459238
0.672919691576   0.59401444531   -0.44082404525
-0.796257225246   0.470805700195   -0.379954039773
0.43405800618   0.00705071363753   -0.900872258966
-0.421445995292   -0.882223992173   -0.209992550302
-0.973380945254   -0.140444018717   0.181127563588
0.195262915616   -0.0943261195625   0.97620499208
-0.120017125734   0.985585749889   0.119237547332
-0.574471937872   0.521289558227   0.631062272481
0.69311711293   0.719911544162   0.0362782025257
-0.435397591897   0.458240806452   -0.774883703659
0.930218800901   0.36695261023   -0.00622620865891
-0.356881725574   0.900471736158   -0.248568075784
-0.0856061784011   0.233444717638   0.968594418034
0.997921806722   -0.0620708455473   -0.0172996481161
0.0079518520132   0.385051813416   -0.922860702295
0.0639440047343   0.920805255156   0.384745179494
-0.849802582338   -0.411719537649   0.329125251517
-0.515898651753   0.521620525912   -0.679529855662
0.108097132191   -0.74726117652   -0.655680176589
-0.341389532804   -0.797751704248   0.497036741937
-0.444206664356   -0.329088595592   -0.833295417057
0.828331904376   -0.505265307652   -0.242019284231
0.441063031397   0.297551579451   -0.84671509952
0.332570291733   0.822087023394   0.462136264513
0.833582871252   -0.485423509409   0.263635379027
0.156788034939   -0.409911008657   0.89854910321
-0.959065379681   -0.280427879327   0.0394185609465
0.235820108125   -0.867947688764   -0.437099198912
0.0365258084577   -0.595628793972   -0.802428937394
0.997930232746   0.0642655003264   -0.00227830152886
0.0529255169747   -0.800684881759   0.596743334656
-0.996262415995   0.0204679074296   -0.0836929236047
0.0835805239686   -0.00627864953765   -0.996471696327
-0.02092215833   -0.999761276672   0.00456344555487
-0.572379593832   -0.133562419448   0.809038075795
0.333318244781   0.863555537409   0.378379142142
-0.749186542639   0.486243671037   -0.449762770554
-0.826726885667   0.554028896597   0.0978527249442
0.00298504250192   -0.169606425474   0.98550752474
0.562596003865   0.815037406218   0.1385640897
-0.930408231221   -0.0116629687901   0.366338404804
0.269106301123   0.656839498377   0.704374582647
-0.248840612382   0.753940136313   -0.607990181711
-0.57668803926   0.164002052168   -0.800335815438
0.530983334998   -0.66927005027   -0.519747698419
-0.620879045018   -0.724696004503   0.298875105893
0.3008562857   -0.102197589645   0.948177806547
0.726782155862   -0.619172276721   -0.297343909951
0.617473236731   0.778576493053   -0.112006491
-0.246191476533   -0.814373350141   -0.525533861197
-0.226722455022   0.575567837113   -0.785696255218
0.942330473386   -0.0742813816176   -0.326336625857
0.949711005515   -0.12369121009   0.287662113183
-0.22411378616   0.373076789545   0.900325902141
-0.218682458527   -0.919518462979   0.326594227494
0.999822257097   -0.00881432086608   0.0166661922096
0.00913044254849   0.99977802339   -0.0189878637214
-0.0164951275826   0.0191366584728   0.999680798592
0.891183840546   -0.408008770667   -0.198293146055
-0.265144543372   -0.823158795812   0.502102981893
-0.368089255254   -0.394889701518   -0.841767102279
0.86186169346   -0.507075722798   0.0082845680265
0.506971840278   0.861880047755   0.0119305413984
-0.0131899917649   -0.00608243394421   0.999894508494
