-0.145591051029   -0.856487796332   0.495208972794
0.70803208587   0.259403048065   0.65681096286
-0.691009288925   0.446249627773   0.568654061952
0.778056566395   0.221444005906   -0.587869480667
0.25467079395   0.744268680149   0.617419559288
0.574256702843   -0.630100529861   0.522687812958
0.951700279671   -0.182377441768   0.24699199402
0.0830406332573   0.927375583023   0.364799642664
-0.295585570696   -0.326669549841   0.89772834023
-0.613568852333   0.732753813908   -0.29428696024
0.376470506832   -0.0561497358914   -0.924725348659
-0.694120252009   -0.678173179336   -0.241408339385
0.589618652394   -0.689435187054   0.42074811348
0.537588235664   0.723771118792   0.432613293205
-0.602784157905   -0.0288876346008   0.797381193155
0.226052308445   -0.948544569585   -0.221728733457
-0.815807052228   -0.0599604061702   -0.575207536365
0.532315024459   0.310914869164   -0.787383539792
0.947594200027   -0.199697833718   0.249371341665
-0.115728330077   -0.942114454598   -0.314689506735
0.297778851588   0.269338647876   -0.915852933858
-0.99522777059   0.0748879858604   0.0625125379142
-0.0928980162988   -0.532052436023   -0.841597184079
-0.0297655235205   -0.843390568631   0.536474648215
-0.987224018178   0.0752269435717   -0.140451344358
0.0662514228417   0.995515266788   0.0675284802629
0.144901422155   0.0573607325269   -0.987780470855
-0.887902579009   -0.222165257643   -0.402831767849
-0.459040478777   0.370366300794   0.807534055404
-0.0302104905014   0.901926831893   -0.430832565052
0.890087353361   0.0367980891735   -0.454302109205
-0.452290621224   0.194583293844   -0.870385290173
0.0563710896441   0.980195521327   0.189839558486
0.198254153055   0.68218956895   0.703784536487
-0.371077820586   0.716829298525   -0.590302468791
-0.907191563481   -0.144128920093   0.395259806636
-0.449854965617   0.79823085723   0.400572904542
0.859609991885   0.265314041507   0.436668578271
0.242284574702   0.540773782615   -0.805520143822
-0.84006745577   0.524508237489   0.138483542634
-0.494277745835   -0.845258561015   0.203045285043
0.223553333116   0.102122409937   0.969327044496
-0.00259977729837   0.589279251622   -0.807925248627
0.508521454858   0.696444072313   0.506331497023
0.861045395847   -0.409530973842   -0.301471741847
0.73642391156   -0.676001648944   0.0264875478232
0.664106209237   0.714890134784   -0.218849342895
0.129006830894   0.178756433892   0.975399084812
-0.212215263952   -0.920580892652   0.327865327419
-0.963785796255   0.25261256563   0.085463068694
-0.161498581348   -0.297855362981   -0.940851032258
0.109869168095   0.920639975435   0.374632692941
0.869264169103   -0.271772210803   0.412938289699
0.481982803949   0.280286036786   -0.830138516266
0.923533379942   -0.00567794508333   -0.383476501058
-0.051775596673   -0.992587459821   -0.109995719456
-0.380007570337   0.12143941555   -0.916981998359
0.815187132222   0.130781489165   0.564239430778
-0.567485389559   -0.0145728308557   0.823254475003
0.115889023595   -0.991304090614   0.0623370045983
0.209534441624   -0.668991802463   -0.713123611185
0.976601423493   0.107064542279   0.186512310805
-0.0484249545362   -0.735518287121   0.675772056691
-0.499431710522   0.362943120465   -0.786664008828
-0.842827997938   0.00661859050679   0.538142326373
0.200521663097   0.931787791747   0.302593086643
-0.287626670413   0.868584924363   0.403523452351
-0.1720478153   -0.461332772529   0.870385936127
0.942162669967   0.180920860395   0.282129709339
0.157022876827   0.747971985232   -0.644890523182
0.634946737181   -0.57660725768   -0.514169784014
-0.756431436764   -0.328733684246   -0.565463946266
-0.207388786169   0.431111035945   -0.878141874299
-0.912890167831   -0.407917131868   0.0153342071841
-0.351598376259   0.804827230602   0.478154477503
0.946332012094   0.186861393703   0.263701619028
-0.00941955418354   0.831518037651   -0.55541788737
-0.3230588125   0.523125775655   0.78865228854
-0.0810848529068   -0.843920963473   -0.530304298501
-0.0252027852749   0.533622153879   -0.845347392693
0.996388509173   -0.0551797257218   -0.0645378315626
0.923444329436   -0.102720385067   0.369728406394
-0.104738233261   0.859450077905   0.500375328094
-0.369161854064   -0.500793459386   0.782895549223
-0.958531731216   -0.268760628235   -0.0947946369746
0.260965608824   -0.961419702321   0.087008547102
-0.114521829794   0.058662261878   0.991687196339
0.212034936523   -0.14892714017   0.965847774796
0.240907517141   -0.949854707447   -0.199348139658
0.947103365712   0.274948757992   -0.165524746418
-0.33472226732   -0.239913226318   0.911264305491
0.842789708424   -0.508786008661   0.175619731001
0.421505039115   0.826788017801   0.37249841536
0.637248317617   0.493031878227   -0.592312519594
0.187215078825   -0.844593899311   -0.501608929093
-0.747572784467   0.208759599869   -0.630519021186
-0.32693871734   0.0944461358353   0.940314349674
0.812567940132   0.536136487163   0.228672332291
-0.482539626814   0.838831103567   -0.252027692438
0.759675214767   -0.279674877928   -0.587090729894
0.497179577543   -0.332142183044   0.801557238688
-0.419173031272   -0.900812689672   -0.113271541232
-0.99127070796   -0.0802553449676   0.104601578506
-0.0785341192887   -0.277840623561   -0.957411613354
0.105899965672   -0.957268867603   0.269112471522
0.742153172983   0.609597767109   0.278566471455
0.250778640026   -0.638005882658   0.7280514252
0.621545485375   -0.47046717884   -0.626372214723
-0.499769953131   0.397737974738   0.769437778922
-0.856571977521   -0.0951547096344   -0.507178496459
-0.1285085192   -0.912551414111   0.388246669498
0.383316327766   0.871145077781   -0.306879159607
-0.454552195235   -0.111305865866   -0.883738228248
-0.804021683134   0.478243878914   0.353315576018
0.72365826401   0.667810659553   0.174205650368
0.583726446773   -0.726909540527   0.361753727889
0.3682147756   -0.160097618007   -0.915852834659
0.615325509638   -0.782193193997   0.0977165442577
-0.741030464733   -0.531716973491   0.41006304528
-0.268790933801   -0.324733210547   -0.906808006228
0.469743249194   -0.842219789899   0.26458848575
-0.811916848099   -0.294491774284   0.504049137034
-0.346601028649   -0.45159752687   -0.82214796004
0.647085387426   -0.697413573333   -0.308050018894
0.0228620019621   -0.386112766332   0.922168249452
-0.762074691402   -0.603764241374   -0.23390366211
-0.16498624162   -0.569507743111   -0.805258014333
0.35183176876   0.728750191323   -0.587484097583
0.921408674586   -0.380242145164   0.0801371616491
0.891791586271   0.445930105492   0.0765121501579
0.316141229913   -0.493177642237   -0.810450834994
-0.323670342873   0.746941881413   -0.580788564027
-0.233328939723   0.79671158794   0.557501731846
0.629873359237   0.560622022274   -0.537552299169
-0.740821899441   0.225728971692   -0.632636745136
0.114555056927   -0.0651188938705   0.991280320568
0.880171701423   -0.456026550796   -0.131672205813
0.460624489469   0.887580601089   0.00507565605724
0.053859369232   -0.690291002245   -0.72152443457
0.969119712858   0.210265960575   -0.128822418787
0.240636987206   -0.692305254676   0.68029940307
0.152143616196   -0.506324591648   -0.848815502514
0.984332380284   0.000186214848392   0.176322900032
-0.0891185420647   -0.862342975761   0.498419998583
-0.390305528989   0.340647074377   0.855348529418
0.529612663185   0.843007949098   -0.0940639048984
-0.753108201425   0.416289757175   -0.509441666992
-0.122912587833   -0.992415881895   0.00225000447003
-0.959950304769   0.119464613244   0.253426653635
-0.251773226397   0.0289892007819   -0.967353662774
0.468049946648   0.166906113987   -0.867796974329
-0.231626500124   0.970840058884   0.0617959875101
0.852806193681   0.172081169062   0.493061517199
-0.807955707495   -0.359033003508   -0.46735231826
-0.39811708039   -0.252269128558   0.882010741087
-0.434540765973   0.898629767747   0.0608174705857
-0.70607605394   -0.138875990495   -0.69439528716
-0.321859761461   -0.810517156836   0.48937090725
-0.630775435094   0.569026405516   0.527575003726
0.0549988717627   -0.323303609211   -0.944695671248
0.671091497819   -0.688593448804   0.274727652949
-0.739331682372   -0.649086941797   0.179094430115
-0.899519548153   0.419824568435   0.120881073826
-0.436861010388   -0.861723212666   -0.258042391425
-0.00416651815414   -0.284922357684   0.958541546933
0.486651335022   -0.86829177144   0.0961239717889
-0.543204402951   -0.214588979811   0.811714484796
-0.684177897127   -0.447236881152   -0.576089917952
-0.594471929487   -0.18811248656   -0.781799185974
-0.433892880041   -0.743518978084   0.50883102035
-0.677003133995   0.641705330367   0.360386289409
-0.3408289138   -0.892099552746   -0.296637892637
0.938014871483   -0.34382225403   -0.043753380997
-0.0629583372801   -0.293163172079   0.953987212859
0.647293022282   0.354351772084   -0.67486783482
-0.546177344308   -0.401969635824   -0.7349223346
-0.53169735886   0.844307616305   -0.0666532594305
0.763438367411   -0.578939339974   0.286342017103
-0.512365898945   -0.812782154111   -0.277256819415
0.393247626472   0.0649569006687   -0.917138038055
-0.695918266997   -0.356472455535   -0.623398760186
-0.62128790525   -0.136482631218   0.771605084574
-0.360138812886   0.924283753073   -0.126491701568
-0.896708592831   0.186557813721   0.401397174546
0.101992904382   -0.795357244521   0.597506139626
0.43072143788   0.576725516667   0.694167345232
0.567923880154   0.148453476412   0.809582602027
-0.378373367207   -0.826419379516   0.416970533513
0.730955552104   -0.543132024623   -0.413172417637
-0.442403167812   -0.46565712729   0.766448211666
0.407597469897   -0.865665715849   -0.290666734539
0.798838984962   0.183810467161   0.572773937607
0.802173541624   0.135995148506   0.58139739576
0.172748102631   0.879214631169   -0.444004197352
-0.571555513709   0.45660371638   0.681789810658
-0.627665678458   0.522819078641   -0.576797843912
-0.0242855296265   -0.753714921549   -0.656752431312
-0.778103948572   -0.398213201681   0.485778149845
-0.593095851996   -0.375152964026   0.71238881924
-0.514702040583   0.857065155292   0.0228287725692
-0.619127923466   -0.353128301075   -0.701413787497
0.568962774732   0.492973460269   -0.658223704214
0.0491891451296   -0.819372688804   -0.571146628951
-0.820890799876   0.292583682443   -0.490441427901
0.92649204396   0.360469509336   0.108047414218
0.344092358323   -0.927737111575   0.14458486542
0.152357998882   -0.0967784439034   -0.983575858543
0.689271766936   0.724368743582   -0.0139418355879
0.301402978583   -0.269194232281   0.914708036549
0.658832828538   -0.634684544437   -0.40387488675
0.216599349718   -0.170999673114   -0.961167939139
0.794525566592   0.602974156784   0.0717723969863
0.567286364603   -0.77921836781   0.266467429916
-0.308977097238   0.27982065362   -0.9089739062
-0.269476023492   0.890814687722   0.365830378019
0.912094201882   0.357979880058   -0.199836379942
-0.170019812423   0.0737215894016   -0.982687397223
-0.0207827148286   -0.997258003824   -0.0712185859876
-0.985229654532   0.00831477491093   0.17106963516
0.553557667546   -0.831831513977   -0.0403761481212
0.299560190105   0.153642476308   0.941625014188
-0.777069876836   -0.533338829634   0.334233582704
0.180709848292   0.883748044606   -0.431663462353
0.376449008819   0.34331930851   0.860475447901
0.908641895818   -0.31799567031   -0.270644895324
-0.464050137288   -0.628765629453   0.623947847843
0.189748121577   -0.758590552737   -0.623326254452
0.865247238636   -0.170861793125   0.471331456814
0.179365967517   0.457969585123   -0.870684621395
0.810319313469   0.433092741637   0.394731919339
0.557862403332   -0.776334037015   -0.293419501243
0.258047785546   0.527333207963   -0.809525196847
0.363445230362   0.723369560661   0.587063922641
0.895164186659   -0.445708618405   -0.00499282613414
0.282111621768   0.246419625411   -0.927194832539
0.769709976445   -0.635032357455   0.0654227033494
-0.572677432274   -0.732127684331   -0.36882155389
0.949367293673   0.29733072945   -0.101470017579
0.235508121337   -0.887295674237   -0.396537222044
-0.20793665364   0.352562449797   -0.912393290774
0.75117217588   0.566459629734   0.338915738196
-0.0300001911324   -0.48359978491   0.874775057213
0.659424277872   -0.667274231536   -0.346272826889
0.610120534939   0.0329776490947   0.791622052153
0.336171482774   -0.915514889286   -0.220955981313
0.717455038984   0.400930525364   -0.569660641416
-0.737116203282   0.528325435451   -0.421345225746
-0.209400701591   0.414241641502   0.885751185229
0.642503627365   0.741131601145   -0.194712464409
-0.761045250689   -0.448321634447   -0.468848074637
0.400744146192   -0.893267350086   0.203662220636
-0.510112668239   -0.0328919885072   0.859478467993
0.037083568251   -0.982538887684   -0.18232437576
0.925393274601   -0.0351014906355   0.377379398131
-0.37718978132   -0.182716329313   0.90793315569
-0.632451596833   0.560211796818   0.534946542539
-0.628234009685   0.0330212037389   -0.777323406534
-0.453130323134   -0.8276910003   0.331059741275
0.991159751403   -0.132046659289   0.0128851513245
-0.00528682889233   -0.13635121784   -0.990646463095
0.132568460783   0.981820780577   -0.135843947353
-0.471846946922   -0.881031846019   0.0338008596863
-0.854029988262   0.447188534776   -0.265809848276
0.219071657148   -0.154288634029   -0.963432144333
0.109241820621   -0.982489223259   -0.150934345306
-0.0516653756075   0.146025673051   -0.987930775153
0.99267161709   0.115721448792   -0.0348085746439
0.350874169201   -0.293226404201   0.88932873759
-0.850911570799   0.296652442272   0.433528359241
-0.390943507817   -0.908854012185   -0.145422062608
0.386772733944   0.253807667627   -0.886559939059
0.441295418872   0.793214925489   0.419605096595
0.809731567232   -0.553526649458   0.194789744273
-0.434247780964   0.207443191621   0.876582067848
-0.892468513039   -0.231072366123   -0.387434457418
0.122183274866   -0.950564478513   0.285479223409
-0.770719774869   0.627681788233   0.109575563955
-0.621587220404   -0.77846967962   0.0872610399946
0.140073405492   -0.00085696607325   0.990140751516
-0.590852663014   -0.752583615381   -0.290707948026
0.771179325979   -0.632698444896   0.0705351377126
-0.237014042553   -0.182512082696   0.954208407825
0.0366097907541   -0.734651745441   0.67745591292
0.856451569913   -0.326243339486   -0.400069945491
0.514927576872   0.594854659402   0.617249962291
0.990569103092   0.131780894749   0.0375053059013
-0.0663429253767   0.221815112527   0.972829218298
0.119881059572   -0.96614277801   0.22846592697
-0.762336149988   0.114796360515   -0.636918902863
0.0286356001424   0.989161930278   0.144009305011
0.646547674667   0.0915449241511   -0.757361161661
0.735855218317   -0.560531516636   -0.379896520863
-0.414107729757   -0.816409609201   0.402478703637
-0.535753428231   -0.138847893696   -0.832879634717
0.0905245376559   0.923474532725   -0.372827161421
0.881308836104   0.1000581389   0.461825834142
0.463788788448   -0.370382441653   -0.804808548837
-0.403418760927   0.849285709423   -0.340538582697
0.910571205181   0.409256265194   -0.0580444109031
0.0900712097743   -0.333500910211   -0.938436756245
-0.962690353147   0.258874554298   -0.0788819378822
0.178425002954   0.387983977769   -0.904232501082
-0.203477058431   -0.884565352491   -0.419701395001
0.596187927264   0.730718153671   -0.332582231866
-0.800771814629   0.511475199598   -0.311701183753
-0.057658147322   0.452154959006   0.890073835498
-0.644326542955   0.178400269188   -0.743650844088
-0.363444545827   0.784144482827   0.503016384124
0.672867963323   0.59438267517   -0.440406489786
-0.797398055935   0.465997229379   -0.383593992173
0.434030662339   0.000996090635086   -0.900941173748
-0.419422403752   -0.884830038265   -0.203114050765
-0.973341271234   -0.140149176395   0.18156610301
0.195682272041   -0.0944520920788   0.976108577985
-0.119651534947   0.985615399617   0.119358123896
-0.574641604641   0.521211099701   0.630972235062
0.69290090807   0.720124171345   0.0361870112261
-0.435517282627   0.457995805367   -0.774960952269
0.930073648311   0.367315407215   -0.0065116945307
-0.357354526104   0.900456358184   -0.247943728051
-0.0852100534949   0.232932911434   0.968752551672
0.997934002344   -0.0617171041398   -0.0178529003018
0.00732161433336   0.385312593799   -0.922757068352
0.0638288410998   0.920719942375   0.384968407706
-0.84965208527   -0.411864677493   0.329349346452
-0.516198525254   0.521750289855   -0.679204582148
0.107900820666   -0.747092544012   -0.655912371712
-0.341126224223   -0.79508478755   0.501471550159
-0.447931541148   -0.331520839647   -0.830332402497
0.826432616405   -0.507872764378   -0.243053440856
0.441129605711   0.296921845064   -0.846901468268
0.333466257438   0.821887151338   0.461846043814
0.833189614782   -0.486147026074   0.26354533858
0.157039505855   -0.409749782169   0.898578682977
-0.958889818276   -0.281025413327   0.0394327544253
0.236365923721   -0.867830479832   -0.437036961711
0.0365858904009   -0.595343931027   -0.802637574452
0.997917966537   0.0644542146082   -0.00232073392166
0.0531150091413   -0.800881550251   0.596462520253
-0.996302887785   0.0209225615027   -0.0832686996511
0.0831532453659   -0.00632807508848   -0.996514371666
-0.0213768030009   -0.999758771691   0.00456948843751
-0.572906010581   -0.133493125735   0.808676888736
0.333043604793   0.86360637492   0.378504938418
-0.748906324116   0.486172414357   -0.450306252965
-0.826456300472   0.554431791287   0.0978571984158
0.00282428843   -0.169728627592   0.985487005727
0.562994374631   0.814737997072   0.138707033172
-0.930500967546   -0.0116596699909   0.36610456849
0.268970117603   0.656721649145   0.704536620636
-0.248643477312   0.754042986889   -0.607944122594
-0.57969215872   0.168663170375   -0.797188923063
0.533900838531   -0.660452667803   -0.527970296353
-0.615554496946   -0.731679898709   0.292809469494
0.300789209051   -0.10210100386   0.948209478978
0.727191606428   -0.618712465153   -0.297299857166
0.617023661259   0.778954570267   -0.111855022151
-0.246070717209   -0.814652261614   -0.525157953145
-0.227119219779   0.575196101429   -0.785853865818
0.942266439555   -0.07410216637   -0.326562100635
0.949817034052   -0.124080662452   0.287143853198
-0.223511327826   0.372992701776   0.900510493123
-0.218838501086   -0.919500109351   0.32654138805
0.999805492563   -0.00932531324843   0.0173785953413
0.00967369987002   0.999751739875   -0.0200718248132
-0.0171871048767   0.0202360360082   0.999647491008
0.890968696873   -0.408045058506   -0.199183237073
-0.264383291262   -0.822834004886   0.50303563322
-0.369156074044   -0.395528258429   -0.840999616004
0.861619261573   -0.507481402144   0.00865316753748
0.507368141428   0.861639367398   0.0124568197123
-0.013777514086   -0.00634269433175   0.999884968552
