-0.146269629568   -0.856159805552   0.495575944387
0.707668841585   0.259491199743   0.657167471167
-0.69123797635   0.446827328917   0.56792197813
0.778555394391   0.22167431404   -0.587121786184
0.254533073204   0.74360150474   0.618279638616
0.573641358309   -0.630806860598   0.522511518393
0.951849476752   -0.181229801928   0.247261668656
0.0814801286115   0.927099344025   0.365852149621
-0.295539443281   -0.328089264735   0.897225653023
-0.614197966827   0.732712255965   -0.293074672938
0.373882996093   -0.0568704266044   -0.925730364353
-0.694961523534   -0.678157763512   -0.239018578944
0.588708281254   -0.690227515425   0.420723818807
0.538014762674   0.723020895244   0.43333693235
-0.603293187352   -0.0287534127495   0.797000984297
0.225872971883   -0.94854094174   -0.221926542607
-0.815448419119   -0.0594700574723   -0.57576649952
0.532940131935   0.311019722938   -0.786918887254
0.94759122145   -0.199917290223   0.249206652791
-0.115790378166   -0.941895636325   -0.315317714945
0.297764113099   0.269936566814   -0.915680536411
-0.995438558801   0.0728398875472   0.0615190327128
-0.0910716040853   -0.535464032375   -0.839627968833
-0.0282170787493   -0.841405677364   0.539664295922
-0.987345192551   0.0747320126267   -0.13985205994
0.0658960859747   0.995589021019   0.0667846821219
0.144226135751   0.0567240178555   -0.987914574991
-0.887544048519   -0.222716177275   -0.403314691114
-0.459700966646   0.369830819685   0.807403292757
-0.0306636095815   0.902010288339   -0.430623891003
0.889701900419   0.0367318966767   -0.455061862987
-0.452960783861   0.195622172115   -0.869803722599
0.0570706550063   0.97999120166   0.190683525579
0.198905747887   0.68181843919   0.703960314808
-0.370587186392   0.717304872063   -0.590032931028
-0.907249494972   -0.143517728506   0.395349237439
-0.450675914309   0.797628302007   0.400849592372
0.859041649728   0.265388495938   0.437740142771
0.242773037835   0.541625405975   -0.804800146444
-0.83999593795   0.525033170619   0.136919811582
-0.495339577756   -0.845021333423   0.201439047123
0.221462339376   0.101386176313   0.969884156051
-0.00166272396809   0.588278340411   -0.808656805628
0.50785975368   0.697106519474   0.506083956492
0.861438161261   -0.40984276818   -0.299921988774
0.73658497001   -0.675786563486   0.0274790792046
0.663986376196   0.714797128426   -0.219515727038
0.128703812721   0.179937719231   0.975221895534
-0.211523398133   -0.920774957757   0.327768301572
-0.96397729836   0.251875711993   0.0854800849507
-0.161264846121   -0.297880099778   -0.94088376834
0.109089778405   0.920566095849   0.375051349557
0.869225337049   -0.271389847174   0.413283766293
0.482237249768   0.280916751408   -0.829786358774
0.923288192887   -0.00337008484469   -0.384093446837
-0.0509729662893   -0.992195339281   -0.1138239507
-0.380711032257   0.124670676478   -0.916254244409
0.815139287829   0.131190083544   0.564213706136
-0.567479901393   -0.0146198098298   0.823257455418
0.116251906336   -0.991249432972   0.0625305523343
0.209227708662   -0.669646265063   -0.71259920918
0.97668313786   0.107259649253   0.18597150732
-0.0481019901542   -0.734894028417   0.676473916976
-0.498714668528   0.364555155968   -0.78637350591
-0.842671627069   0.00850330032592   0.538360725914
0.202948962729   0.931142996822   0.302959522075
-0.286626570389   0.869097890397   0.403130288095
-0.171697108011   -0.460571989424   0.870857912519
0.942531312675   0.180394727209   0.281233793173
0.156517634061   0.748054383025   -0.644919572848
0.634409663901   -0.576603488041   -0.514840744819
-0.756988106746   -0.328559361782   -0.564823766663
-0.205816996743   0.43139974623   -0.878369886622
-0.913147823522   -0.407392216176   0.0138807547427
-0.351852882847   0.804938433614   0.477779951491
0.94618607258   0.186615109901   0.264398784085
-0.00886247913212   0.83163127028   -0.555257496504
-0.323501735286   0.523033681245   0.788531797957
-0.0810477793631   -0.843919813986   -0.530311802591
-0.0249554853688   0.533613557827   -0.84536015752
0.996397753989   -0.0552803738722   -0.0643086231282
0.923604906921   -0.10258823915   0.369363817193
-0.104453015165   0.859721018188   0.499969338215
-0.368840811036   -0.500355298483   0.783326900083
-0.958305826641   -0.268727712225   -0.0971295416076
0.260670580078   -0.961402525846   0.0880614479052
-0.117045204313   0.0590710301863   0.991368260638
0.212136436567   -0.147700101362   0.966013733987
0.240813672318   -0.950127960504   -0.198153843189
0.947104339246   0.27466497848   -0.165988278584
-0.334709377735   -0.239673403242   0.911332129535
0.843144225738   -0.508048391233   0.176052831316
0.420805661973   0.827310972119   0.372127841671
0.637044138966   0.493385820429   -0.592237446777
0.187035961787   -0.8442923343   -0.502183217271
-0.747791622154   0.209143173234   -0.63013237154
-0.327057227844   0.0950590517289   0.940211270726
0.812476716555   0.536393837523   0.228392637179
-0.482612724626   0.83859727423   -0.252664724895
0.759147841435   -0.281119149263   -0.587083113122
0.496775228446   -0.332581695104   0.801625726141
-0.420605432916   -0.900200786673   -0.112825649165
-0.991344697793   -0.0786231261597   0.105138558675
-0.0795708027587   -0.277153944567   -0.957525035015
0.104423176717   -0.957603315243   0.268498973931
0.74177553487   0.609590074838   0.279587224421
0.251204601348   -0.639091460343   0.726951496011
0.621824190316   -0.469001247281   -0.627194251777
-0.500242078146   0.397998808237   0.768995992439
-0.856225790171   -0.095080659974   -0.507776606614
-0.128977843029   -0.912445414597   0.388340174814
0.383074442772   0.870864464645   -0.307975785458
-0.454021052714   -0.112842157292   -0.883816487393
-0.804436998094   0.478395008245   0.35216382913
0.724043907924   0.667350938048   0.174365304316
0.583034565176   -0.727215229025   0.362256018474
0.368552885855   -0.160628305719   -0.915624438467
0.61484258604   -0.78262546488   0.0972942197829
-0.744379310095   -0.535143619924   0.399401430174
-0.260515308926   -0.317992832378   -0.911599292923
0.469763915214   -0.842299923592   0.264296622906
-0.811890229874   -0.294661138929   0.503993128137
-0.34663542923   -0.451337631149   -0.822276248878
0.646999174985   -0.697484569013   -0.308070371005
0.0224764800222   -0.386410016664   0.922053222911
-0.762159356925   -0.603492016537   -0.234329971113
-0.165387123424   -0.570011296795   -0.80481934793
0.351801058723   0.728274376292   -0.588092202828
0.921348509717   -0.38039919226   0.0800833819994
0.892002560219   0.44549738293   0.076573633397
0.31594758158   -0.493307441155   -0.810447401446
-0.323277845239   0.747114413339   -0.580785321884
-0.233674662702   0.796710438497   0.557358664342
0.630158371694   0.560637849464   -0.537201681568
-0.740470546417   0.225693813131   -0.633060613841
0.114696914482   -0.0644237701042   0.99130937127
0.880100622381   -0.456219596327   -0.131478880397
0.460725065745   0.887532184967   0.00437236395589
0.0525318602356   -0.691140340229   -0.720808870277
0.969186677078   0.209235942452   -0.129990384663
0.240660720387   -0.691769719804   0.680835567743
0.152328471035   -0.505636164578   -0.849192606119
0.984492769805   0.00198992150349   0.175413792262
-0.0870057435909   -0.862744505277   0.498098288661
-0.389157769373   0.339913554805   0.856162901192
0.530123330968   0.842736105023   -0.0936221170013
-0.753342811794   0.417438165587   -0.508153407442
-0.11277186848   -0.993605068093   0.00569548771415
-0.963317265874   0.11073467364   0.244455410844
-0.24352272007   0.0220810163084   -0.969644687641
0.468030737422   0.165030955518   -0.868165892373
-0.231756687915   0.970944584288   0.0596276116682
0.852781373252   0.173295695813   0.492678937226
-0.816548224571   -0.367517696737   -0.445173848046
-0.377585427879   -0.243304487133   0.893438404015
-0.436667215454   0.897626692841   0.0599005112089
-0.706556915614   -0.13858146276   -0.693966795279
-0.321246840616   -0.810974411629   0.489018860665
-0.630551506354   0.568448904363   0.528465184679
0.054644907768   -0.322925699231   -0.944845482543
0.670875417712   -0.688983209514   0.274277991133
-0.73955403252   -0.648861491604   0.178993432789
-0.899441959055   0.41985749431   0.121342706045
-0.437022038028   -0.861492914183   -0.258538002102
-0.0040132426487   -0.285569334356   0.958349651049
0.486552920673   -0.868375012716   0.0958701471327
-0.54351211532   -0.214949885931   0.811413032395
-0.684003529465   -0.446901964563   -0.576556833731
-0.59472577158   -0.187767350702   -0.781693022126
-0.434200310735   -0.743301647789   0.50889290401
-0.676587502831   0.642063329902   0.360532594369
-0.340777282573   -0.892301327191   -0.296089970046
0.938086563147   -0.343552609752   -0.0443315885031
-0.0621653352918   -0.292865209934   0.95413072627
0.647419732037   0.354261611228   -0.67479361147
-0.545945759292   -0.402216385693   -0.734959368546
-0.531780909005   0.844227905433   -0.0669952166069
0.761991574036   -0.580901325864   0.286222550434
-0.5131173145   -0.811233327132   -0.280388368749
0.395070019525   0.0667882128725   -0.916223727835
-0.696135779659   -0.357609827812   -0.622503693086
-0.621009786423   -0.135095036305   0.772072935937
-0.360197837335   0.924048150418   -0.128035046029
-0.896067406332   0.193232323844   0.399631444734
0.0980754232591   -0.791840003961   0.602787270218
0.432926360887   0.579338028103   0.690607765244
0.568261931415   0.14856245851   0.809325332369
-0.37787698472   -0.826602507163   0.417057481346
0.730949575628   -0.542823317709   -0.413588325483
-0.442346236532   -0.465479468048   0.766589238159
0.408304537594   -0.865565174967   -0.289973851551
0.798509611599   0.184733036648   0.572936488888
0.801450976404   0.136133123139   0.582360803189
0.173151899079   0.879227061977   -0.443822254134
-0.57244628757   0.456538657951   0.681085678503
-0.628130025285   0.522239347398   -0.576818906777
-0.0240138662606   -0.753966653369   -0.656474704301
-0.777738594525   -0.398499394214   0.486128919842
-0.593336439923   -0.374406865606   0.712580929758
-0.51483081914   0.85701914841   0.0216200387044
-0.618790198801   -0.354030644714   -0.701256886122
0.569253124795   0.493862075063   -0.657305920268
0.0501801085491   -0.818864019603   -0.571789672511
-0.820629501487   0.292509356601   -0.49092290348
0.926248757038   0.361154400665   0.10784681432
0.344844900924   -0.927507420278   0.144281365417
0.152136224434   -0.0964500750674   -0.983644872144
0.689300169366   0.724381816675   -0.0116731868156
0.30051205783   -0.271223035114   0.914401761282
0.659209968612   -0.633805223715   -0.40463955531
0.217467592312   -0.171802966714   -0.960828601574
0.79445524621   0.603041645373   0.0719836312049
0.567052663113   -0.778989423562   0.267631778709
-0.308321726471   0.279493333192   -0.909297118446
-0.271182237773   0.890379042933   0.365630084708
0.911810269096   0.359316909745   -0.198729581214
-0.166815932859   0.0797534522785   -0.982750352264
-0.0231878819691   -0.996753301751   -0.0769541701347
-0.98570847118   0.00995032768248   0.168137210816
0.553532011299   -0.831772505637   -0.0419144791986
0.300793737773   0.15273591464   0.941379249246
-0.776611519369   -0.533691167681   0.334736170365
0.181170068628   0.884179569241   -0.430585515763
0.375047452208   0.342626292566   0.861363236307
0.90912969682   -0.31754323423   -0.269535664641
-0.464112214193   -0.628000351703   0.62467218282
0.188619849169   -0.759119346288   -0.6230251043
0.865460761807   -0.171328008072   0.470769961176
0.180113369685   0.458803636986   -0.87009103736
0.809908105094   0.432813748651   0.395880198707
0.558218641672   -0.775997096072   -0.293633242469
0.257724855715   0.527782386686   -0.809335308301
0.362994706775   0.723384404284   0.587324308065
0.895439965499   -0.445152504536   -0.00514807138447
0.282107088638   0.246373073292   -0.927208709663
0.769776360226   -0.634945017693   0.0654934287902
-0.572590637153   -0.732219463504   -0.368774721042
0.94941808673   0.297288971595   -0.101116564646
0.235831471733   -0.88767074563   -0.395504745072
-0.207337428406   0.351652888233   -0.912880755582
0.750791051866   0.567117494344   0.33865990273
-0.0292208485314   -0.483683904505   0.87475478691
0.659893115678   -0.666653990327   -0.346573881926
0.610241807643   0.0319976302301   0.791568698862
0.336504118375   -0.915034836753   -0.222431604751
0.717195811251   0.402103210799   -0.569159769006
-0.737235638955   0.528633049663   -0.420750288411
-0.209308036629   0.413411654514   0.886160810105
0.642396958427   0.741375703923   -0.194134690023
-0.761099333723   -0.447635437997   -0.469415311031
0.400546465366   -0.893578818548   0.202681698106
-0.51018697422   -0.0337617581563   0.859400621471
0.0372138950796   -0.982427993861   -0.182894404104
0.925072511586   -0.0353556421088   0.378141279224
-0.377962927392   -0.183262695667   0.907501410417
-0.63220645352   0.560523972128   0.534909153578
-0.628591969397   0.0325641139529   -0.777053196701
-0.452975785138   -0.827497680458   0.331753668449
0.991256238717   -0.131394162997   0.0121096314245
-0.00584145657628   -0.13538133356   -0.990776350616
0.131821647038   0.982042500855   -0.134965124815
-0.47159834864   -0.881146238001   0.034316839078
-0.854405687006   0.446965923933   -0.264977147448
0.218145043948   -0.154283096659   -0.963644776236
0.109334501949   -0.982543629155   -0.150512353717
-0.0504759517764   0.145736738744   -0.988034901717
0.992722584666   0.115623550913   -0.0336607651601
0.351555930241   -0.294104138033   0.888769477284
-0.850687572376   0.295971020745   0.434432743837
-0.390818476999   -0.908792556475   -0.146140367662
0.38832474665   0.252992157412   -0.886114469434
0.441449020577   0.792993006843   0.41986289564
0.808904596899   -0.55421751794   0.196255668453
-0.434797340373   0.206256402331   0.876589722893
-0.89211361329   -0.231415294794   -0.388046697098
0.122819162867   -0.950739309508   0.284622917415
-0.770728689892   0.627755052468   0.109091337905
-0.62149267731   -0.778410878406   0.0884499628458
0.140442792461   0.000371455332568   0.990088725462
-0.591460388933   -0.752285519689   -0.290243334359
0.770522793681   -0.633388530466   0.0715100283816
-0.237632743305   -0.181343752603   0.954277279006
0.0368432109678   -0.733956218057   0.678196744774
0.856069266505   -0.326936368573   -0.40032235754
0.515546278809   0.595332553263   0.616271998557
0.990640448955   0.131040053972   0.038210011001
-0.0669281980313   0.22234516304   0.972668097252
0.11896267059   -0.966121687656   0.229034386998
-0.762035690402   0.115499015696   -0.637151135742
0.0281288528663   0.988939616802   0.145626927
0.646923766792   0.0930505862649   -0.756856138409
0.735294688434   -0.561144980031   -0.38007599898
-0.413335951406   -0.815711626591   0.404680242077
-0.537117161233   -0.140460024341   -0.831729694847
0.0905514133016   0.923145926242   -0.373633646433
0.880971527343   0.100707818567   0.462327983082
0.464424020584   -0.371025059521   -0.804146041455
-0.402416712994   0.849387172686   -0.34147078033
0.910916332232   0.408625585401   -0.0570666081544
0.0910620591468   -0.334015857362   -0.938158414375
-0.962826568883   0.258440772718   -0.0784798849883
0.178135390108   0.389212223864   -0.90375726065
-0.203023417717   -0.884148047775   -0.420777126449
0.596171784627   0.730657581532   -0.33274421477
-0.800744946754   0.511090243638   -0.312400873973
-0.0581957400709   0.452687833236   0.889767938509
-0.644342178054   0.179185476462   -0.743448593134
-0.363545451006   0.783514322595   0.503924620286
0.672798595911   0.594977212086   -0.439709271575
-0.792836212203   0.469725931271   -0.38854851547
0.443333680018   0.00669989061293   -0.896393934789
-0.418410859735   -0.882850150171   -0.213645678719
-0.973275505727   -0.139676434534   0.182278180198
0.196362497671   -0.0946467070833   0.975952764663
-0.119065573736   0.985663493785   0.119544506769
-0.574941590677   0.521058092126   0.630825031148
0.692517588147   0.720500131471   0.0360399436261
-0.435730588092   0.457578356197   -0.775087374535
0.929841362011   0.367894383871   -0.00698310911021
-0.358115491665   0.900438910101   -0.246906994252
-0.0845478333656   0.232085095378   0.969014020733
0.99795339595   -0.0611356307192   -0.0187471127066
0.00629998357985   0.385746599765   -0.922583270386
0.0636343443838   0.920577001258   0.385342282655
-0.849377159782   -0.412108081374   0.329731996898
-0.516705947909   0.521964320796   -0.678651344751
0.107569623534   -0.74680627582   -0.65628287359
-0.341135541244   -0.797694708049   0.497302656069
-0.441669638097   -0.330988002564   -0.833891544288
0.829791967764   -0.504113409465   -0.239405887931
0.441223864001   0.29585788809   -0.847224663305
0.334957968818   0.821565133069   0.461339242933
0.832541097594   -0.487338535311   0.263394185278
0.157485903262   -0.409484392573   0.89862156337
-0.958598053624   -0.282011178416   0.0394899242433
0.237250824029   -0.867635992089   -0.436943723462
0.0366741614476   -0.594878132123   -0.802978858014
0.997899596911   0.0647360102041   -0.00238225336107
0.0533988106645   -0.801204897993   0.596002761846
-0.995816562497   0.0282443141087   -0.0870179032411
0.086901513253   -0.00532995877214   -0.996207827793
-0.0286004153516   -0.999592000709   0.00284290419378
-0.573778543647   -0.13338582429   0.808075735303
0.332571698102   0.863697691329   0.378711450426
-0.74844788578   0.486039626924   -0.451210852512
-0.826011588878   0.555094841097   0.0978507965754
0.00254621302906   -0.169924608372   0.98545384277
0.563647565241   0.814245341907   0.138946185633
-0.930657850755   -0.0116519919284   0.365705886881
0.268735065994   0.656532995554   0.704802097583
-0.248310347993   0.754207374358   -0.607876391262
-0.579932890397   0.168834364118   -0.796977257676
0.534352889361   -0.659610939861   -0.528564418219
-0.614934778161   -0.732399011515   0.292312989366
0.300686293191   -0.101934291645   0.948260080789
0.727869175152   -0.617949325638   -0.29722913473
0.616274487947   0.779582000085   -0.11161408707
-0.245863507138   -0.815116880704   -0.524533624199
-0.22776478367   0.574575310101   -0.786121102471
0.942164664719   -0.0738082327429   -0.326922009283
0.94999186469   -0.124749109346   0.28627454907
-0.222495265503   0.372853158643   0.900819842011
-0.219114843306   -0.919466253132   0.326451381205
0.999776486776   -0.0101690973466   0.0185355319762
0.0105742810914   0.999704363548   -0.0218945216704
-0.0183074046737   0.0220856278818   0.999588447297
0.890627097762   -0.408075818123   -0.200642686194
-0.263088681998   -0.822292631144   0.504597836266
-0.370901208228   -0.396621680727   -0.839716223741
0.861217952213   -0.508151457066   0.00925953421973
0.50802208448   0.861241213164   0.0133093175515
-0.0147378415219   -0.00675817541414   0.999868552909
