-0.14640650726   -0.856096132838   0.495645588172
0.707596794523   0.259504925264   0.65723966112
-0.691282803284   0.446941391133   0.567777667706
0.77865293842   0.22171886542   -0.5869755947
0.254508349086   0.743468759463   0.618449437644
0.573519924938   -0.630947661374   0.522474831778
0.951878792768   -0.181003184617   0.247314801338
0.0811713695523   0.927043608708   0.366061956782
-0.295529985902   -0.328371732335   0.897125427503
-0.614329763356   0.732699309638   -0.292831070218
0.373366390517   -0.0570095766851   -0.925930362132
-0.695122904572   -0.678160171893   -0.238542338206
0.588524891407   -0.690388369094   0.420716461868
0.538102162351   0.722868349643   0.433482877092
-0.603394153385   -0.0287270200236   0.796925497576
0.225837767724   -0.948540988036   -0.221962560825
-0.81537628419   -0.0593747068965   -0.575878694859
0.533065567799   0.31103818098   -0.786826879957
0.947590423331   -0.199958994276   0.249176182302
-0.11580014158   -0.941852196254   -0.315442565353
0.297762819084   0.27005570802   -0.915645385916
-0.995333454319   0.0745948881766   0.0613038969204
-0.0917311056594   -0.532417862046   -0.841501791294
-0.0301325301661   -0.843193609531   0.536767341912
-0.987376643986   0.074626728201   -0.139736304532
0.0658178248049   0.995603938128   0.0666395532889
0.144095098127   0.0566009501917   -0.987947851809
-0.88747106885   -0.222831234528   -0.403412928014
-0.459836662008   0.369723745638   0.807375261226
-0.0307570129178   0.902025947014   -0.430585285307
0.889625821587   0.0367168764793   -0.455211786007
-0.45309266269   0.195825054384   -0.869689368993
0.0572095984471   0.97995123884   0.190847171473
0.199036336089   0.681743454235   0.703996008073
-0.370488692028   0.717400589782   -0.589978402786
-0.90726106819   -0.143395429783   0.395367031578
-0.450838785883   0.797504674892   0.400903640929
0.858924519519   0.265406135878   0.437955171402
0.242870553079   0.541795492704   -0.804650787284
-0.83998013722   0.525140456981   0.136605987748
-0.49555344122   -0.844972295704   0.201119202577
0.221044073304   0.101240541243   0.96999478132
-0.00147871427757   0.588075732058   -0.808804499839
0.507727717226   0.697241337755   0.506030704285
0.861516309048   -0.409904186224   -0.29961336965
0.736614189594   -0.675746642291   0.0276768553869
0.663964785397   0.71477460828   -0.219654319514
0.128647956239   0.180176945697   0.975185095934
-0.211381684521   -0.920813624903   0.327749303838
-0.964015786692   0.251725906926   0.0854830721214
-0.161216937641   -0.297885986249   -0.940889113801
0.108936333959   0.920548215134   0.37513115713
0.869212880356   -0.271306014125   0.413353770359
0.482287642449   0.281039773806   -0.829707359719
0.924234756853   -0.00484447132529   -0.381793990422
-0.0509889609899   -0.992529644482   -0.110838545811
-0.37840487032   0.121908114898   -0.917577414967
0.815129985964   0.131271272704   0.564208261697
-0.56747849305   -0.0146290514005   0.823258264858
0.116323985187   -0.991238550347   0.0625690429851
0.209162365822   -0.669776960955   -0.712495564987
0.976700201883   0.107293851398   0.185862175517
-0.048039808442   -0.734769933529   0.676613126345
-0.498568935412   0.364876598181   -0.786316757589
-0.842641860185   0.00887653761021   0.538401221313
0.203429768295   0.931013559379   0.303034754332
-0.286426111535   0.869201450589   0.403049329001
-0.171628550646   -0.460417806579   0.870952870783
0.942604670006   0.180288937029   0.281055592775
0.156414332218   0.748068720329   -0.644925538318
0.634302884567   -0.57659741776   -0.514973317717
-0.757096830623   -0.328528319929   -0.564690857526
-0.205500033785   0.431456001172   -0.878416399144
-0.913198290696   -0.407288809828   0.0135870588847
-0.351906994961   0.804960524095   0.477702820559
0.946158256999   0.186561480454   0.264536135061
-0.0087487862345   0.831654476501   -0.555224540656
-0.323586173193   0.523015913541   0.788508936421
-0.0810435675614   -0.84392205835   -0.530308886745
-0.0249053055853   0.533607573878   -0.845365417828
0.996399358532   -0.0553039179041   -0.0642636017432
0.923638697029   -0.102563525703   0.369286178528
-0.104393172231   0.859773603565   0.499891406442
-0.368773133577   -0.500270002936   0.783413239133
-0.958262257674   -0.268717371388   -0.0975931870781
0.260608173446   -0.961401248189   0.0882668129248
-0.117545037254   0.0591491728169   0.991304463633
0.212151193968   -0.147452112853   0.966048727367
0.240796896994   -0.950183644376   -0.197911299238
0.947105656002   0.274608634939   -0.166076980801
-0.334710511116   -0.239624422302   0.911344566466
0.843213367949   -0.507902463279   0.176142558518
0.420666136863   0.827414721313   0.372054884881
0.637003247945   0.493459988411   -0.59221957778
0.187003169235   -0.844229758974   -0.50230026342
-0.7478346095   0.209219931587   -0.630055621658
-0.327084367499   0.0951815293322   0.940189503135
0.812457007278   0.536446446122   0.228339275727
-0.482627637683   0.838549754033   -0.252794148778
0.759040194665   -0.281407609875   -0.587084093929
0.496696427171   -0.332670819246   0.801637541858
-0.420892665029   -0.900077689083   -0.112736362643
-0.991359134919   -0.0782939457436   0.10524768693
-0.0797801875611   -0.277017515922   -0.957547067626
0.104125593476   -0.957669735925   0.268377569883
0.741696987758   0.609591849097   0.279791630033
0.2512922659   -0.639306752927   0.7267317766
0.621882445339   -0.468705297107   -0.627357610128
-0.500336514654   0.398052320196   0.768906805293
-0.856156125353   -0.095064695566   -0.50789699564
-0.129073676093   -0.912423706151   0.38835930184
0.383025474488   0.870808660594   -0.308194328591
-0.45391586462   -0.113148231479   -0.883831337105
-0.804519642636   0.478424206366   0.351935227135
0.724118831645   0.667260675284   0.174399303783
0.582897155139   -0.72727449986   0.362357227394
0.368622886527   -0.160732837132   -0.915577511798
0.614755068095   -0.782750586115   0.0968389143723
-0.741147914969   -0.53131123822   0.410375841932
-0.269770316265   -0.324052593632   -0.906760241896
0.469771827352   -0.84231578147   0.264232061327
-0.811881947871   -0.294700243937   0.503983667027
-0.346644141257   -0.451282570232   -0.822302849566
0.646981495165   -0.697498387751   -0.308076204362
0.0223992549808   -0.386471675672   0.922029246712
-0.762176634374   -0.603436539746   -0.234416580973
-0.16546703793   -0.570114143319   -0.804730115473
0.351794950538   0.728177640778   -0.588215644639
0.921336533487   -0.380430276673   0.0800738715972
0.892043550218   0.445412788633   0.0765882112398
0.31591093922   -0.493330189515   -0.810447794979
-0.323200533508   0.747149782593   -0.580782786259
-0.233740619568   0.796705612329   0.557337816572
0.630215295938   0.560644519669   -0.537127904826
-0.740401212359   0.225694201655   -0.633141459852
0.114718632461   -0.0642861360545   0.991315752229
0.880087337471   -0.456257756276   -0.131434873567
0.460744947156   0.887522473111   0.00423615413741
0.052263072593   -0.691310594213   -0.720665097657
0.969199766982   0.209028061785   -0.130226874512
0.240666433749   -0.691662410062   0.680942553482
0.152364044074   -0.505501086106   -0.849266656901
0.984524672638   0.00235202073343   0.175230254999
-0.086581588949   -0.862822765836   0.498036651138
-0.38893094182   0.339765799113   0.856324603746
0.530224126645   0.842682647329   -0.0935324563879
-0.753389010241   0.417666310142   -0.507897378437
-0.112717885697   -0.993610747347   0.00550789971107
-0.963284440527   0.110635411522   0.244624762843
-0.243671378789   0.0222681547052   -0.969600332986
0.468022567053   0.164654660476   -0.868241730947
-0.231782433139   0.970964984117   0.0591937701511
0.852778848391   0.173539164226   0.492597583032
-0.816626189149   -0.367490252736   -0.445053486653
-0.377585074189   -0.243038557929   0.893510933325
-0.436521710328   0.897709970072   0.0597128026597
-0.70091290439   -0.135469085178   -0.700263816343
-0.332157334885   -0.806838870052   0.488551675094
-0.631183642373   0.575029878629   0.520526560754
0.0545749294864   -0.322847767404   -0.944876132067
0.670831845471   -0.689061816317   0.274186914551
-0.739598689135   -0.648816729201   0.178971055141
-0.89942656009   0.419865457924   0.121428149369
-0.437053651898   -0.861447595154   -0.258635037599
-0.00398792923574   -0.285693847595   0.958312642328
0.486533100758   -0.868391541829   0.0958208648918
-0.543575374475   -0.215021616252   0.8113516111
-0.683967338646   -0.446835265674   -0.576651386229
-0.594772235359   -0.187697803987   -0.781675382509
-0.434263667477   -0.743259700303   0.508901806105
-0.676507159128   0.642133565176   0.360559151108
-0.340769881173   -0.892339950621   -0.295981827788
0.938099616945   -0.343501714378   -0.0444479758802
-0.0620075684414   -0.292806978053   0.954158861547
0.647444176323   0.354245570416   -0.674778557048
-0.545901331192   -0.402262033754   -0.734967305239
-0.531796729789   0.844212816183   -0.0670590696458
0.763468622113   -0.578442091474   0.287264364977
-0.511398608217   -0.81309746991   -0.278113423701
0.394445854444   0.0654244582694   -0.916588999556
-0.696175744881   -0.357839843473   -0.62232491093
-0.620954623661   -0.134818101456   0.772164689862
-0.360212442449   0.92399870094   -0.128344367968
-0.896090623014   0.193265408455   0.399620389633
0.0980533288701   -0.791845388869   0.60281950294
0.432935928993   0.579356790175   0.690591410012
0.568330002561   0.148586952627   0.809273051691
-0.377774185002   -0.826640232863   0.41707596928
0.730949806642   -0.542759262024   -0.413672078385
-0.442335455891   -0.465443286638   0.766617283865
0.408448275586   -0.865544489145   -0.289832643897
0.798441932245   0.184920259088   0.572970355699
0.801305202792   0.136157172756   0.582555747585
0.17323541923   0.879230706702   -0.443782441736
-0.572625064297   0.45652446854   0.680944894829
-0.628223247325   0.52212497056   -0.576821348605
-0.0239616332152   -0.754016177381   -0.656420128527
-0.777665219244   -0.39855621952   0.486199871616
-0.593384795626   -0.37425773526   0.712618761878
-0.514855823763   0.857010157621   0.0213789292031
-0.618722743173   -0.35421000194   -0.701225570359
0.569310244492   0.49404318125   -0.657120278256
0.0503786602714   -0.818759340246   -0.571921869286
-0.820577671902   0.292496100894   -0.491017207681
0.926182953436   0.361011351076   0.108884959317
0.34464826676   -0.927625984537   0.143970231818
0.152979417539   -0.0958157597914   -0.983573309649
0.689331334453   0.72434991823   -0.0118119480464
0.300503017767   -0.27106334235   0.914452109932
0.659181509502   -0.633910025955   -0.404521796076
0.217637974122   -0.171965098779   -0.960761013177
0.794443258245   0.6030527205   0.0720231177491
0.567004082056   -0.778945071788   0.267863683636
-0.3081885923   0.279425352248   -0.90936309041
-0.271526337234   0.890291812498   0.365587108559
0.911752820597   0.3595858149   -0.198506435162
-0.17040881301   0.074054182284   -0.982588284753
-0.0176864482831   -0.997243711972   -0.0720913038419
-0.985216193937   0.00509358702067   0.171245952301
0.553524800555   -0.83176164923   -0.0422235839739
0.301041463039   0.15255285644   0.941329708377
-0.77652064345   -0.533760378083   0.334836549412
0.181257194129   0.884265425917   -0.430372517002
0.374769184109   0.342490781075   0.861538239083
0.909227092373   -0.317450366654   -0.269316516398
-0.464127486745   -0.627843272876   0.624818657537
0.188395577479   -0.759228496742   -0.622959886958
0.865501378675   -0.171419774463   0.470661844289
0.180259297625   0.458968590428   -0.869973782175
0.809823374678   0.432764114784   0.39610768386
0.558294412023   -0.775927205599   -0.293673735301
0.257659896238   0.527871983372   -0.809297558692
0.362907694899   0.723386063575   0.587376033583
0.895493927571   -0.445043558559   -0.00518122652718
0.282104923803   0.246365437817   -0.927211213069
0.769789079737   -0.634927804777   0.0655048663465
-0.572574305491   -0.732236427561   -0.368765512727
0.94942788172   0.297282849841   -0.101042628155
0.235898753099   -0.887744105122   -0.395300499041
-0.207216031716   0.351473488967   -0.91297766086
0.750714127844   0.567250974578   0.338606897619
-0.0290624293415   -0.483699899405   0.874751272407
0.659987632062   -0.666528878007   -0.346634657541
0.610263965173   0.0318060747091   0.791559273458
0.336574059606   -0.914937992136   -0.222722862925
0.717144066549   0.402338097725   -0.569058613927
-0.737259876662   0.528693409971   -0.420631630926
-0.209288177678   0.413248097342   0.88624173154
0.642375395985   0.741423783199   -0.194021901249
-0.761111664139   -0.447494088282   -0.469530427383
0.400501669775   -0.89364333172   0.202486569771
-0.510204070734   -0.03393286582   0.859383748063
0.0372391811108   -0.982405248936   -0.183011473581
0.925008174125   -0.0354085509729   0.378293726796
-0.378117905423   -0.183374460583   0.90741427122
-0.63215604982   0.560587289435   0.53490220653
-0.628663239377   0.0324754109204   -0.776999183724
-0.452947029004   -0.827458211015   0.331891241214
0.991275095109   -0.131265819702   0.0119570233842
-0.00595063220285   -0.135189458475   -0.990801898515
0.131674886773   0.982086094344   -0.134791057929
-0.471544387318   -0.881170804087   0.034419829947
-0.854482049528   0.446917850439   -0.264811574797
0.217961321575   -0.15428142188   -0.963686255604
0.109355868305   -0.982554501704   -0.150425986938
-0.0502340857303   0.145677303724   -0.988056016019
0.99273252339   0.115606251308   -0.0334270719336
0.351693351946   -0.294276546205   0.888658027885
-0.850643049444   0.295834008169   0.434613197169
-0.390791733029   -0.908781350532   -0.146281443097
0.388633366067   0.252829736708   -0.886025519973
0.441480553387   0.792948141045   0.419914471714
0.808739153737   -0.554355812462   0.196546693207
-0.434904638818   0.206024420782   0.876591083688
-0.89204378672   -0.23148556277   -0.388165359984
0.122946624739   -0.950772529136   0.284456925866
-0.770729826849   0.627770300701   0.108994272846
-0.621474091218   -0.778398248713   0.0886898375853
0.140517813462   0.00061879235232   0.990077956474
-0.591580507415   -0.752227198278   -0.290149380002
0.770392287577   -0.633524909595   0.0717065358509
-0.237756480011   -0.181108658577   0.954291102141
0.0368889107544   -0.733816407471   0.678345568712
0.855994917602   -0.327073644967   -0.400369282538
0.515666492517   0.595429543679   0.616077702777
0.990654604484   0.13089186079   0.038350690743
-0.0670442941123   0.222446527995   0.972636937441
0.118779279878   -0.966118455587   0.229143229547
-0.76197655394   0.115635937753   -0.637196971407
0.0280226866926   0.988894941744   0.145950411834
0.646997974882   0.0933548262498   -0.756755189199
0.735184450031   -0.56126489509   -0.380112756808
-0.413179628738   -0.81557553363   0.405117613612
-0.537388671954   -0.140781405033   -0.831501749096
0.0905555789573   0.923080629277   -0.373793759502
0.880905038285   0.100837605874   0.462426239699
0.464549175345   -0.371152078658   -0.804014969131
-0.402216366946   0.849406911615   -0.341659001507
0.910985304598   0.408499695003   -0.0568699187529
0.0912619834172   -0.334120204945   -0.938102496775
-0.964813122239   0.250350844465   -0.0806161995386
0.178010475241   0.395914261664   -0.900875197334
-0.193615050182   -0.883509086056   -0.426559649479
0.596170854305   0.730642809068   -0.332778301745
-0.800737784709   0.511013973767   -0.312543947067
-0.0583036250466   0.452797752056   0.889704941574
-0.644343023625   0.179342447075   -0.743409939285
-0.363564820734   0.783390226336   0.504103533214
0.672787241463   0.595093301719   -0.439569420348
-0.79648394886   0.470747570054   -0.379496566886
0.433804909245   0.00764563317178   -0.900976716141
-0.421229414577   -0.882237194638   -0.210305569889
-0.973261869558   -0.139584529233   0.182417789719
0.196495738793   -0.0946830092366   0.97592205792
-0.118951735773   0.985672662549   0.119579816464
-0.575004336959   0.521024345187   0.630795944413
0.692437588004   0.720578488285   0.0360112138703
-0.435775261442   0.457493445338   -0.775112593716
0.929796314736   0.368006436249   -0.00707659512112
-0.358263702968   0.900436623379   -0.246700242311
-0.0844152501347   0.231916263551   0.969066000447
0.997957149501   -0.0610204374824   -0.0189217856947
0.00609991388058   0.385833271056   -0.922548361565
0.0635949590382   0.920548311924   0.385417290777
-0.849326408266   -0.412158963334   0.329810784236
-0.516810503852   0.522004679515   -0.67854214491
0.107503802553   -0.746751316205   -0.656361441014
-0.341105424793   -0.797683554077   0.497340646527
-0.441356020355   -0.331226970108   -0.833962374372
0.829970863602   -0.50397353713   -0.239078952639
0.441240270221   0.295642975149   -0.847291128771
0.335255894241   0.821502461259   0.461234422035
0.832412464483   -0.487574546032   0.263363917983
0.157579293111   -0.409431791586   0.898629164146
-0.958539819998   -0.28220676449   0.0395064033941
0.237424051212   -0.867597228251   -0.436926618363
0.0366901654558   -0.594786331284   -0.803046115408
0.997896209133   0.064787651347   -0.00239317515331
0.0534509041214   -0.801268863496   0.595912085886
-0.996369748722   0.0218240529825   -0.0823816474543
0.0822602831354   -0.00640707299884   -0.996594255727
-0.0222771395014   -0.999745255273   0.00458066708038
-0.57395237981   -0.133365544435   0.807955613292
0.332475137953   0.863716987376   0.378752222785
-0.748357484185   0.486010900268   -0.451391690611
-0.825923645504   0.555226161731   0.0978475003604
0.00248914829397   -0.169962688134   0.985447384623
0.563776576436   0.814147807864   0.138994108829
-0.930689406702   -0.0116500738102   0.36562482945
0.26868687337   0.656496521649   0.704854370245
-0.248243034563   0.754239083418   -0.607864138379
-0.579982937912   0.168870344959   -0.796934114902
0.5344414564   -0.659443683604   -0.528684984343
-0.614811765163   -0.732542346613   0.292213662158
0.300667106279   -0.101900138536   0.948269796066
0.728003844044   -0.617797128259   -0.297215415178
0.616124701194   0.779706971707   -0.111567541887
-0.245821170246   -0.815209677996   -0.524409236154
-0.227891585412   0.574451111372   -0.786175118214
0.942145047942   -0.0737500650944   -0.326991658495
0.950026518428   -0.12488572227   0.28609993179
-0.222290284207   0.372825498375   0.900881890843
-0.219172635482   -0.919458921363   0.326433227495
0.999770538643   -0.0103366943063   0.0187622708413
0.0107536772279   0.999694347072   -0.0222614207356
-0.0185264265951   0.0224580760063   0.999576113326
0.890561326501   -0.40807750488   -0.200930967784
-0.262825843341   -0.822184067775   0.504911480174
-0.371245309567   -0.396844776645   -0.839458639999
0.861138084575   -0.508284588071   0.00937955644108
0.508151929167   0.861162012226   0.0134760839527
-0.0149270034941   -0.00683852940452   0.999865200455
