-0.138048007048   -0.862661068957   0.486578555319
0.711757893045   0.25522081543   0.654418121733
-0.688726006535   0.436667214789   0.578773059701
0.769515246344   0.217750314287   -0.600359139478
0.259307626299   0.752558327421   0.60532266569
0.583614470923   -0.621482723237   0.522640789577
0.949766867789   -0.19806619114   0.242306997892
0.103992304441   0.92998828432   0.352572534768
-0.295175368074   -0.309663649114   0.903869419419
-0.609860584638   0.730931539077   -0.306285099051
0.405931252975   -0.0438238460632   -0.912852782342
-0.680655048153   -0.681042927834   -0.269982124823
0.599560534496   -0.682670040031   0.417718557184
0.534636335473   0.730029914886   0.425699799912
-0.59555953973   -0.0319052863548   0.802677327951
0.228879841803   -0.949282584366   -0.215584423626
-0.819662747559   -0.0684651557546   -0.568740338754
0.525135267293   0.306879728365   -0.793761866835
0.947279396856   -0.195433099314   0.253904847305
-0.112852339192   -0.945167363773   -0.306470016565
0.299876836936   0.261658986483   -0.917392670637
-0.993686731181   0.0820579299881   0.0766030276495
-0.108546473627   -0.528378583364   -0.842048168392
-0.0286215090823   -0.845040798397   0.53393850688
-0.986045895945   0.0757929996353   -0.14824941214
0.0648496092063   0.994895526738   0.0773139193898
0.153352519312   0.0666208312159   -0.985927809243
-0.890159927371   -0.221296456974   -0.398302780471
-0.454760712903   0.376883283306   0.806940096128
-0.0284591075101   0.899437325704   -0.436123878593
0.895113143566   0.034853539931   -0.444474626648
-0.443132199777   0.179240778826   -0.878354494696
0.0490542200036   0.983187670583   0.175885501472
0.193056966884   0.685249426555   0.702255123949
-0.376475623655   0.712671549575   -0.591916697898
-0.906087821627   -0.150108280458   0.395565904418
-0.442792410594   0.803623258742   0.397657541955
0.864866852435   0.265803188682   0.425860945802
0.236531583989   0.532486502748   -0.812723634316
-0.83934921844   0.520967658529   0.155197047414
-0.483999077311   -0.846197417008   0.222924565402
0.247463770927   0.111996283261   0.962402475867
-0.0178270660403   0.599471185046   -0.800197827161
0.516604993182   0.690740288059   0.50596161545
0.856038284957   -0.404366385334   -0.322003680366
0.732632258437   -0.680485966741   0.0137415830397
0.666889306963   0.713665398872   -0.214337022994
0.13604644168   0.166194332745   0.976663099631
-0.217503135927   -0.91864883277   0.329813979099
-0.96226703498   0.258421841042   0.085209402251
-0.163508691361   -0.298835759056   -0.940193053605
0.116386125672   0.9221384576   0.368945032896
0.86944193155   -0.274174357072   0.410983070527
0.480135918202   0.272941425238   -0.833656942143
0.916610110445   -0.0117331218239   -0.39961124661
-0.0575592588898   -0.993038900584   -0.102870803364
-0.395618182445   0.117293667011   -0.910905748421
0.816330907101   0.127753857987   0.563278624458
-0.566291983706   -0.0148698720039   0.824070575962
0.113654063685   -0.99169444727   0.0602072447114
0.209771769615   -0.659932717657   -0.72144621294
0.9762747437   0.100848509712   0.191617409754
-0.0536978101354   -0.744525630903   0.665430793424
-0.505577190364   0.342774859615   -0.791768359992
-0.846069195323   -0.0172217283816   0.532794850676
0.168993067887   0.939259725421   0.298718141113
-0.299909304032   0.863593692675   0.40529052942
-0.176877682314   -0.467819755555   0.865944017101
0.937426671673   0.18801778965   0.293053892706
0.16097365006   0.747435910194   -0.644539561271
0.642762524574   -0.57497437572   -0.506229880445
-0.748964633941   -0.332794103019   -0.572981622487
-0.223012952379   0.425770315942   -0.876917846303
-0.909626122895   -0.414331650217   0.0301604993221
-0.350493348937   0.804393546241   0.479693084743
0.949357784525   0.185483874461   0.253605068427
-0.0134646839585   0.83042888043   -0.556961921236
-0.313908427257   0.525341423967   0.79087160372
-0.0847430954863   -0.845862226265   -0.526626755765
-0.027878900694   0.530333860814   -0.847330383852
0.99601275725   -0.0571236087824   -0.0685238505111
0.923510734746   -0.104965812612   0.368931025872
-0.105607687581   0.85507361678   0.507637791974
-0.368747799983   -0.50777090277   0.778584467349
-0.961695384411   -0.265838366309   -0.066891309542
0.261031377753   -0.962592141613   0.0726738368793
-0.083708447141   0.0524292831941   0.995110080526
0.205796181572   -0.160408876549   0.965358649879
0.243896909345   -0.946937760442   -0.209342192094
0.947714423328   0.278529797514   -0.155753344226
-0.338854146852   -0.242895468304   0.908944284644
0.837245539596   -0.518555262705   0.173552318156
0.429182743755   0.819818450749   0.379077703506
0.640413593144   0.491379860213   -0.590268051456
0.191495332291   -0.846435375316   -0.496867444419
-0.743774211238   0.205167133308   -0.636165756746
-0.327804490705   0.0859893054321   0.940824220171
0.81263327008   0.533569744914   0.234372675851
-0.481841822872   0.841373414233   -0.244784361651
0.764405503265   -0.261586024812   -0.589285150871
0.50391195769   -0.32775746986   0.79915445373
-0.402190224037   -0.907825893904   -0.118723298055
-0.990504363823   -0.0957946074767   0.100639122141
-0.0694074002667   -0.286531857889   -0.955689831886
0.120363833917   -0.953406437549   0.276903192875
0.744039216776   0.612561375293   0.266785043229
0.247884691152   -0.623883912865   0.741162860017
0.620450544108   -0.485322332759   -0.616038712985
-0.492883161568   0.397287089708   0.774099002368
-0.86096991193   -0.0941766483298   -0.499861629723
-0.125686546081   -0.912849279164   0.388470243305
0.387063111116   0.874037978427   -0.293666125366
-0.461156490071   -0.0922906360775   -0.882506197598
-0.798446537086   0.477011644933   0.367345956802
0.717139576279   0.674695610458   0.174633406616
0.592255591805   -0.722064914997   0.357570383453
0.367347665644   -0.153000321484   -0.917413600823
0.623055430915   -0.775065975717   0.105237150599
-0.738226728967   -0.538233888529   0.406603457794
-0.258502265404   -0.331025389566   -0.907523969313
0.473547141932   -0.839948745081   0.2650270346
-0.809607835123   -0.296624843463   0.506506810218
-0.346826147716   -0.454422821969   -0.820494932259
0.648958046134   -0.695066407527   -0.309412612275
0.0278242954808   -0.384726855016   0.922611044284
-0.760315253094   -0.607345058087   -0.23033187025
-0.161829084441   -0.564963452096   -0.809090670861
0.352632739072   0.732655312359   -0.582122289864
0.921662393294   -0.379516148297   0.0806596561596
0.888831932263   0.451456601531   0.0785158473568
0.320434833677   -0.489868376439   -0.810771583315
-0.32756574717   0.745798887018   -0.580073077095
-0.226747085015   0.792734810152   0.565824501368
0.626096078195   0.563653672331   -0.538793345519
-0.746049292234   0.232090691499   -0.624134984212
0.10774304731   -0.0750781068308   0.991339897329
0.881685861041   -0.453525347563   -0.130172690235
0.459370826894   0.888075539984   0.0173310423978
0.0663284123531   -0.679424272181   -0.730741567432
0.968397571443   0.220302571724   -0.11693140078
0.240430288495   -0.699892468338   0.672565106563
0.147846384143   -0.514292126357   -0.84477516815
0.982629532159   -0.0204853878094   0.184443992736
-0.11216362372   -0.857370394109   0.502329917394
-0.404662071783   0.34739178665   0.84591235031
0.521921488121   0.847311321217   -0.0982929371768
-0.750897275316   0.401724392874   -0.524185994712
-0.114463735742   -0.993169419327   0.0226809331072
-0.965123526612   0.116582894858   0.234406670037
-0.235449566986   0.00494096050364   -0.971875707955
0.464324141288   0.185951583611   -0.865924425738
-0.229518003238   0.969573628951   0.085137916589
0.85540901838   0.159213652694   0.492875678258
-0.809766981262   -0.36926741318   -0.455981431699
-0.380351135294   -0.261386921659   0.887135799983
-0.446777911687   0.891806308171   0.0712111876284
-0.697289434099   -0.143153362295   -0.702360521344
-0.331545777937   -0.804337837296   0.493086985694
-0.635515998391   0.576684049713   0.513380400761
0.0601827550129   -0.324117700369   -0.944100549985
0.673079868048   -0.685265383087   0.278163654042
-0.73711710291   -0.652195709514   0.176915848125
-0.900192475675   0.421536113798   0.109367915871
-0.435348008097   -0.864576202574   -0.250959401863
-0.0112315672692   -0.273524796503   0.961799380453
0.489401483306   -0.866330705613   0.099786236703
-0.540910504789   -0.21181186946   0.813972695604
-0.684033632458   -0.452334866986   -0.572268421852
-0.586877948158   -0.191712106998   -0.786654260237
-0.432661245997   -0.746968679803   0.504823377798
-0.684384908755   0.63662301607   0.355429502468
-0.344572519169   -0.887725780613   -0.305307706564
0.935922433727   -0.350122202154   -0.0382585957244
-0.0729318538004   -0.298927182664   0.951484885318
0.646897104988   0.355904778221   -0.674430085479
-0.54859165313   -0.397119311147   -0.735760499994
-0.529689861594   0.845948050459   -0.061648957482
0.761496997111   -0.58398126269   0.281228212231
-0.521255003458   -0.809635509212   -0.269799746596
0.385248807782   0.0588605701695   -0.920938457221
-0.691176366657   -0.34571872969   -0.634630365966
-0.625620472625   -0.153359051718   0.764906091597
-0.361768110393   0.925721807387   -0.110291542885
-0.897115142458   0.19296478137   0.397513517224
0.0958557243609   -0.793235809893   0.601375830579
0.431351461493   0.577586186337   0.693066456273
0.563685290996   0.150736927503   0.812119052692
-0.381166458613   -0.824789779656   0.417653328672
0.732783124728   -0.544977569088   -0.407466088626
-0.445045747502   -0.467061406783   0.764060371351
0.401019209214   -0.86682818341   -0.29629869326
0.800698571634   0.174536426226   0.573078467279
0.810692188936   0.129742434827   0.570916000614
0.170545345751   0.880516752668   -0.442272015916
-0.560082551232   0.455913535251   0.691701085203
-0.621571259722   0.531833403787   -0.575154924029
-0.0290966378092   -0.749385169499   -0.661495353242
-0.782817566031   -0.394431169291   0.48127015567
-0.589403119212   -0.383792548274   0.710849900059
-0.513481377458   0.857298086599   0.0371065495088
-0.62365148563   -0.343137437336   -0.702364495839
0.566417625401   0.485255786011   -0.666106597887
0.0384255617655   -0.822937431111   -0.566831454502
-0.823222116934   0.295467838778   -0.484772584292
0.927952369129   0.354892594854   0.113825155418
0.337604237835   -0.929797813138   0.14667417524
0.157886980097   -0.0976789701212   -0.982621396787
0.682656611033   0.730717869533   -0.00560006560333
0.3038723786   -0.27689971866   0.911585531023
0.664561165818   -0.624001600954   -0.411072404728
0.202525353995   -0.161541121098   -0.96586126242
0.79681789687   0.600533399891   0.0666400060063
0.569266854188   -0.783111816644   0.25034208706
-0.316104088739   0.281090291078   -0.906127206938
-0.251325247948   0.89616776737   0.365676027854
0.9148299769   0.343324315866   -0.212637213229
-0.16570321748   0.0734237251203   -0.983441686045
-0.0498645114381   -0.996578005717   -0.0660025890181
-0.984917318235   0.0381020714333   0.168791271535
0.554233208205   -0.831974620555   -0.0253732148195
0.28637391832   0.161972842985   0.944327703475
-0.781546894425   -0.53064400816   0.328026547844
0.170144680014   0.878246345921   -0.446916290479
0.393495359821   0.355248675921   0.847914972741
0.903444639487   -0.320127716821   -0.285142192687
-0.466675414996   -0.633770990286   0.616886245792
0.202096593466   -0.755458358077   -0.623249498151
0.861029195373   -0.166184541725   0.480636569362
0.167066867843   0.447628722881   -0.878474369571
0.813844518159   0.440341239137   0.379152625534
0.556548103764   -0.778285384444   -0.290733752509
0.259507555877   0.522191918361   -0.812386274631
0.371894008386   0.722296307491   0.583080527972
0.891263544266   -0.453435393382   -0.00675869652423
0.280951038457   0.250284934402   -0.926511756255
0.768814736963   -0.63653840881   0.0611793355712
-0.574447981192   -0.72950425803   -0.371258920125
0.948631685157   0.299715209995   -0.10133481314
0.234774802123   -0.881559979721   -0.409553085623
-0.212081926964   0.364724184217   -0.906641314784
0.754237949422   0.561324997768   0.340645529652
-0.0362574765832   -0.482404234306   0.875198055648
0.65559936347   -0.672458540059   -0.343495363736
0.605994063165   0.0468526309119   0.79408825904
0.33447009453   -0.920739782127   -0.200919576352
0.721734776793   0.387354813154   -0.573633774198
-0.736692001475   0.522640643887   -0.429106024562
-0.210083277651   0.42627248395   0.879861860882
0.642767640294   0.738335042606   -0.204233574332
-0.760378935125   -0.453898635099   -0.464543950623
0.399720523169   -0.890797937671   0.216110626437
-0.511906784838   -0.0213618481385   0.858775412773
0.0349296226912   -0.983102853465   -0.179690693302
0.928676431012   -0.0345013417124   0.369282806778
-0.369242538495   -0.179773425197   0.911779286564
-0.632484225231   0.558601849905   0.536589063967
-0.625340348848   0.0405389645421   -0.779298483216
-0.457070342934   -0.828444718206   0.323675934767
0.989537555375   -0.142112000874   0.0248918894652
0.00347771422867   -0.148985332802   -0.988833315448
0.144233603773   0.978574268742   -0.146932357351
-0.472125089309   -0.881038683918   0.0295784223387
-0.851141113308   0.446851466829   -0.275472105706
0.229483879314   -0.155231804812   -0.960858169437
0.108762156246   -0.982045974182   -0.154131550366
-0.0627948824036   0.147954281322   -0.986998666979
0.992082472866   0.117026793801   -0.0455756492278
0.344739223953   -0.280007294368   0.895963616022
-0.853902361344   0.30288730872   0.423213959322
-0.389879011265   -0.910963892355   -0.134681757201
0.365671965504   0.263727539187   -0.892598346719
0.440622025137   0.79569108636   0.415605497103
0.819839163772   -0.545273769159   0.174757760979
-0.425459881935   0.225647034643   0.876394542257
-0.897625503543   -0.228411424377   -0.376957230157
0.115119213561   -0.947054229564   0.299726369702
-0.769960236767   0.627891126814   0.113641550697
-0.623542424498   -0.778190151444   0.0749357754981
0.135486213423   -0.013162768198   0.990691793544
-0.583309177739   -0.755992647786   -0.297028443616
0.778559687953   -0.624616936662   0.0608184282372
-0.231507218283   -0.195778408956   0.952929815709
0.0314930346856   -0.743199956819   0.668327827589
0.861744808749   -0.318563202113   -0.394858796432
0.506363649503   0.588363330529   0.630416111227
0.989518203544   0.141635240984   0.0281635085516
-0.0582669619503   0.213145188872   0.975281537883
0.132131320464   -0.966699837334   0.219163699704
-0.767551785303   0.103623218757   -0.632555849168
0.0312829799175   0.991726068301   0.124502138824
0.640223436739   0.075773583383   -0.764442758669
0.74481934825   -0.550303974679   -0.377372386336
-0.420416542819   -0.826198930818   0.375029337165
-0.518164368749   -0.120675634089   -0.846725955916
0.0885583829784   0.927948686511   -0.36203410593
0.886218819053   0.0925237088893   0.453933490393
0.454723722067   -0.361041056039   -0.814171839174
-0.416169715552   0.847568867283   -0.329289223447
0.905841407852   0.417950519746   -0.0690606140852
0.0790931178182   -0.327024524784   -0.941701357027
-0.961434499652   0.262778583665   -0.0812103388763
0.178885224958   0.373146845991   -0.910364095332
-0.20892050992   -0.889780942561   -0.405764663088
0.598419452738   0.72859246283   -0.333237441714
-0.799586109825   0.516867880619   -0.305793492465
-0.0505590983581   0.449444802136   0.891876196752
-0.643708413647   0.167919083328   -0.746620971149
-0.361147449523   0.793498207766   0.489829706097
0.674694162423   0.584947692299   -0.450137950036
-0.79385088834   0.473875364002   -0.381200938159
0.43457364076   0.00345952232802   -0.90065163265
-0.425461827451   -0.880607603891   -0.208711497924
-0.97391481829   -0.149360762855   0.170831681689
0.185489831546   -0.0903530369276   0.978484058182
-0.130711986224   0.984646582406   0.115699863684
-0.572733645089   0.519583001642   0.634042318941
0.694467022924   0.718492282424   0.0385278038099
-0.435536120057   0.462387653382   -0.772337963829
0.934236925299   0.356647294257   -0.00201898731755
-0.344821888711   0.90178537599   -0.260539829606
-0.0911001310451   0.244102120524   0.965460989173
0.997467847668   -0.0709698414264   -0.00460158078309
0.0227907030078   0.380268467518   -0.92459531338
0.067368217983   0.922149223974   0.380923022366
-0.851782288091   -0.40908709704   0.32730564009
-0.512042646995   0.517814668815   -0.685334969437
0.110876339484   -0.751345086967   -0.650538042492
-0.344340752822   -0.795751491668   0.498206159504
-0.463330308082   -0.317499775888   -0.827356802408
0.816550573738   -0.51572649378   -0.259367863852
0.436958170897   0.307925124769   -0.845132945627
0.317285616998   0.826416290628   0.465151543497
0.841663481146   -0.471400295617   0.26340913755
0.155312753362   -0.411623453063   0.898022365068
-0.961973433656   -0.26978284239   0.042713711162
0.224689003323   -0.870507599662   -0.437871577274
0.0336279681054   -0.600738528574   -0.798738021453
0.998405810987   0.0564420852559   -0.000416365348978
0.0453325844805   -0.797450661207   0.6016788338
-0.995998492676   0.0128090406185   -0.088554477398
0.08849395219   -0.00522310737546   -0.996067814163
-0.0132207191407   -0.9999090951   0.00405915814734
-0.56166024157   -0.13718648942   0.815915273838
0.336306937618   0.863158281611   0.376637004059
-0.755933535882   0.485939971846   -0.438664928637
-0.833182015622   0.544738910416   0.0952256688787
0.00377444133496   -0.16659283939   0.986018768582
0.552986584039   0.821892193589   0.136745676571
-0.92904932797   -0.0134199678947   0.369714135966
0.269633956435   0.659688622721   0.701504581923
-0.253310417095   0.751419359202   -0.609265013566
-0.577526176777   0.169324744857   -0.798621518246
0.526046846427   -0.670901058485   -0.52265704492
-0.624293131462   -0.721959003005   0.298387201871
0.301360280433   -0.103971172934   0.947824890535
0.719463060731   -0.627544890471   -0.297591033315
0.625743503492   0.771607098247   -0.114313726235
-0.24920456721   -0.80994516182   -0.530929334329
-0.217969159962   0.581067809063   -0.784123497819
0.943602971865   -0.0796809222449   -0.321347823901
0.947971971421   -0.117390461987   0.295919959158
-0.234036476141   0.373162357165   0.89776210647
-0.215814898997   -0.920309378096   0.326273805257
0.999999928278   0.000130703253254   0.000355473397354
-0.000130643148859   0.999999977169   -0.000169100648616
-0.000355495491243   0.000169054196324   0.999999922522
0.897205626188   -0.403799750164   -0.178795678042
-0.276590265587   -0.829443807482   0.485306101585
-0.344267276548   -0.385966253733   -0.855868756223
0.865950253182   -0.500130110292   0.000191359225291
0.500130123587   0.865950266257   -2.59905104668e-05
-0.000152708935921   0.000118211000454   0.999999981353
