-0.147937649852   -0.855434098484   0.49633353911
0.706820568799   0.259571184271   0.658048251516
-0.691750795025   0.44816885317   0.566238047896
0.779680321723   0.222175013601   -0.585437322514
0.254296314298   0.742023634158   0.620269546339
0.572216724498   -0.632486512831   0.522042938719
0.952190474647   -0.178576378182   0.247878554859
0.0778524297915   0.92642096762   0.36835199359
-0.295418855152   -0.331443312139   0.896031825678
-0.615902826453   0.732452456705   -0.290130951438
0.367708151095   -0.0584319261261   -0.92810327022
-0.69674477819   -0.67830550878   -0.233339842731
0.586480097861   -0.692208039878   0.420581884903
0.539107394101   0.72113715282   0.435114264082
-0.604486815411   -0.0284470510072   0.796107061948
0.225469155473   -0.948553340148   -0.222284123344
-0.814568714809   -0.0583784555911   -0.577121979614
0.534454375463   0.311188899855   -0.785824416617
0.947576959553   -0.200371567869   0.248895933296
-0.115851086343   -0.94139160303   -0.316799693198
0.29778595772   0.271357245355   -0.915254290548
-0.995660025184   0.0718552833608   0.0591414690655
-0.0885751033017   -0.536691136067   -0.839116742057
-0.0285542673725   -0.840713550491   0.540726667924
-0.987635858164   0.0733261670293   -0.138552399655
0.0647949393214   0.995771692373   0.0651179578062
0.142741409758   0.0553353939112   -0.988210992713
-0.886618153568   -0.224193146055   -0.404526786154
-0.461400901501   0.368552992377   0.807017125386
-0.0318385858288   0.902166761655   -0.430207608585
0.888812004098   0.0365139013449   -0.456815009639
-0.454494998761   0.197950961179   -0.868475497015
0.0587155356258   0.979531585924   0.192536577658
0.200474642338   0.680903235707   0.704400948171
-0.369397451845   0.718465269856   -0.589366758997
-0.907389351244   -0.142050827676   0.395557989899
-0.452708137717   0.796149899069   0.40148893656
0.857632388178   0.265605437908   0.440359785381
0.243956378715   0.543686851087   -0.803044715624
-0.839770056955   0.526368149952   0.133129449224
-0.497935792967   -0.844394386006   0.197632731689
0.216441275214   0.09967608173   0.971194039803
0.0004722339006   0.585790920264   -0.81046206968
0.50627802611   0.698778433951   0.505362501586
0.862370180915   -0.410557785784   -0.29624308394
0.736869574419   -0.675376069177   0.0298395493564
0.663780141246   0.714440643184   -0.221292781078
0.128137260818   0.182870817937   0.974750792073
-0.209775645815   -0.921251115608   0.327552394902
-0.964458880234   0.250015875889   0.0855051867206
-0.160665048326   -0.297973909275   -0.940956061288
0.107170281705   0.920412397219   0.375979891478
0.869103407694   -0.270394670261   0.414190260185
0.482886245906   0.282374439252   -0.828912821593
0.924413438124   -0.00125466481267   -0.381390669349
-0.0494447765727   -0.991957848549   -0.116581377801
-0.378174074892   0.126627127412   -0.917041820551
0.815032971434   0.132150912844   0.564143054065
-0.56745774094   -0.0147238349916   0.823270846434
0.117102354642   -0.991120230131   0.0629896519267
0.208357840626   -0.671212663133   -0.711379339274
0.976903090995   0.107568285445   0.184633169173
-0.0474062685933   -0.733418446184   0.678122426815
-0.496918361577   0.368393336909   -0.785721642523
-0.842348987681   0.012896426818   0.538778127422
0.208615275473   0.929580570449   0.303907278184
-0.284210099956   0.870361339607   0.402114083166
-0.170911598644   -0.458684672876   0.872007781873
0.943405439253   0.179107466946   0.279117681776
0.166153255137   0.756133084512   -0.632977749746
0.642413382745   -0.569999391772   -0.512264688046
-0.748133088987   -0.321516443522   -0.580459724457
-0.201961418495   0.432038986435   -0.878950407141
-0.913729971895   -0.406191435465   0.0102937337656
-0.352574874991   0.805202295509   0.476802040042
0.945882120229   0.185878095615   0.266000655553
-0.00745129359164   0.831922772974   -0.554841400536
-0.324424865582   0.522832511513   0.788285908577
-0.0810669496597   -0.843999259044   -0.530182415228
-0.0243361609623   0.533450714578   -0.845480977533
0.996411508341   -0.0556379621603   -0.0637849224809
0.924044734025   -0.102330293533   0.368333872415
-0.103674840209   0.860318000821   0.499103663431
-0.367957685136   -0.49938106729   0.784363241415
-0.957790916625   -0.268524672545   -0.102618562371
0.259851757728   -0.96140658349   0.0904099187032
-0.122935483546   0.0599282039479   0.990603591201
0.212206591511   -0.144673311514   0.966456672278
0.240656084019   -0.950786518113   -0.195168886039
0.947129091349   0.273999776986   -0.166947156323
-0.334802395744   -0.239060257985   0.911458961453
0.843935663388   -0.506333716913   0.177196609852
0.419141791549   0.828538614389   0.371273310409
0.636547105165   0.494350702764   -0.591967278695
0.186709673406   -0.843499948559   -0.503634598397
-0.748296314454   0.210061166145   -0.629227583006
-0.327452304848   0.096523515932   0.93992458126
0.812207087926   0.537051027612   0.227806599719
-0.482798771649   0.838009195311   -0.254255684549
0.757810149601   -0.284570473544   -0.587148550965
0.495873731264   -0.333679024703   0.801727847175
-0.424067232825   -0.89870904295   -0.111754327334
-0.992679577293   -0.0668314528202   0.107219234388
-0.0841549542283   -0.28390322279   -0.955616516637
0.0942356142216   -0.956984085606   0.275320197732
0.740764641937   0.609684160653   0.282051381881
0.252307465974   -0.64163781081   0.724321711405
0.622582284029   -0.46538825001   -0.629130475357
-0.501380316564   0.398669333733   0.767906620513
-0.855379788601   -0.0948709581268   -0.509239576012
-0.130166173566   -0.912174484879   0.388580096756
0.382474547539   0.870201596623   -0.310583947723
-0.452782145137   -0.116492378806   -0.883978410921
-0.805420099323   0.478726104536   0.34945638727
0.724896629579   0.666306706333   0.174815610152
0.581409963036   -0.727901878628   0.363487094475
0.369442254406   -0.161851123141   -0.915051015632
0.61375276902   -0.783744323478   0.0951435227676
-0.741314339862   -0.530638393835   0.410944779227
-0.271588851066   -0.322749744346   -0.906681688234
0.46993560534   -0.842489969671   0.263383943862
-0.811727714479   -0.295239317211   0.503916339806
-0.346783172064   -0.450604273149   -0.822615924614
0.646776234055   -0.697643875877   -0.308177772827
0.0215462112921   -0.387197263011   0.921745136074
-0.762375418014   -0.602802917667   -0.235398415368
-0.166336496414   -0.571288885229   -0.803717068368
0.351727394707   0.727082264265   -0.589609369213
0.921205707855   -0.380762889559   0.0799976467128
0.892467841683   0.444526416334   0.0767946272493
0.315551948818   -0.493513421968   -0.810476059236
-0.322378841102   0.747556513033   -0.580716035335
-0.234401051623   0.796556538446   0.55727361683
0.630841082437   0.560791198225   -0.536239480655
-0.739659199676   0.225856000502   -0.63395063644
0.114813621194   -0.062798912167   0.991400071014
0.879962173761   -0.456671282125   -0.130835264379
0.46096027695   0.887416244096   0.00282860509336
0.0492337185674   -0.693194628895   -0.719066918688
0.969337283432   0.206699509733   -0.13289293453
0.240751444502   -0.690475566237   0.68211599436
0.152729008378   -0.504076916344   -0.850047238651
0.984870057933   0.00636650364679   0.173177456312
-0.0818829317719   -0.863635296174   0.497422615123
-0.386497288622   0.338116242792   0.858077601437
0.531307502891   0.842112663024   -0.0925126520541
-0.753878041263   0.420147188232   -0.505117956454
-0.11210460786   -0.993688924486   0.0035609901036
-0.962923808271   0.109519236517   0.246539077313
-0.245373386416   0.024209471942   -0.969124301405
0.467840096367   0.160491862771   -0.869119100336
-0.23205920172   0.971178009885   0.054422424133
0.85280371451   0.176226091529   0.491599627076
-0.817448071384   -0.367175862264   -0.443802355897
-0.377637639712   -0.240154993166   0.894268074163
-0.434935004342   0.898614189497   0.0576548133063
-0.707597384965   -0.13789882763   -0.693033971802
-0.319872001844   -0.812022721124   0.488167610418
-0.63007465841   0.567106362831   0.530469614243
0.0538219673631   -0.321946031468   -0.945226927361
0.670345210416   -0.689940682776   0.273165051178
-0.740094919762   -0.648330624863   0.178681019558
-0.899266036961   0.41997806759   0.122224111485
-0.437385096835   -0.860971252274   -0.259658432306
-0.00381939145509   -0.286961055102   0.957934631805
0.483154342936   -0.87024137868   0.096134487884
-0.544877265826   -0.2129198123   0.811032648124
-0.685325223608   -0.4442354488   -0.577047877401
-0.595175305547   -0.186921867123   -0.781555351002
-0.435001524678   -0.742815658129   0.508921379178
-0.675679084046   0.642874414056   0.360792381945
-0.340751495482   -0.892730723218   -0.294822389308
0.938218166038   -0.343007792193   -0.0457416051798
-0.0602914449308   -0.292194245922   0.954456632436
0.64768906856   0.354115261066   -0.67461193365
-0.545456455719   -0.402686701373   -0.735065105952
-0.531955011309   0.844065066777   -0.0676613277778
0.763451723223   -0.577572369377   0.289052087103
-0.509642803471   -0.813645458186   -0.279716516766
0.396743196283   0.0662365081581   -0.915534481986
-0.696585366476   -0.36042995523   -0.620370674393
-0.62036381434   -0.131812018609   0.773158971985
-0.360441762468   0.923426394184   -0.131779728078
-0.896118116216   0.193651495229   0.399374690698
0.0977076568714   -0.791673482328   0.603103185509
0.432959881471   0.579464698647   0.690486127838
0.569090352848   0.148916074829   0.808678070438
-0.376563390894   -0.827078207823   0.417303075807
0.730983058345   -0.542001703961   -0.41460593464
-0.442234716375   -0.465030190835   0.766926077018
0.41007843863   -0.865311500148   -0.288222101559
0.797661808143   0.187038036953   0.573369410335
0.79967070797   0.136353088001   0.584751736745
0.174212676863   0.879292552835   -0.443277057154
-0.574610042945   0.456346843498   0.67939006178
-0.622619340662   0.527229994127   -0.578250521392
-0.0320576843231   -0.755519833652   -0.654340935138
-0.781867915363   -0.388867956784   0.487303054979
-0.593928695849   -0.372624827181   0.713021347373
-0.515117717539   0.85691447853   0.0187433590384
-0.61798255697   -0.35615771029   -0.700891749157
0.569917682015   0.496105908959   -0.655036437507
0.0525656189614   -0.817549653679   -0.573453833905
-0.82001869678   0.292389074716   -0.492014092819
0.925613057426   0.362881245997   0.107506800407
0.346730652239   -0.926925886367   0.143482986679
0.15171804648   -0.095533836792   -0.98379675985
0.689568003387   0.72409686163   -0.0134062160386
0.300461766273   -0.269193170244   0.915017954971
0.658952743875   -0.634995169972   -0.403190425449
0.217239721927   -0.161607735217   -0.962647317168
0.79187858814   0.605804553995   0.0770009812454
0.570732177976   -0.77902746382   0.259578514112
-0.306681782421   0.278619992743   -0.910119323978
-0.2753776729   0.889329144749   0.365049050896
0.911105603924   0.362580435125   -0.196015322037
-0.166860569598   0.0811587310319   -0.98263111215
-0.017842190441   -0.996685976048   -0.0792899771395
-0.985815549901   0.00430169871195   0.167762540195
0.553395683627   -0.831666476383   -0.0456517467168
0.303790115461   0.150502700876   0.940776534918
-0.775541601506   -0.534490219709   0.335939605179
0.1821113849   0.885201060264   -0.428082415781
0.371758156507   0.341061747653   0.863407655839
0.910291900911   -0.316379503127   -0.266969490731
-0.462245983731   -0.629309894599   0.624737985696
0.185349760495   -0.757530637297   -0.625933392592
0.867164321507   -0.173540203519   0.466808076482
0.181786452069   0.460744452889   -0.868716428646
0.808838469202   0.432350677121   0.398563949245
0.559226264588   -0.775104792935   -0.294072342236
0.256941180146   0.528849850364   -0.808887558007
0.362013707824   0.723378418063   0.587936855031
0.896062118983   -0.443893575   -0.00558519093341
0.282046034269   0.246319668578   -0.927241400585
0.769922824787   -0.634759182077   0.0655708204899
-0.572423652515   -0.732398327073   -0.368678417321
0.949527621932   0.297261998684   -0.100162911476
0.236691430837   -0.888507842242   -0.393104740039
-0.205850604237   0.349556110248   -0.914022108665
0.749851208896   0.568761154905   0.337985092944
-0.0272671469598   -0.483853973429   0.87472389564
0.661044383592   -0.665128663927   -0.347310000533
0.610465797425   0.0297951287699   0.791481811066
0.337417736567   -0.913860614907   -0.225846314464
0.716575521489   0.404931521382   -0.567933767671
-0.737539756748   0.529334859491   -0.419332592345
-0.209039150238   0.411499487167   0.887113771021
0.642135383033   0.741938552439   -0.192845558076
-0.761276766693   -0.445846122796   -0.470827903441
0.399893122618   -0.894395248658   0.200356244444
-0.510434295824   -0.0357542863498   0.859173125909
0.0375041795056   -0.982142615692   -0.184361957433
0.924297403916   -0.0360301470488   0.379968618376
-0.379825957539   -0.184655691163   0.906440576599
-0.631580617218   0.561297836105   0.534836894783
-0.629438159665   0.0315546146828   -0.776409566533
-0.452673577753   -0.827012062204   0.33337308824
0.991473280547   -0.12990021744   0.0103279826967
-0.00711764619857   -0.133123320077   -0.991073906598
0.130115613322   0.982549786391   -0.132912798538
-0.470870389227   -0.881486026794   0.0355392228402
-0.855356781036   0.446309250102   -0.263006978073
0.215975528542   -0.15424097363   -0.964138851993
0.109653224594   -0.982672861144   -0.149432979424
-0.0474880061299   0.144988604301   -0.988293069412
0.992834858696   0.115465794693   -0.0307667056719
0.353226020514   -0.296105571066   0.887441764943
-0.850157745157   0.294316913273   0.436588343185
-0.390465368159   -0.908679846722   -0.147776055263
0.391991835699   0.251056996347   -0.885049590282
0.441842553378   0.792445472564   0.420482256798
0.806918552704   -0.555878183457   0.199704491274
-0.43602677212   0.20359094083   0.876602164548
-0.891300607327   -0.232294097782   -0.389387539039
0.124353743236   -0.951099446426   0.282747193811
-0.770733455444   0.627950927349   0.107923856747
-0.621276715664   -0.778245615226   0.0913728091289
0.141368909549   0.00337350204403   0.989951236584
-0.592873540842   -0.751613814827   -0.289098064933
0.768975536827   -0.634992638358   0.0738987660085
-0.239118467603   -0.178496714863   0.954442917495
0.0373753041753   -0.732261364073   0.679997375447
0.855222459227   -0.328551395073   -0.400809922604
0.516911676366   0.59652941546   0.613966607475
0.990808059052   0.129260007048   0.0398903613193
-0.068298865354   0.223464465312   0.972316264021
0.116767526905   -0.966103256834   0.23023870476
-0.761348129517   0.117057955612   -0.637688043522
0.0267468400046   0.988399426063   0.149503104793
0.647791025234   0.0967677984699   -0.755646982596
0.734014953528   -0.562513111225   -0.380527205139
-0.411406843057   -0.814099574197   0.409860528363
-0.540339119106   -0.144292213665   -0.82898296009
0.0905729616527   0.922374095742   -0.375529758203
0.880195226494   0.102260789067   0.463464267256
0.465889402163   -0.372516833541   -0.80260721367
-0.400000514999   0.84960311092   -0.343764650005
0.911733860145   0.407124936045   -0.0546868504643
0.0934930422126   -0.3352966407   -0.937462107853
-0.963207866407   0.257320339073   -0.0774945153227
0.177360275973   0.392052953595   -0.902681709453
-0.201897224628   -0.883219779655   -0.423263548093
0.596209691793   0.730426767275   -0.333182749567
-0.800620696143   0.510190649641   -0.314184668996
-0.0595021669249   0.454072948955   0.888975393436
-0.644303467581   0.181069753378   -0.743025371114
-0.363762610347   0.782065062329   0.506014812501
0.672718158682   0.596311975034   -0.438020814559
-0.796817510228   0.470768118356   -0.378929508448
0.433532709335   0.00838274032683   -0.901138139337
-0.42102207017   -0.882257295221   -0.210829232574
-0.973121847468   -0.138626306928   0.183891499308
0.197898894869   -0.0950352200948   0.975604447651
-0.117768263551   0.985774192143   0.119915137698
-0.575747577392   0.520584149631   0.630481255552
0.691484434875   0.721508129517   0.0357106426994
-0.436306941012   0.456528330807   -0.775382387728
0.92933052982   0.369160445351   -0.00808271722655
-0.359809039216   0.900437194425   -0.244438769263
-0.0829591467396   0.230072645503   0.969631041721
0.997996201788   -0.0597738784334   -0.0207524632841
0.00399021035376   0.38678051508   -0.922163179231
0.0631479175956   0.920232543635   0.386243995303
-0.84870283951   -0.412726988735   0.330704099244
-0.517985632362   0.522441912356   -0.677308420418
0.10676915825   -0.746131519554   -0.657185539895
-0.340800666993   -0.797510279449   0.497827717754
-0.437964243921   -0.333881933622   -0.834691770385
0.831890860293   -0.502494163821   -0.235493895884
0.441368463856   0.293233451982   -0.848061336587
0.338515786072   0.820854824636   0.460004806816
0.831024037291   -0.490113764704   0.263035280492
0.158693402682   -0.408864283439   0.89869147874
-0.957903110858   -0.284319963645   0.0397963085591
0.239244658123   -0.867174788433   -0.43677206016
0.0368290878636   -0.593808324092   -0.803763218465
0.997865407712   0.0652568564035   -0.00248778217768
0.0539283340254   -0.801955881084   0.594944121328
-0.99581987701   0.0316518553135   -0.0860459663732
0.085919131392   -0.00536403526666   -0.996303594821
-0.0319945485158   -0.999500430339   0.00259049966477
-0.575851586612   -0.133167375066   0.806635853188
0.331362258456   0.863953798955   0.379187139649
-0.747391465767   0.485644194264   -0.45338252367
-0.824976974074   0.556644722402   0.097771086303
0.00183414346699   -0.170357358425   0.985380490664
0.565162957219   0.813095768336   0.139520200809
-0.931052434486   -0.0116218382315   0.36470264807
0.268128066528   0.65612348856   0.705414498558
-0.247488239262   0.754564250221   -0.607769528213
-0.580546392337   0.169295062547   -0.796434571003
0.535374318485   -0.657602361423   -0.53003450388
-0.613468159889   -0.734099051896   0.291130083206
0.300484527321   -0.101505296354   0.948370069101
0.729467173989   -0.61613764563   -0.297072705406
0.614480882718   0.781070563417   -0.111095102909
-0.245334941667   -0.816225182992   -0.523055680065
-0.229237747174   0.573088047895   -0.786778338558
0.941945247384   -0.0731201025904   -0.327708148727
0.950399957432   -0.126451854868   0.284165178582
-0.219998662634   0.372529799284   0.901566486479
-0.219864751056   -0.919364709734   0.326233066443
0.999702405541   -0.0121568149888   0.0211497565278
0.0127126102335   0.999572043423   -0.0263461485333
-0.0208204200945   0.0266071766787   0.999429121172
0.889893399575   -0.408000127333   -0.204023723593
-0.259850011128   -0.82098633268   0.508389790407
-0.37492366611   -0.399397174964   -0.836609176086
0.860267732126   -0.509730901645   0.0106695308391
0.509561035707   0.860299772714   0.0152267486534
-0.016940539233   -0.0076623033987   0.999827138679
