-0.148363871585   -0.855265190918   0.496497375105
0.706614741962   0.259562300719   0.658272767913
-0.691869783069   0.448496247184   0.565833306177
0.779946801157   0.222288741666   -0.585039062777
0.254256992537   0.741634046023   0.620751420621
0.571870939455   -0.632903357382   0.521916634892
0.952272194618   -0.177936259417   0.24802490536
0.0769730622483   0.926248330824   0.368970426162
-0.295385872686   -0.332269040505   0.895736829756
-0.616372485162   0.732351476775   -0.28938804854
0.366174573527   -0.0587843174586   -0.928687267679
-0.697137224565   -0.678384237665   -0.231935082687
0.585913960235   -0.692719961178   0.420528101645
0.53939518832   0.720648293589   0.435567292393
-0.604779017248   -0.0283741215161   0.795887710914
0.225373996836   -0.94856089827   -0.22234852482
-0.814344232049   -0.0581235544117   -0.577464489881
0.534836531985   0.311213733014   -0.785554636539
0.947571955391   -0.200469301869   0.248836147938
-0.115846926202   -0.941267879716   -0.317164836566
0.297803390178   0.271709592898   -0.915142782883
-0.995711028418   0.0716275533157   0.058563175269
-0.0879745150489   -0.536991391622   -0.838988197293
-0.0286467553744   -0.840541613545   0.540989184943
-0.987704224263   0.0729283138334   -0.138257463976
0.0644666596471   0.995818415606   0.064728037509
0.142399842337   0.0550193610218   -0.988275494395
-0.886374311448   -0.224594812604   -0.404842282152
-0.46185107133   0.368232376101   0.806906652245
-0.0321510680671   0.902198385987   -0.430120936149
0.88859753347   0.0364467378499   -0.45723742056
-0.454861902839   0.198497941725   -0.868158520151
0.0591191407734   0.979423402857   0.19296301397
0.200866716598   0.6806692597   0.704515383718
-0.369097370234   0.718759186933   -0.589196371498
-0.907424761775   -0.141684832635   0.395608030219
-0.453234302348   0.795775610674   0.40164431869
0.857272881735   0.265666587732   0.441025643818
0.244254350057   0.544207303993   -0.802605838229
-0.839701325018   0.526717548267   0.132172948948
-0.498594488008   -0.844224505291   0.196692396879
0.215185038081   0.0992622123956   0.971515518644
0.000981177343455   0.585149062308   -0.810925161632
0.505882096919   0.699215953373   0.50515379465
0.862602079121   -0.410728166934   -0.295330379812
0.736918143812   -0.675296943545   0.0304251213506
0.663746792913   0.714322089021   -0.221774995751
0.128030640347   0.18362459498   0.974623087821
-0.209321078745   -0.921371979938   0.327503097811
-0.964583916889   0.249532059945   0.0855077058569
-0.160506921253   -0.298005662809   -0.940972912656
0.106677187733   0.920381545352   0.376196214855
0.869069337176   -0.270131686776   0.414434084505
0.483057210148   0.282727667898   -0.82869335562
0.9246874776   -0.000707556949579   -0.380726607045
-0.0490565130507   -0.991886269305   -0.117302511361
-0.377553583583   0.127145271275   -0.917219703109
0.81500814783   0.132386008481   0.564123801165
-0.567450707575   -0.0147466127694   0.823275305174
0.11730904805   -0.991088532068   0.0631039251142
0.208111541957   -0.671604168128   -0.711081859502
0.976963210393   0.107611660817   0.184289439065
-0.0472488634617   -0.733053581374   0.678527807109
-0.496452907701   0.369346304641   -0.78556844115
-0.842280225053   0.01396549999   0.538858942259
0.209996407035   0.929186872709   0.304159900562
-0.283601631408   0.870683806488   0.401845458291
-0.170729128173   -0.458200759808   0.872297867746
0.943621549151   0.17877839467   0.278597610669
0.154811469796   0.748252981247   -0.64509910605
0.632889860214   -0.576508063079   -0.516809980456
-0.758607807374   -0.328267584626   -0.562812787151
-0.200980199148   0.432185649341   -0.879103218306
-0.913866997296   -0.405905323113   0.00937628989654
-0.352780406464   0.805267885901   0.476539182555
0.945816197542   0.185662675511   0.266385235296
-0.00708325034783   0.832000163442   -0.554730170803
-0.324625245823   0.522785908146   0.788234325941
-0.0810954729644   -0.844036573408   -0.53011860587
-0.0241749192155   0.533379628889   -0.845530438762
0.99641309045   -0.0557531375101   -0.0636591778953
0.924165742317   -0.10227909557   0.368044380943
-0.103460332969   0.860455939888   0.498910345838
-0.367714072665   -0.499153844312   0.784622073134
-0.957665291783   -0.268448052239   -0.103965477217
0.259624543358   -0.961414483587   0.0909575056893
-0.124371514786   0.0601150114697   0.990412990656
0.212188107616   -0.143901772172   0.966575413362
0.240630470841   -0.950949270946   -0.194399918423
0.94713923277   0.273836870684   -0.167152518978
-0.334851610184   -0.238897434274   0.911483644356
0.844120660027   -0.50591733124   0.17750489165
0.418729900231   0.828839967148   0.371065477246
0.636420916241   0.494616568758   -0.591880814133
0.186650306656   -0.843286962425   -0.504012815789
-0.748418406544   0.210289575025   -0.62900582004
-0.327574274487   0.0968873235403   0.939844640726
0.812128956896   0.537223478928   0.227678487485
-0.482847449547   0.837856660074   -0.254665593857
0.757460564002   -0.285428942865   -0.58718295255
0.495663373048   -0.333962485538   0.80173993197
-0.424936844495   -0.898331462474   -0.111486746974
-0.99210980757   -0.0654007678436   0.107519707932
-0.0848437359141   -0.283474362137   -0.955259595105
0.092947772994   -0.956787381359   0.275612254775
0.740488343466   0.609732358332   0.28267206149
0.252599804278   -0.642261544832   0.723666799337
0.622792406845   -0.464463937014   -0.629605477488
-0.501666830033   0.398846246423   0.767627471697
-0.855164579927   -0.0948133136041   -0.509611502462
-0.130475303519   -0.912103071981   0.388643961899
0.382321528191   0.870037506374   -0.311231379714
-0.452480574099   -0.11739674688   -0.884013182589
-0.805662189927   0.478803419403   0.348791779744
0.725095357243   0.66605708736   0.174941433946
0.581010140357   -0.728062529047   0.363800875487
0.36968062667   -0.162147514878   -0.914900653541
0.613488868462   -0.784009131525   0.0946631198356
-0.741349014375   -0.530470089462   0.411099972765
-0.272090175228   -0.322383669575   -0.906661892072
0.470003049767   -0.842538267246   0.263108928044
-0.811666637531   -0.295420136241   0.503908706301
-0.346834700267   -0.450395362979   -0.822708567124
0.646716795935   -0.697681571913   -0.30821709307
0.0213123507828   -0.387409750074   0.921661183552
-0.762432381232   -0.602622583194   -0.235675133865
-0.166570242206   -0.571622506992   -0.803431450729
0.351708396061   0.726774348986   -0.590000218064
0.921170771714   -0.380850052745   0.0799854485936
0.892575005653   0.444299059955   0.0768647895
0.315467882006   -0.493542563289   -0.810490982122
-0.322164346204   0.747672362738   -0.580685838813
-0.234560758163   0.796486000449   0.557307246443
0.631011824042   0.560853830355   -0.53597302363
-0.739462908987   0.225949231529   -0.634146384677
0.114794858627   -0.0624005355146   0.991427405249
0.879934462884   -0.456781945164   -0.130635267128
0.461017860542   0.887387404214   0.00247217330383
0.0483848702085   -0.693712524287   -0.718624940933
0.969372399934   0.206051591277   -0.133640806163
0.240782105504   -0.690149004543   0.682435578231
0.152820862002   -0.503709486539   -0.850248507282
0.984962293094   0.00747111080844   0.17260778735
-0.0805918863625   -0.863840795657   0.497276602902
-0.385853515391   0.337658655116   0.858547409621
0.531595569321   0.841962611898   -0.0922231314399
-0.754004756364   0.420815384605   -0.504372078022
-0.111928157475   -0.993712341279   0.00306602809571
-0.962822472543   0.109209819948   0.247077573749
-0.245858707605   0.0247027098264   -0.968992250558
0.467762195881   0.159350165132   -0.869371066914
-0.232132605311   0.971232438753   0.0531225320544
0.85282646574   0.176960658714   0.4912961873
-0.817660718258   -0.367087133977   -0.443483961804
-0.377669521424   -0.239381819393   0.894461907169
-0.434507446306   0.898856722096   0.0570954657884
-0.707832794443   -0.137732214737   -0.692819566267
-0.319548569131   -0.812272455871   0.487953201902
-0.629966527956   0.566779897583   0.530944184372
0.0536220558539   -0.321687066982   -0.945326464834
0.670210724642   -0.690183864978   0.272880653635
-0.740231233301   -0.648200352892   0.17858902624
-0.899225630268   0.420015517355   0.122397323575
-0.437469598173   -0.860848793081   -0.259924147083
-0.00380661411405   -0.287275437071   0.957840462886
0.483056287828   -0.870316226514   0.0959492747904
-0.544992942842   -0.213090363134   0.81091006281
-0.685302334535   -0.444006873349   -0.577250837536
-0.595252396729   -0.18670609052   -0.781545234718
-0.435214871715   -0.742700562694   0.508901950907
-0.675470305481   0.643066105436   0.360839108742
-0.340764664168   -0.892827031669   -0.294515439833
0.938242974225   -0.34289226676   -0.0460979810069
-0.0598295420063   -0.29203560409   0.954534248813
0.64774757929   0.354094479984   -0.674566667376
-0.545349444443   -0.402777995083   -0.73509450665
-0.531993489562   0.844030242057   -0.0677932589421
0.763429517009   -0.577347502113   0.289561019108
-0.509171053768   -0.813791925804   -0.280161058224
0.397392199204   0.066447289967   -0.915241512694
-0.696682926228   -0.361154249713   -0.619840825261
-0.620206943557   -0.131002638399   0.773422964948
-0.360525155725   0.923259087937   -0.132724141039
-0.896137454398   0.193771173885   0.399291512387
0.0975889243991   -0.79163581529   0.603183278394
0.432963487523   0.57948804791   0.690465996297
0.569301872945   0.149023850261   0.808509337264
-0.376208002866   -0.827205175183   0.417372102057
0.731001364546   -0.541778391088   -0.4148655677
-0.442212321782   -0.464912831981   0.767009977908
0.410537600319   -0.86524557001   -0.287765465294
0.797437851043   0.187633000697   0.57348646572
0.799214256267   0.136386978258   0.585367542442
0.174497398366   0.87931534141   -0.443119831784
-0.575158435169   0.456292800204   0.678962183738
-0.622693453971   0.527131918263   -0.578258861128
-0.0322505390235   -0.75568352996   -0.654141185289
-0.781800020758   -0.388680753713   0.487560794016
-0.594079520749   -0.372182280023   0.713126666523
-0.515185147722   0.856889226589   0.0180304239686
-0.617781155132   -0.356680785939   -0.700803121344
0.570076944612   0.496689644106   -0.654455266093
0.0531614314993   -0.817201016275   -0.573895851628
-0.819869599436   0.292373021587   -0.492272209119
0.925549858784   0.362927981534   0.107893650698
0.346824058214   -0.926978713015   0.142938176047
0.151890856492   -0.0948763919361   -0.983837207852
0.689599162509   0.724058586272   -0.0138617472093
0.300468254002   -0.268647735845   0.915176037012
0.658917151641   -0.635269638838   -0.40281586983
0.217631617284   -0.16171409263   -0.962540922061
0.791699200135   0.606015038794   0.0771890333066
0.570831718549   -0.778841654383   0.259916952105
-0.306257276865   0.278381387784   -0.91033525128
-0.276449938223   0.889065389088   0.364881027773
0.91092365127   0.36340959771   -0.195324226408
-0.166878834939   0.0815081928229   -0.982597216673
-0.0164956863666   -0.996659432307   -0.0798734431868
-0.985834046908   0.00287907936004   0.167676465691
0.553344220153   -0.831648455546   -0.0465941943847
0.304547651126   0.149933709247   0.940622457867
-0.775281175288   -0.534678152198   0.336241536153
0.182311818336   0.885453855428   -0.427473859505
0.370954608354   0.340689920092   0.86389992527
0.91057954578   -0.316072574339   -0.266351393168
-0.462219613922   -0.629056885268   0.625012401919
0.18467886803   -0.75765515891   -0.625981168007
0.867321614604   -0.173914180254   0.466376552758
0.18217831308   0.461216511305   -0.868383787994
0.808553399619   0.432279497087   0.399219042899
0.559510923501   -0.774863713144   -0.294166229249
0.256744774511   0.529113411778   -0.80877756597
0.361788958186   0.723368806112   0.58808701087
0.89620918511   -0.4435950632   -0.00570622931068
0.282019439408   0.246317539507   -0.927249966376
0.769956667119   -0.634717843964   0.065570738066
-0.572391091101   -0.732434611868   -0.368656461562
0.949552246792   0.297270755941   -0.0999032386905
0.236923526699   -0.888703864558   -0.39252230876
-0.205469710506   0.34905102498   -0.914301194306
0.749610745419   0.569186024859   0.337803194153
-0.0267611420461   -0.483888932566   0.874720145794
0.661337712633   -0.664739619164   -0.347496274237
0.610507852781   0.0292777642288   0.791468940812
0.337672498045   -0.913562887693   -0.226673057505
0.716419957715   0.405642950705   -0.567623716634
-0.737619305639   0.529502522648   -0.418980590156
-0.208962339461   0.41103846865   0.88734552621
0.642068841406   0.742074403755   -0.19254379017
-0.761333142143   -0.445366608678   -0.471191206139
0.399690312565   -0.894615342261   0.199779429061
-0.510509767693   -0.0362318935271   0.859108307928
0.0375728826966   -0.982067230626   -0.184748988625
0.924102958754   -0.0362111036979   0.380424013414
-0.380291935083   -0.185020709357   0.906170721724
-0.631418186603   0.561494730432   0.534822163735
-0.629645682852   0.031320697354   -0.776250817229
-0.452611746635   -0.826887347151   0.333766271776
0.991524487528   -0.129542329142   0.00989826541302
-0.00742622909902   -0.132573717024   -0.991145332104
0.129707524142   0.982671360725   -0.132412097879
-0.470659381544   -0.881584897899   0.0358395900468
-0.855604544544   0.446118814488   -0.262521636251
0.215446679656   -0.154223260048   -0.964257981951
0.109753356958   -0.982704862001   -0.149148800721
-0.046712799909   0.144789851039   -0.98835915683
0.992860576759   0.11544289829   -0.0300137273695
0.35365032509   -0.296583055315   0.887113267866
-0.85002636796   0.293901368452   0.437123748597
-0.390367304596   -0.908658620778   -0.148165104574
0.392896515457   0.25057739076   -0.884784330097
0.441945136159   0.792306299363   0.42063669421
0.806422244343   -0.55629282139   0.200552924972
-0.43631455474   0.202964312567   0.876604253697
-0.891105958091   -0.232525287078   -0.389694873028
0.124738531458   -0.951176855497   0.282316929335
-0.770730848114   0.628004369188   0.107631471469
-0.621225300383   -0.77819886804   0.0921179125296
0.141609136476   0.00413472198194   0.989914014898
-0.593216364273   -0.75145519535   -0.288806906965
0.76859527071   -0.635381935223   0.0745057116729
-0.239490396407   -0.177777615609   0.954483875858
0.0375028145605   -0.731832015972   0.68045236475
0.855026018162   -0.328944312929   -0.400906624502
0.517227250405   0.59683960467   0.613399095421
0.990849253048   0.128814145361   0.0403072421903
-0.0686334824219   0.223712182064   0.972235728527
0.116220492637   -0.966105471824   0.230506011804
-0.761184340203   0.117417473619   -0.637817660247
0.0263638275609   0.988263174933   0.150468749379
0.647999366845   0.0977191528428   -0.75534602594
0.733708300536   -0.562833497338   -0.380644693775
-0.410909185224   -0.813708875213   0.411132750106
-0.541133597297   -0.145241009998   -0.82829831473
0.0905695219703   0.922184783477   -0.37599524691
0.88000746395   0.102647895474   0.463735173688
0.466244639612   -0.372878898635   -0.802232721874
-0.399394607993   0.849651272452   -0.344348625905
0.911935563242   0.406752926202   -0.0540859929528
0.0941105171371   -0.335625507614   -0.937282123641
-0.96332607543   0.257023784198   -0.0772450844082
0.17714998392   0.392733597674   -0.902433368968
-0.201608313087   -0.883010122584   -0.423869621117
0.596235803104   0.73035182626   -0.333300288477
-0.800576547076   0.509971380885   -0.314652807727
-0.0598336418056   0.454439662681   0.888765733902
-0.644276616853   0.18154123831   -0.742933724088
-0.363812666057   0.781715700214   0.506518431202
0.672716941672   0.596626647011   -0.43759415751
-0.798485906918   0.463748014917   -0.384070518208
0.433457917919   -0.000129859357697   -0.901220735521
-0.417955281925   -0.886014875384   -0.200979127459
-0.973084854706   -0.138380521363   0.184273383428
0.198261237317   -0.0951147889986   0.975523269457
-0.117466294358   0.985801196378   0.11999026345
-0.575968000312   0.520443317772   0.630396556081
0.69120210159   0.72178246791   0.0356336848066
-0.436463881312   0.456255255006   -0.775455124758
0.929212590463   0.369451290883   -0.00834898608137
-0.360204302751   0.900445284765   -0.243826064389
-0.0825640489753   0.229573589642   0.969783040083
0.998006258195   -0.0594396838583   -0.0212233978859
0.00344298517894   0.387036446303   -0.922057994085
0.0630210638442   0.920146576685   0.386469445499
-0.848521453164   -0.412886007456   0.330956570007
-0.518315209774   0.522556708488   -0.676965830266
0.106566644408   -0.745961484849   -0.657404908985
-0.34057978653   -0.793518583038   0.504315060863
-0.443417499521   -0.337424387292   -0.830376852508
0.829087657223   -0.506431687828   -0.236940107233
0.441387357534   0.292562233825   -0.848283286419
0.339397090096   0.820692430045   0.459645024553
0.830654446754   -0.490786381945   0.262948492218
0.159024393755   -0.408712998452   0.898701796017
-0.957730815234   -0.284884015619   0.0399095172039
0.239714244089   -0.867060994918   -0.436740537422
0.0368555816088   -0.593551938349   -0.803951330409
0.997858936971   0.0653547335575   -0.00250607420162
0.0540295020481   -0.802137665855   0.594689809163
-0.995816434473   0.0325143423824   -0.0857843566314
0.0856550645975   -0.00536797448924   -0.996327204329
-0.0328534353153   -0.999473614317   0.00252711283479
-0.576365785911   -0.133121213534   0.80627614686
0.33104168751   0.864026689301   0.379301043301
-0.747137125044   0.48552715972   -0.453926750791
-0.82472524058   0.557023213796   0.0977381840225
0.00164734429387   -0.170457744392   0.985363393662
0.565530635404   0.812815397618   0.139663583797
-0.931154556913   -0.0116122106374   0.364441480421
0.267966072792   0.656031974895   0.705561091255
-0.247278425909   0.754643906902   -0.607755699537
-0.57653568368   0.163472505486   -0.800552416867
0.532175155557   -0.668333798501   -0.519731096326
-0.619997609681   -0.725677303372   0.298321610566
0.300443707093   -0.101391843509   0.948395137121
0.729860083211   -0.615689712879   -0.297036331619
0.61403412037   0.781438428436   -0.110978294794
-0.245196103654   -0.816499626426   -0.522692300974
-0.229589631943   0.572718523121   -0.78694478704
0.941895685495   -0.0729510588791   -0.327888200552
0.950499198909   -0.12689835109   0.283633706974
-0.219362798112   0.372451987533   0.901753546756
-0.220070975019   -0.919334707695   0.326178538465
0.999683108929   -0.0126466146083   0.0217656808252
0.0132429310708   0.999534777332   -0.0274746006484
-0.0214080942517   0.0277541356032   0.999385511932
0.889728948712   -0.407948577917   -0.204842338246
-0.259011382377   -0.820657328723   0.509347733784
-0.375892976207   -0.400124940347   -0.835825919491
0.860032718251   -0.510120067549   0.0110108947157
0.509939816045   0.860067213612   0.0156771063085
-0.0174673160762   -0.00786793071525   0.999816477427
