-0.14850674731   -0.855209905468   0.496549854882
0.706546705402   0.259556873919   0.658347916325
-0.691908587806   0.448604774197   0.565699797347
0.78003438406   0.222325633993   -0.584908258143
0.254245605101   0.741504604434   0.620910695576
0.57175653058   -0.633042046047   0.521873772054
0.952299132318   -0.177725031017   0.248072923461
0.0766825089469   0.926190539873   0.369175941485
-0.295374600848   -0.332543074352   0.895638848867
-0.616533592641   0.732314989911   -0.289140172921
0.365664915191   -0.0588989146075   -0.928881431162
-0.697263546906   -0.678414547979   -0.231469165734
0.585724457704   -0.692892082145   0.420508541891
0.539492420743   0.720483754005   0.43571905632
-0.604875854423   -0.0283501424973   0.795814975922
0.225342925133   -0.948563706217   -0.222367695324
-0.814268779097   -0.0580400629142   -0.577579095601
0.534964346536   0.311220422746   -0.785464726393
0.947570117553   -0.200500607629   0.248818025462
-0.115843951841   -0.941228379363   -0.317286100325
0.297810480468   0.271826777521   -0.915106692135
-0.995543990002   0.0740936240886   0.0584202507142
-0.0890558221605   -0.533298293715   -0.841231333059
-0.0311745306846   -0.842680977624   0.537512215181
-0.987735919753   0.0727920338949   -0.138161754017
0.0643529922207   0.995834049261   0.0646007650126
0.142288590069   0.0549170852233   -0.988305454442
-0.886291057138   -0.224731231453   -0.404948420605
-0.462003091695   0.36812568113   0.806868238346
-0.0322566738034   0.902207894222   -0.430092788541
0.888526775939   0.0364232432053   -0.457376778242
-0.454982694615   0.198677211922   -0.868054217035
0.0592529958817   0.979387933081   0.193101967198
0.200997333897   0.680590812197   0.70455391578
-0.368997152815   0.718857476527   -0.589139228368
-0.907436595638   -0.141562973761   0.395624507535
-0.453407251092   0.795648063158   0.40169431002
0.857149983381   0.265690526493   0.441246594348
0.244352338026   0.544379289308   -0.802454714097
-0.839678095229   0.526835384758   0.131853316241
-0.498814878075   -0.844167464922   0.196380070583
0.214766238147   0.0991256378448   0.97162213477
0.00114865785945   0.584933251629   -0.811080637817
0.505749971161   0.699363610862   0.505081691706
0.862679359074   -0.410784176624   -0.2950266457
0.73693233688   -0.675272647077   0.0306198955961
0.663737293547   0.714279969135   -0.22193901292
0.127998168159   0.183877601708   0.974579650956
-0.209167633907   -0.921412139715   0.327487018487
-0.964625685991   0.249369397618   0.0855083557633
-0.16045362077   -0.298016881678   -0.94097781782
0.106513401662   0.920369771806   0.376266272665
0.869055477467   -0.27003984297   0.414516348304
0.483114274145   0.28284396595   -0.828615615371
0.925905954539   -0.00266400646106   -0.377745057509
-0.0489526304013   -0.992392899238   -0.112991239231
-0.374569173024   0.123110857505   -0.918993165595
0.815000019714   0.132463888218   0.564117264264
-0.567448257515   -0.0147538601154   0.82327687186
0.117377359682   -0.991078024686   0.0631420050916
0.208026908762   -0.671734702413   -0.710983331783
0.976983714278   0.107623201707   0.184174026868
-0.0471977810393   -0.732932288626   0.678662383723
-0.496296410603   0.369663403512   -0.78551825304
-0.842258407592   0.0143191899052   0.53888383868
0.210453635264   0.929055426147   0.30424549634
-0.283398331982   0.870791841339   0.401754696521
-0.170669596601   -0.458038425988   0.872394724139
0.94369335905   0.178667946109   0.278425111294
0.154690687326   0.748261010031   -0.645113429833
0.632790958265   -0.576491377919   -0.516937257638
-0.758710405636   -0.328259022822   -0.562668151487
-0.200651641858   0.432233288377   -0.879154870555
-0.913911864668   -0.405811340051   0.00906865193942
-0.352851251409   0.805289712618   0.476449856633
0.945795107843   0.185588164561   0.266512002016
-0.00695928248678   0.832026365706   -0.554692433113
-0.324689362978   0.522770657306   0.788218026738
-0.0811070952576   -0.844050551699   -0.530094570902
-0.0241205291164   0.533353250702   -0.845548631335
0.996413462373   -0.0557938531878   -0.06361766736
0.9242069922   -0.102263216273   0.367945199393
-0.103387114005   0.860500948748   0.498847893757
-0.367630983211   -0.499079503732   0.784708294829
-0.957626280387   -0.268420304429   -0.104412379026
0.259546910156   -0.961420310896   0.0911366219575
-0.124847131133   0.0601749333496   0.990349518487
0.21217872184   -0.143643520273   0.96661585981
0.240623020135   -0.951003809516   -0.194141847186
0.947143201176   0.273782822199   -0.167218327754
-0.33487015729   -0.238842222207   0.91149127366
0.844181162007   -0.505779572572   0.177609564267
0.418593018074   0.828939916096   0.370996613466
0.636378780318   0.494707087274   -0.591850430792
0.186632225509   -0.8432147446   -0.504140098882
-0.748458714311   0.210365692783   -0.628932244792
-0.327616974141   0.0970083545288   0.939817303173
0.812101982101   0.537281687565   0.227637391164
-0.482863909253   0.837805341556   -0.254803291033
0.757342759656   -0.285714594165   -0.587195987513
0.495594563445   -0.334057789829   0.801742783824
-0.425226981452   -0.898205229005   -0.11139766102
-0.99218708027   -0.0649288131342   0.107631236778
-0.0850826783523   -0.283504959151   -0.955268318468
0.0925266002279   -0.95684945088   0.275614883938
0.740394161953   0.60975050511   0.282879442385
0.252698536535   -0.64246808919   0.723448705693
0.622864276579   -0.464153963308   -0.629762668326
-0.501762709059   0.398906065055   0.767533797559
-0.855092512539   -0.0947938128054   -0.509736132379
-0.130579378667   -0.91207898831   0.388665592833
0.382270362455   0.86998289506   -0.311446822929
-0.452380779581   -0.11769746869   -0.884024275823
-0.805742509413   0.478828834013   0.348571293976
0.725160160089   0.665975355536   0.174984708221
0.580877863795   -0.728116552975   0.363906163882
0.369761720092   -0.162245537926   -0.914851470817
0.613401754027   -0.784096796888   0.0945013812384
-0.741359551329   -0.53041519981   0.411151760569
-0.272257807235   -0.322260713825   -0.906655263596
0.470027430449   -0.842554676201   0.263013050565
-0.811644661095   -0.295483667674   0.503907159873
-0.346853270522   -0.450323327474   -0.822740433759
0.646696631978   -0.697694017085   -0.308231264409
0.0212342101164   -0.387482027695   0.921632648089
-0.762451678571   -0.602561771295   -0.235768332078
-0.16664772066   -0.571734880315   -0.803335396163
0.351701999797   0.72667091942   -0.590131406563
0.921159180292   -0.380878721255   0.0799822495064
0.892609889902   0.44422473127   0.0768894067232
0.315441207233   -0.493550559562   -0.81049664108
-0.322093833404   0.747711407263   -0.580674896928
-0.234612123628   0.796459719573   0.55732318714
0.631068751251   0.560876800829   -0.535881955105
-0.739398032877   0.225984852832   -0.634209339083
0.114784404623   -0.0622683555204   0.991436947414
0.87992582318   -0.456818707066   -0.130565160813
0.461036999056   0.887377804218   0.00235584915669
0.0480997644853   -0.693885589946   -0.718476994044
0.969383870255   0.205834416028   -0.133892110046
0.24079309582   -0.690039834436   0.682542092947
0.152850747567   -0.503589158457   -0.850314428162
0.98499285658   0.00784017657282   0.172417010572
-0.0801607119552   -0.863907699082   0.497230086156
-0.385640884442   0.337505362158   0.858703217365
0.531690946942   0.841913082754   -0.0921254328397
-0.754046299599   0.421037396142   -0.504124651128
-0.111866451335   -0.993718527257   0.00290433934834
-0.962786518037   0.109107828295   0.247258651868
-0.246022493458   0.0248638054883   -0.968944291877
0.467733697135   0.158969089411   -0.869456159494
-0.232156872728   0.971250229047   0.0526894563603
0.852835488893   0.177205589579   0.491192227325
-0.81773047373   -0.36705737426   -0.443379935933
-0.377681723377   -0.239125379264   0.894525335857
-0.43436551361   0.898937119416   0.0569092414352
-0.707915230792   -0.137677822901   -0.69275281339
-0.319443364336   -0.812362045392   0.487882982981
-0.629934584192   0.566673349631   0.531098179892
0.0535559598157   -0.32159948801   -0.945360026921
0.670165862093   -0.69026516351   0.272785289616
-0.740276656712   -0.648157285123   0.178557134886
-0.8992117717   0.420028542409   0.122450999296
-0.43749713408   -0.860807956925   -0.260011446495
-0.00380543541633   -0.287377309818   0.957809898267
0.483024672404   -0.870340650693   0.0958870764653
-0.545031612531   -0.213148603522   0.81086882208
-0.685293893905   -0.443931139964   -0.577319204733
-0.595275784878   -0.186633896939   -0.781543988032
-0.435287293903   -0.742663033715   0.508893644476
-0.675402241987   0.643129503393   0.360852936534
-0.340770609424   -0.892858228443   -0.294413954748
0.938250580075   -0.342855412744   -0.0462170535461
-0.0596761412751   -0.291983477189   0.954559797628
0.647766262353   0.354088980995   -0.674551594195
-0.54531512753   -0.402806056299   -0.735104519242
-0.532005894122   0.844019096976   -0.0678340862877
0.763420746707   -0.57727295918   0.289732213459
-0.509013719983   -0.813837782865   -0.280309769621
0.397610183201   0.0665166496132   -0.915140521851
-0.696713657782   -0.361396972835   -0.619664066546
-0.62015465349   -0.130733141419   0.773510105543
-0.360554480068   0.923201985292   -0.133039072602
-0.896897901699   0.184565975768   0.40189560542
0.103550023837   -0.795855368551   0.596574880055
0.429955892657   0.576679803303   0.694679802939
0.569372943322   0.149061463551   0.808452268805
-0.376087092086   -0.827247844976   0.417395789602
0.731008132663   -0.541702340862   -0.414952388711
-0.442205300266   -0.46487322329   0.767037928322
0.410691977754   -0.865223349134   -0.287611593878
0.79736214898   0.187832946504   0.573526229369
0.79906102387   0.136396620812   0.58557445028
0.174593989195   0.879323413963   -0.443065762055
-0.57534199736   0.456274360883   0.678819037339
-0.622720681294   0.527099735268   -0.57826046907
-0.0323153853633   -0.755738702721   -0.654075764356
-0.781776833168   -0.38861968392   0.487647243654
-0.594130150138   -0.372035091831   0.713161386664
-0.515207266523   0.856880889783   0.0177933979904
-0.617714129274   -0.356854344147   -0.700773953361
0.570129522727   0.496885974656   -0.654260327376
0.0533597029258   -0.817082820335   -0.574045355921
-0.819820096053   0.292369042034   -0.492356656581
0.92550261706   0.363070523583   0.107818079157
0.346986508213   -0.926926647146   0.142857702576
0.15180680619   -0.0948037708775   -0.983853615388
0.68960638983   0.724048751362   -0.0140155236615
0.30047212816   -0.268462707493   0.915229088073
0.65890783077   -0.635359102483   -0.402690068341
0.217760697132   -0.161751119008   -0.962505524344
0.791639449486   0.606085412263   0.0772494027206
0.570865387731   -0.778779213708   0.260030140307
-0.30611449513   0.278300000329   -0.91040815053
-0.276809530359   0.888977326357   0.364822963901
0.91086243453   0.363687256999   -0.195092750913
-0.166893398774   0.0816237540695   -0.982592163965
-0.0160467637923   -0.996663063661   -0.08006698475
-0.985845981523   0.00240487978084   0.167643082313
0.553325520589   -0.831643211175   -0.0469090061689
0.304800970029   0.149743187155   0.940570773243
-0.775194978198   -0.534739731193   0.336342372215
0.182375583319   0.88553793358   -0.42727243046
0.37068853902   0.340567540836   0.864062364237
0.910675116976   -0.31596887575   -0.266147560864
-0.462211598483   -0.628972530289   0.625103082614
0.184455528931   -0.757696298108   -0.625997061366
0.867373313861   -0.174039418334   0.466233597715
0.182306559951   0.461372673696   -0.868273897732
0.808456838316   0.432259718781   0.399435936408
0.559608654415   -0.77478176455   -0.294196110018
0.256679354001   0.529200863557   -0.808741100905
0.361715775447   0.723364974562   0.588136732595
0.896257451894   -0.443496972306   -0.00574744647621
0.282009411221   0.246317910897   -0.927252964681
0.769967871654   -0.63470459403   0.0655689387227
-0.57238103599   -0.732446104417   -0.368649465436
0.94956024057   0.29727485738   -0.0998147773365
0.237002193548   -0.888766928595   -0.39232970603
-0.205341887734   0.348884360713   -0.914392527158
0.749530112763   0.569328870998   0.337741422271
-0.0265909206114   -0.483900033064   0.87471927437
0.661435979223   -0.664609300764   -0.347558684222
0.610521057648   0.0291080236766   0.791464751252
0.337759562242   -0.913461696439   -0.226946449395
0.716367369184   0.405880445127   -0.567518822966
-0.737646268305   0.529557829541   -0.418863438343
-0.208935851413   0.41088619978   0.887422318854
0.64204663756   0.742119307913   -0.192445085991
-0.761352540245   -0.44520386221   -0.471312991148
0.399619259815   -0.89468958029   0.1995873622
-0.510535857445   -0.0363894083204   0.859086117705
0.0375954211548   -0.982041795017   -0.184879662109
0.924038152931   -0.0362724740677   0.380575605205
-0.380447195483   -0.185143760868   0.906080415036
-0.631363624848   0.561560511102   0.534817517002
-0.629714429866   0.0312443114527   -0.776198129536
-0.452592223685   -0.826845567108   0.333896228887
0.991541292078   -0.129424418535   0.00975632745481
-0.00752823960797   -0.132391771075   -0.991168873495
0.129573113133   0.98271141749   -0.132246245753
-0.470591262774   -0.881621863548   0.0359393601125
-0.855690803234   0.446051377275   -0.262360930786
0.215271914453   -0.154217049823   -0.964303701497
0.109788505506   -0.982715465601   -0.149052857742
-0.0464519788581   0.14472264755   -0.988381266172
0.992868900909   0.115436681037   -0.0297601774272
0.353792345569   -0.29674020396   0.887004075069
-0.849982619149   0.293762803249   0.437301914401
-0.390333863479   -0.908652116351   -0.148292984821
0.393197041334   0.250417848212   -0.884695992889
0.441979636532   0.792259759992   0.420688100194
0.806256844578   -0.556430928374   0.200834603913
-0.436408907173   0.202758905727   0.876604934818
-0.891041892332   -0.232603408052   -0.389794950615
0.124866855926   -0.951201652419   0.282176796751
-0.770729500247   0.628022551522   0.107533992415
-0.621208369747   -0.778182661824   0.0923674880403
0.141689964717   0.00438933594774   0.989901352033
-0.593329665609   -0.751403104232   -0.288709538162
0.768469084336   -0.635510634231   0.074708851578
-0.23961445886   -0.177537379263   0.95449745292
0.0375448175137   -0.731688429163   0.680604463116
0.854961882783   -0.329074383764   -0.400936699612
0.517330234543   0.596943967836   0.613210673476
0.990862928242   0.128665418537   0.040445855881
-0.0687442634388   0.223792047071   0.972209506574
0.116038284327   -0.966106779037   0.230592252724
-0.761130731509   0.117534477927   -0.637860432886
0.0262327815515   0.988217672174   0.150790170173
0.648067995287   0.0980381596491   -0.755246097379
0.733607237368   -0.562938384762   -0.380684192022
-0.410741947641   -0.813579354882   0.411554803362
-0.541397387823   -0.145556445012   -0.828069949686
0.0822837711412   0.919280717663   -0.384905789185
0.883989165119   0.111022208948   0.454133619781
0.460209365796   -0.377620379213   -0.803498868299
-0.399193398528   0.849667352567   -0.344544193077
0.912003082166   0.406628853668   -0.0538854529733
0.0943169609424   -0.335735988396   -0.937222811848
-0.963346317887   0.256921896882   -0.0771606392989
0.177076870747   0.39296435212   -0.902342736671
-0.201510315372   -0.8829324841   -0.424055323321
0.596245979999   0.730325399705   -0.333339965342
-0.800560654334   0.509898822619   -0.314810765427
-0.059944646804   0.454563515741   0.888694912154
-0.64426591473   0.181698455727   -0.74290445512
-0.363829062068   0.781600359073   0.506684598753
0.672718196457   0.596729872057   -0.437451282143
-0.798517921039   0.463627407837   -0.384086311695
0.433417687702   -0.000177403625413   -0.901225085888
-0.417877704737   -0.886062737141   -0.200848652068
-0.973073509108   -0.138299996459   0.184398692126
0.198379998601   -0.0951402163594   0.975497168633
-0.117367554431   0.985810560319   0.120013367616
-0.576042990113   0.520394416449   0.630368361843
0.691105874179   0.721875841334   0.0356085140134
-0.43651722871   0.456163289758   -0.775479159894
0.929174109694   0.369546064373   -0.00843688938672
-0.360333642725   0.900448712687   -0.243622213758
-0.0824326435095   0.229407548749   0.969833509554
0.998009562882   -0.0593287821346   -0.0213777455918
0.00326316827452   0.387121467521   -0.922022950447
0.0629782829948   0.920117962562   0.386544526382
-0.848460703892   -0.41294004454   0.331041862134
-0.518426556725   0.52259399144   -0.676851397289
0.10649929649   -0.745905106796   -0.657478423252
-0.340556585969   -0.793425875698   0.504476749747
-0.443204688822   -0.337730605841   -0.830366088405
0.829211079924   -0.506373001591   -0.236633793518
0.441392176802   0.29233721961   -0.848358343473
0.339689891233   0.820639738633   0.459522786812
0.830532182822   -0.491008517071   0.262919962286
0.159137376684   -0.408662891227   0.898704534714
-0.957673466045   -0.285070764824   0.0399505296763
0.239868155067   -0.867023156393   -0.436730981842
0.0368633397366   -0.593467479622   -0.804013324929
0.997856968963   0.0653845867512   -0.00251151218254
0.0540605727311   -0.802197724275   0.594605968692
-0.996485252755   0.0240326539362   -0.0799427421457
0.0798080076212   -0.00650340264095   -0.996776715599
-0.024476364038   -0.999677733265   0.00458704722681
-0.576536866068   -0.13310657646   0.806156222893
0.330933121783   0.864051814416   0.379338541015
-0.747053201126   0.48548645614   -0.454108348224
-0.824642045438   0.557148723234   0.0977262981653
0.00158448058568   -0.170490730799   0.985357886369
0.565652383161   0.812722569521   0.139711248769
-0.931188349861   -0.0116087251117   0.364353555266
0.267911264043   0.656002512791   0.7056091419
-0.247208070929   0.754669426991   -0.607751792395
-0.576534531991   0.163462417671   -0.800556126915
0.532225253531   -0.668284080304   -0.519745065412
-0.619956735455   -0.72572631999   0.298288296037
0.300431019943   -0.101353535645   0.948403184715
0.729990405745   -0.615540676869   -0.297024475068
0.61388528854   0.781560613185   -0.110940351148
-0.24514921084   -0.816590777243   -0.522571830774
-0.229705533589   0.572595687441   -0.78700033664
0.941879601454   -0.0728948870227   -0.327946794387
0.950532027796   -0.127048912921   0.283456234952
-0.21914990572   0.372426251365   0.901815944032
-0.220141277889   -0.919324345274   0.32616032265
0.999676622076   -0.0128093537309   0.0219675153742
0.0134194094322   0.999521978433   -0.0278520031739
-0.0216002482673   0.0281377875339   0.999370649053
0.889675810812   -0.407928511584   -0.205112870408
-0.258729264224   -0.820547319765   0.509667935387
-0.376212875915   -0.400370535835   -0.835564149357
0.859954585414   -0.51024932931   0.011123610593
0.51006560256   0.859989921264   0.0158246060731
-0.0176406875927   -0.0079346714644   0.999812906064
