-0.150556076767   -0.854486865314   0.49717709089
0.705629902569   0.259346607195   0.659413204817
-0.692401114457   0.450101689724   0.563905279008
0.78119960609   0.222790869801   -0.583173565796
0.254172625868   0.739712242381   0.623074698224
0.570195980141   -0.634972465262   0.521235571969
0.95266159483   -0.174883576409   0.2486998584
0.0727553644023   0.925369907184   0.372017728684
-0.295199156192   -0.33631275356   0.894288090065
-0.618980186683   0.73162473061   -0.285636550788
0.358590849422   -0.0603073675119   -0.931544560701
-0.698767191772   -0.679034549505   -0.225024624171
0.583031396499   -0.695378593664   0.420146405239
0.540921278735   0.718096611136   0.437882891947
-0.60620009945   -0.0280333430524   0.7948179483
0.224935384708   -0.948624158508   -0.222522733261
-0.813189530975   -0.056954909103   -0.579205529447
0.536774578045   0.311236990933   -0.784222411638
0.947538004329   -0.2008668556   0.248644814899
-0.115713998594   -0.940678145225   -0.31895950801
0.297963098695   0.273454573087   -0.914571404956
-0.995710788496   0.0739094891541   0.055894263738
-0.0868528581269   -0.534108393732   -0.840955035605
-0.0323011198107   -0.842191295542   0.538216174328
-0.988054239926   0.0706744812698   -0.13695470771
0.0625229053468   0.996056974206   0.0629396195432
0.140862914117   0.0536248738786   -0.98857709276
-0.885062461547   -0.226775572056   -0.406494427757
-0.464242741817   0.366612950452   0.806271523318
-0.0338165129589   0.902312547049   -0.429754400976
0.887575093034   0.036036479182   -0.459251378576
-0.456594110571   0.201031291675   -0.866665018629
0.0610923460621   0.978921758105   0.19488441047
0.202819130163   0.679469838214   0.705113547813
-0.36758358829   0.720248914789   -0.588322868765
-0.907604915131   -0.139865046561   0.395842226807
-0.455943290256   0.793857168147   0.402383226425
0.855416547248   0.266045004228   0.444393388982
0.245731550724   0.546821497436   -0.800380761301
-0.839296284615   0.528553557403   0.12732968829
-0.501941013329   -0.843306753109   0.192064846228
0.208894546846   0.0972873217565   0.973086966733
0.00337961998616   0.581810638065   -0.813317282805
0.503883227462   0.701532347305   0.503938559367
0.863765196195   -0.411520060227   -0.290793709431
0.737025449174   -0.675042877367   0.0333257694024
0.663691093752   0.713552977143   -0.224402066244
0.127701312699   0.187508050429   0.973926643206
-0.206948565852   -0.92198315293   0.32729150799
-0.965234428946   0.247007408461   0.0854989527509
-0.159672047227   -0.298219113167   -0.941047713982
0.104124284781   0.920264566581   0.377184759654
0.868870640438   -0.268710742496   0.415757398993
0.483961801804   0.284435462147   -0.827569628376
0.92601547791   0.00214181319201   -0.37747964121
-0.0470719550238   -0.991525291056   -0.121100732421
-0.374539314281   0.12990984943   -0.918067078674
0.814894010285   0.133528888122   0.564019310285
-0.567408979042   -0.0148309173795   0.823302534514
0.118299606253   -0.990933927602   0.063679868376
0.206710643008   -0.673565987145   -0.709633408515
0.977294084037   0.107637013822   0.182511781658
-0.0465509057323   -0.731247658526   0.680521767812
-0.494028885146   0.37407144301   -0.784860452623
-0.842010593486   0.0191342360658   0.53912149369
0.216687643914   0.927202448241   0.30551930371
-0.280527866536   0.872332392141   0.400425196738
-0.169913323716   -0.455719862759   0.873755627691
0.944687039704   0.177075215995   0.276062997749
0.168750431959   0.746906980733   -0.643161399325
0.634203001718   -0.581788422581   -0.509229932288
-0.754528446158   -0.321960453252   -0.57186938255
-0.195979383627   0.432826501655   -0.879916641645
-0.914494591427   -0.404571116209   0.00467429089633
-0.353965703182   0.805595075835   0.475105096608
0.94554587975   0.184404623263   0.268212462228
-0.0051576275969   0.832414716793   -0.554129172899
-0.325447981793   0.522571216486   0.788037396017
-0.0813807506697   -0.844322832101   -0.529618915488
-0.0233255995302   0.532849312707   -0.845888618738
0.996410134862   -0.0564853440826   -0.0630580283638
0.924829486226   -0.102102326362   0.3664226216
-0.102275313942   0.861081754846   0.498074265506
-0.366374375232   -0.498109755729   0.78591124945
-0.957077997176   -0.267921326581   -0.110554589333
0.258367778834   -0.961516254548   0.0934614133713
-0.13134018928   0.0608860221383   0.989465845878
0.204305208173   -0.146761283731   0.96784330405
0.258658393765   -0.945465224904   -0.197968986424
0.944116185081   0.290786880461   -0.155202584836
-0.335240968591   -0.238015630666   0.911571248337
0.844969427761   -0.503907970959   0.179174558353
0.416701628729   0.830316455197   0.370046454494
0.635776304308   0.496084289494   -0.591345115332
0.186479108277   -0.842141289796   -0.505988620965
-0.749008818296   0.211422137173   -0.627922973282
-0.328313247363   0.09868538777   0.939399584642
0.81167829434   0.538129949134   0.227144216798
-0.483103231081   0.837064718507   -0.25677597306
0.755628892723   -0.289686644354   -0.587457754237
0.494697963915   -0.335431919911   0.801722700485
-0.429300465209   -0.896418993584   -0.110154645991
-0.992381316159   -0.0581614586168   0.109227065445
-0.0885003159397   -0.283431038133   -0.954945469089
0.0864927810442   -0.957272374817   0.276038555703
0.738961868869   0.610119157618   0.285814546348
0.254151516741   -0.645303306451   0.720409990854
0.623973034621   -0.459715305262   -0.63191723876
-0.508297236778   0.392507471712   0.76653236029
-0.850555471508   -0.0894161730654   -0.518227920966
-0.134867952491   -0.915392086939   0.379299334901
0.381552101333   0.869219825416   -0.314443774251
-0.451023384185   -0.121865070833   -0.88415315866
-0.806843168763   0.479171990161   0.345540595079
0.726009604724   0.664875794302   0.175643447957
0.579043973337   -0.7288212411   0.365417745571
0.370969701729   -0.163591656228   -0.914123605801
0.612265903386   -0.785394832313   0.0910247167105
-0.745901331127   -0.535589136993   0.395949226503
-0.262224609638   -0.310321676846   -0.913750018652
0.470468864   -0.842792538552   0.261457289755
-0.811249998955   -0.296528654134   0.503929075661
-0.347178076208   -0.449190172491   -0.82322294542
0.646397841556   -0.697858190138   -0.30848628116
0.0201339219021   -0.388565231009   0.921201238005
-0.762734858516   -0.601673534544   -0.237117110597
-0.167711020807   -0.573366711206   -0.801949908005
0.35160641902   0.725184827625   -0.59201342741
0.921002696289   -0.38125790039   0.0799779223643
0.893055378675   0.443257079012   0.0772997437762
0.315137133486   -0.49356269125   -0.810607443246
-0.321155220385   0.748277356234   -0.580465581211
-0.235235416489   0.795950493069   0.557787655133
0.631867310257   0.561304245124   -0.534491563351
-0.738517405254   0.226716434448   -0.634973734351
0.114424409805   -0.0604427107031   0.991591523467
0.87983373698   -0.457326006302   -0.129404582488
0.461302141724   0.887242711675   0.000850265344478
0.0439979370624   -0.696332744609   -0.716369262207
0.969529815663   0.202733910934   -0.137516989904
0.240989932549   -0.688490882116   0.684035209187
0.153236448087   -0.502021267889   -0.851171666539
0.985408470155   0.0130522176264   0.16970488996
-0.0740858034852   -0.864756757312   0.496696109905
-0.382768247246   0.335318627985   0.860842504227
0.532996955546   0.841242835165   -0.0906902953909
-0.754587731636   0.424113076933   -0.500724852352
-0.11096783915   -0.99382262212   0.00080146268499
-0.962274181663   0.107648581436   0.249876973343
-0.248419898324   0.0269573415932   -0.968275347892
0.467208852533   0.153611807891   -0.870700476327
-0.232485429577   0.97148082859   0.0466425313118
0.853033664069   0.18063336671   0.489596949427
-0.804326659974   -0.355267419466   -0.476290767841
-0.41023780311   -0.247857384339   0.877654847903
-0.429852044039   0.901309129996   0.0536088015431
-0.708918586774   -0.136925700428   -0.691878028469
-0.318059149505   -0.813504381495   0.486887041701
-0.629509516315   0.56521851219   0.533149486317
0.0526610241663   -0.320319224449   -0.945844722185
0.669532190709   -0.691412930393   0.271430464956
-0.740913820657   -0.647567329434   0.178053684443
-0.899040622781   0.420234444478   0.123003750586
-0.437848595044   -0.860276064403   -0.261179313473
-0.00393939110188   -0.288667694143   0.957421257812
0.482638341041   -0.870652892432   0.0949934458997
-0.545575597129   -0.214029343846   0.810270736114
-0.68513318536   -0.442893823489   -0.578305736481
-0.595472186644   -0.185601076764   -0.781642470998
-0.436362436694   -0.742191796888   0.50866391924
-0.674537275475   0.643974688321   0.36096537175
-0.340927955684   -0.893250874563   -0.293037539329
0.938325711206   -0.342419086454   -0.0478959731754
-0.0575585271972   -0.291293734312   0.954900505886
0.647980945477   0.354087994791   -0.67434589188
-0.544903768801   -0.403088436154   -0.735254770844
-0.532165925907   0.84388470021   -0.0682497388782
0.763207728776   -0.576296569039   0.292226461516
-0.506854118039   -0.814454228803   -0.282424868819
0.400765446768   0.0674326924716   -0.913696073913
-0.697081535933   -0.364877191247   -0.617204620284
-0.619441714944   -0.127018329338   0.774698666609
-0.361066295547   0.922350636996   -0.137477810157
-0.896209617851   0.194453634517   0.398754327141
0.0968382807539   -0.791407604177   0.60357664599
0.432942925536   0.579543099542   0.690428615708
0.57039195572   0.149674516267   0.807620291724
-0.374266613179   -0.827888818319   0.417761319242
0.731148068919   -0.540553010144   -0.416202927917
-0.442135627355   -0.464292640759   0.767429832119
0.412913207934   -0.864906548069   -0.285376061418
0.796253029007   0.19070699372   0.574118446609
0.79685306307   0.136455491105   0.58856188602
0.17603534452   0.879455773169   -0.442231952529
-0.577959126763   0.456001580376   0.676776037297
-0.623157472334   0.526658902742   -0.578190735961
-0.0332695591674   -0.756464728813   -0.653187232297
-0.781388036395   -0.387802558225   0.488918921322
-0.594846114041   -0.36999423006   0.71362632082
-0.515500582246   0.856766366355   0.014510587368
-0.616779868145   -0.359243200582   -0.700376386528
0.570835313302   0.49972746014   -0.651474808551
0.0561213256356   -0.815343036434   -0.576251483598
-0.81914428363   0.292383038363   -0.493471891241
0.924806454527   0.365168101313   0.106702787477
0.349379665377   -0.926214890578   0.141651289244
0.150555891592   -0.0937203078676   -0.984151841699
0.68954472277   0.724060409044   -0.0162661030524
0.300609313225   -0.265701538765   0.915989453594
0.658909783549   -0.636505429943   -0.400872392444
0.219494594758   -0.162346913322   -0.962011211961
0.790804238216   0.607081096983   0.0779819406361
0.571358686835   -0.777879171839   0.261635655031
-0.3040497793   0.277058604676   -0.911478043815
-0.281964507382   0.887735083335   0.363898935439
0.909972368459   0.367647858979   -0.191794960003
-0.167053745912   0.0832273360713   -0.982433482392
-0.00972304340466   -0.996529395889   -0.0827678667215
-0.985904558881   -0.00427409231858   0.167273913616
0.55298110274   -0.831610456514   -0.0513414156073
0.308391168309   0.147042988458   0.939826171275
-0.774019883239   -0.535539348248   0.337773319643
0.183110013773   0.886706006492   -0.42452701747
0.367069017852   0.338930653764   0.866248436805
0.911992909316   -0.314449481133   -0.263420707252
-0.462150127519   -0.627795715282   0.626330256743
0.181329857161   -0.758256030522   -0.62623240395
0.868064821047   -0.175841066675   0.464266420447
0.183980022848   0.463499042626   -0.866787160581
0.807029667731   0.432180311556   0.402396929516
0.561118935401   -0.773555952059   -0.29454493439
0.255768664966   0.530403243811   -0.808241772108
0.36077650121   0.723281141663   0.588816351952
0.896896136351   -0.442195408283   -0.00636437427142
0.281812094283   0.24636527704   -0.927300410889
0.770111350286   -0.634542284546   0.0654561094456
-0.572285252236   -0.732570914227   -0.368550357677
0.949658400183   0.29740329393   -0.0984896466352
0.238178584062   -0.889603672836   -0.389713383896
-0.203518775127   0.346636466997   -0.91565469782
0.748380272054   0.571387178609   0.336813989116
-0.0241300376415   -0.484017463906   0.874725586738
0.662830832435   -0.662754707967   -0.3484415293
0.610646215505   0.026891216148   0.791446955778
0.339110610519   -0.912032587308   -0.230654813239
0.715622397044   0.409236498288   -0.566048554056
-0.73803665987   0.530297310255   -0.41723686712
-0.208524822094   0.408831665441   0.888467248428
0.641731438468   0.742725666511   -0.191152588772
-0.761687987481   -0.442772618706   -0.473058427297
0.398441203658   -0.895807252129   0.196912333027
-0.510956431352   -0.0385002311016   0.858744021331
0.0378974120279   -0.981668578202   -0.186790156933
0.923131598418   -0.0371785321641   0.382682349623
-0.382611829611   -0.186934564172   0.904800339294
-0.630584419758   0.562483373142   0.534766999433
-0.630652544045   0.0302567446867   -0.775475272079
-0.452372255376   -0.826254793545   0.335652138946
0.99176293674   -0.127847341797   0.00783163622068
-0.00891706345146   -0.129909381634   -0.991485774704
0.127776223571   0.983249008469   -0.129979332709
-0.469450346985   -0.88217271914   0.0372962030397
-0.856910780568   0.445006677103   -0.260142717565
0.212893464677   -0.154083136523   -0.964851920084
0.101192898463   -0.984752520482   -0.141500712064
-0.0499142180485   0.137026283807   -0.989309026522
0.99361388323   0.107173935848   -0.0352870574515
0.35581090749   -0.298834643902   0.885492216909
-0.849370292963   0.291826098661   0.439781363071
-0.389831650889   -0.908589785039   -0.149986362006
0.397351076359   0.248197360108   -0.883464874138
0.442474065492   0.791605293799   0.421399759353
0.803945778499   -0.558353943526   0.204724320685
-0.437638886764   0.2000615448   0.876611402168
-0.890184923982   -0.233739930489   -0.391070860549
0.126660859122   -0.951494085713   0.280385476201
-0.770691693358   0.628301138486   0.106170631587
-0.620987837706   -0.777929306914   0.095918244185
0.142858773112   0.00799271694023   0.989710810611
-0.594868354516   -0.750711182599   -0.287340100731
0.76673205709   -0.637261207344   0.0775891608554
-0.241357754792   -0.174157530908   0.954680882727
0.0381105380703   -0.729653567341   0.682754159197
0.854131489727   -0.330845735509   -0.401248644248
0.518658817038   0.598453630552   0.610611395936
0.991051751582   0.12657646416   0.0423653659881
-0.070253532843   0.224773552966   0.971875134028
0.113493905729   -0.966154870473   0.23165466731
-0.760418528057   0.119013075485   -0.638435226702
0.0242171536678   0.987577738143   0.155253793876
0.648981648661   0.102596778254   -0.753854567857
0.732244477589   -0.564321238032   -0.381260632617
-0.408343065014   -0.811827599922   0.417363866792
-0.545045017344   -0.149927303567   -0.824892990553
0.080724686619   0.918047583948   -0.388165099148
0.883582628619   0.11431030897   0.454108883212
0.461264836069   -0.379633735349   -0.801943233529
-0.39636647485   0.849861812183   -0.347314987118
0.91292769868   0.404914562524   -0.0510574738246
0.0972410256315   -0.337311056511   -0.936356930027
-0.963828645858   0.255438333957   -0.07597759965
0.175993031471   0.396009290729   -0.90122089149
-0.200119441777   -0.881999943271   -0.426636687057
0.596462624646   0.729887919628   -0.333910116138
-0.800279123581   0.508911840456   -0.317115227067
-0.0615277599113   0.456368675149   0.887660953333
-0.644033853166   0.183903076166   -0.742563311624
-0.364047325736   0.780040244822   0.508927097082
0.6728225307   0.598094393968   -0.435422929737
-0.79906977525   0.466216479814   -0.379707964546
0.43092170862   0.00359725255699   -0.902397016053
-0.419335695393   -0.884678522115   -0.203798690261
-0.972909348649   -0.137236680818   0.186050316384
0.19993709402   -0.0954052106386   0.975153160146
-0.116076635131   0.985933375409   0.120258643668
-0.577179162125   0.51961419692   0.629972480324
0.689653195047   0.723279765744   0.0352825081032
-0.437313057395   0.454826858459   -0.775815600885
0.928677310677   0.370763963293   -0.00961956266162
-0.362022215296   0.900533987294   -0.240787153152
-0.080612456201   0.227096061203   0.970530273006
0.998053726455   -0.0578005315917   -0.0234063594666
0.000875479279099   0.388293383505   -0.921535394724
0.062353770149   0.919721342985   0.387588261531
-0.854113006227   -0.395326718035   0.337936297209
-0.511972054186   0.524819780497   -0.680034606825
0.0914809854336   -0.753842978845   -0.65065038466
-0.340261291273   -0.791986861411   0.506930306034
-0.44036109108   -0.342120750302   -0.830081183273
0.83084513195   -0.505677241642   -0.232349355336
0.441383931188   0.289121685824   -0.849463882953
0.343726275763   0.819983547068   0.457689014367
0.828874227494   -0.493999632903   0.26254884119
0.160848701941   -0.407979121591   0.898710642952
-0.956878265526   -0.287625704283   0.0406887543399
0.241892059344   -0.866501371096   -0.436650611738
0.0466950585086   -0.599250734878   -0.799198430404
0.998054503369   0.0610782512583   0.0125163247377
0.0413132268935   -0.798228041871   0.600936944836
-0.996660030605   0.026045659096   -0.0773936854254
0.0772486082325   -0.0065322819886   -0.996990304369
-0.02647284321   -0.999639253992   0.00449878742234
-0.578918010071   -0.132943691226   0.804475009226
0.329319013743   0.864448214203   0.379839812457
-0.74592429421   0.484824989974   -0.45666376514
-0.823507556744   0.558863126852   0.0975036355985
0.000666923360087   -0.170917693256   0.985284970096
0.567304599596   0.811454818538   0.140379498257
-0.931688654452   -0.0115563222707   0.363074908395
0.267090191549   0.655647464154   0.706250206874
-0.246210818748   0.754978792117   -0.607772842095
-0.576536236353   0.163425193191   -0.800559616456
0.532925576926   -0.667481064774   -0.520054554787
-0.619349515805   -0.726469969598   0.297735550623
0.30029184546   -0.100791206088   0.948507217109
0.73178348181   -0.613483306875   -0.296868942933
0.611815122306   0.783249236389   -0.110466695154
-0.244471397365   -0.817847463521   -0.520921627815
-0.231252688202   0.570897091616   -0.787780891227
0.941677232449   -0.0721253408666   -0.328697445309
0.950978573867   -0.129238588332   0.280957540562
-0.216126633405   0.372072361049   0.902691220682
-0.221199074695   -0.919162417013   0.325900942276
0.999583702192   -0.0150679530115   0.0246044531784
0.0158810342191   0.999322808809   -0.0331921160272
-0.0240876540223   0.0335690423795   0.999146087588
0.889020251017   -0.407498226704   -0.208777903024
-0.254646049084   -0.818995575645   0.514200383761
-0.380523858968   -0.40397009816   -0.831871476411
0.858869424641   -0.512038587317   0.0126409955169
0.511806072011   0.858917620336   0.0177500530298
-0.0199462859114   -0.00877523951574   0.99976254223
