-0.150856612436   -0.85439075564   0.497251170514
0.705504640593   0.259296360542   0.659566982409
-0.692463350656   0.450313045403   0.563660067727
0.781357323911   0.222849655212   -0.582939757816
0.254175025286   0.739458922692   0.623374330105
0.569978759773   -0.635246826111   0.52113882823
0.952711237602   -0.174495803792   0.248782057007
0.0722165232111   0.925251072353   0.3724180801
-0.295171257417   -0.336840714684   0.894098574553
-0.619361924881   0.731499541751   -0.285132094826
0.357592333308   -0.0604797910648   -0.931917715584
-0.698941781725   -0.679154861485   -0.224120235851
0.582640498038   -0.695745700673   0.420080895325
0.541135972663   0.71774258445   0.4381979391
-0.606384282211   -0.0279909759738   0.794678930092
0.224881917104   -0.948635656334   -0.222527490716
-0.813031095959   -0.056812366195   -0.5794417573
0.537036804695   0.311227737567   -0.784046360209
0.947532429214   -0.200908362801   0.248632526486
-0.11568216228   -0.940602230335   -0.319194882684
0.297993189184   0.273685157723   -0.914492635964
-0.995978134192   0.0704727473106   0.0554042214092
-0.0847441402827   -0.538648534489   -0.838261727462
-0.0292312598292   -0.839581970344   0.542447778476
-0.988096931845   0.0703412933133   -0.136801903548
0.0622265307091   0.99608933917   0.0627206802976
0.140678773222   0.0534614563596   -0.988609912992
-0.884876948291   -0.22708693131   -0.406724493902
-0.464579164825   0.366393209933   0.806177638024
-0.034051254343   0.902323506326   -0.429712907336
0.887445201095   0.0359724451343   -0.459507343852
-0.456811995383   0.201344475013   -0.866477471718
0.0613499530319   0.978859740367   0.195114832176
0.203078065108   0.679306316631   0.705196597915
-0.367380332691   0.720449894535   -0.588203744927
-0.907629332204   -0.139624075928   0.395871347028
-0.456312491064   0.793594480515   0.402476681311
0.855161012174   0.266105954187   0.444845648998
0.245925439436   0.547170730823   -0.800078632924
-0.839234150959   0.528809267718   0.126675502003
-0.502393644613   -0.843175252304   0.191457577744
0.208054200352   0.0970367796215   0.973291997008
0.00368108443393   0.58134858543   -0.813646312992
0.503613042179   0.701858296103   0.503754752972
0.86392152663   -0.411617261073   -0.290191130136
0.737022764038   -0.675026761278   0.0337093763391
0.663697732703   0.713428297588   -0.224778534291
0.127682301436   0.18803973365   0.973826621626
-0.206619547089   -0.922064874195   0.327268107209
-0.965323779606   0.246658308667   0.0854955066876
-0.159555779424   -0.298254671232   -0.941055574942
0.103770536633   0.920255680102   0.37730609509
0.868842680472   -0.268510838806   0.415947748035
0.484089663949   0.28465701422   -0.827420686735
0.927559995997   -0.000197206834543   -0.37367418515
-0.0466713276325   -0.992230282962   -0.115327142401
-0.370748193138   0.124412715213   -0.92036230298
0.814880059247   0.13367731969   0.564004309171
-0.567402644948   -0.0148377997468   0.823306786451
0.11842603206   -0.990913820829   0.0637578393904
0.20650253235   -0.673828360908   -0.709444881612
0.977342012055   0.107617000403   0.182266749732
-0.0464681770743   -0.731008834846   0.680783952688
-0.493693541831   0.374696240453   -0.78477347928
-0.841984316083   0.0198010590991   0.539138506592
0.217552517477   0.926936160267   0.305712702975
-0.280113608643   0.872556498195   0.400226749016
-0.169817918991   -0.455382028592   0.873950227035
0.944827056957   0.176839708222   0.275734489478
0.152518267828   0.748394176295   -0.645482630641
0.631346687605   -0.57626869152   -0.518962666663
-0.760357172401   -0.328370288285   -0.560389465368
-0.195301527035   0.432899285608   -0.880031514974
-0.914570491261   -0.404406331836   0.00403373327002
-0.354144144865   0.805638667772   0.474898133933
0.945517218276   0.18421436612   0.26844414154
-0.00489031711193   0.832473455459   -0.554043346996
-0.325535366144   0.522544747239   0.788018852573
-0.0814365979876   -0.844373056423   -0.529530154603
-0.0232066658702   0.532757227727   -0.845949863041
0.996408296687   -0.0566026651801   -0.0629810111574
0.924924790258   -0.102088593427   0.366185818069
-0.102103800062   0.861157452209   0.497978573862
-0.366181578286   -0.497981691536   0.786082242531
-0.958302715085   -0.263336382372   -0.11095438024
0.2540668626   -0.96289953732   0.0909699470295
-0.130793555285   0.058986876954   0.989653272426
0.204188518345   -0.146455662919   0.967914354848
0.259031397628   -0.945420418184   -0.197696665462
0.944039297151   0.291087573234   -0.155107788474
-0.335310187092   -0.237888816338   0.91157887893
0.845073100585   -0.503649186505   0.179412994409
0.416435584596   0.830509770537   0.369912090451
0.635688532428   0.496296766433   -0.591261025005
0.18647156957   -0.841977960213   -0.506262204123
-0.749085064464   0.211571702289   -0.62778096319
-0.328427197126   0.0989219796732   0.939334924683
0.811611103721   0.538255888897   0.227085981727
-0.483138774172   0.836955834389   -0.257064066606
0.755374719473   -0.290249422191   -0.587506851553
0.494579747321   -0.335634269393   0.801710970886
-0.429883590339   -0.896161190979   -0.109978150935
-0.992414460878   -0.0571729475071   0.109463905271
-0.0890024573912   -0.283433444787   -0.954899289002
0.0856134046875   -0.957332410207   0.276106824058
0.738739800975   0.610188922235   0.286239295168
0.254369041273   -0.645699203902   0.719978197082
0.624147294922   -0.459066109196   -0.632216845425
-0.508554380678   0.392459066242   0.766386524866
-0.850369928747   -0.0893048759585   -0.518551454165
-0.135068162252   -0.915423676588   0.379151785693
0.381450031154   0.869110687944   -0.31486902856
-0.450835690525   -0.122453574391   -0.884167595715
-0.806996327869   0.479219959169   0.34511618042
0.726122497197   0.664725453064   0.175745052522
0.578784317181   -0.728914653916   0.365640502574
0.371153560703   -0.163781363366   -0.914014017663
0.612102603165   -0.785578091448   0.0905394895887
-0.745984335249   -0.535644813852   0.39571674546
-0.262369412282   -0.309760283625   -0.913898534442
0.470546138395   -0.842828243174   0.261202828049
-0.811181097425   -0.296701129544   0.503938238568
-0.347234203459   -0.449008990579   -0.823297910092
0.646352818673   -0.697880010375   -0.308531245564
0.0199756480072   -0.38873092873   0.921134765662
-0.762777170514   -0.601541165792   -0.23731672932
-0.167859292596   -0.573608128401   -0.801746195242
0.351591857103   0.724967232497   -0.592288506688
0.920981222703   -0.381308568181   0.0799834628496
0.893112437885   0.443130137572   0.0773682861835
0.315104546199   -0.493550035506   -0.810627811514
-0.321028496393   0.748360878862   -0.580427996077
-0.235310429147   0.795856828789   0.557889695372
0.631981785397   0.56138088614   -0.534275700724
-0.738395576273   0.226855481589   -0.635065796845
0.114341023936   -0.0601847461844   0.99161680929
0.879824776999   -0.457397713955   -0.129211622952
0.461339855115   0.887223240258   0.000652730769374
0.0433952715768   -0.696686289164   -0.716062188199
0.969548204091   0.202282170761   -0.138051429039
0.241025149771   -0.688266032582   0.684249035869
0.153286620541   -0.501815928755   -0.851283736223
0.985465930166   0.0138030685764   0.169311523604
-0.0732128840628   -0.864864304495   0.496638315788
-0.382374383506   0.334999809658   0.861141701389
0.533179650699   0.841150350424   -0.0904740641163
-0.7546584409   0.424548258419   -0.500249429237
-0.110832960972   -0.993838796862   0.000523533409307
-0.96219814802   0.107436428335   0.250263772442
-0.248778118374   0.0272337603413   -0.968177343648
0.467116227413   0.152843728458   -0.870885301535
-0.232530594076   0.971510969858   0.0457816272227
0.853072058256   0.181122139022   0.489349382886
-0.804069251426   -0.355081159409   -0.47683156564
-0.410949934062   -0.247617553826   0.87737717924
-0.429617415211   0.901436594103   0.0531937220709
-0.709048853436   -0.136820333648   -0.691766452266
-0.317875924159   -0.813662148779   0.486744673025
-0.629456531478   0.565018297206   0.533424573701
0.0525379208508   -0.320128478629   -0.945916145902
0.669441244977   -0.691577989036   0.271234221543
-0.741004735093   -0.647485397969   0.177973299655
-0.899017825364   0.420266931604   0.123053840115
-0.437893474747   -0.860203952256   -0.26133898548
-0.00398072112761   -0.288832939185   0.957371233083
0.482591398077   -0.870693217933   0.0948622495617
-0.545653711974   -0.214165044767   0.810182276914
-0.685104045204   -0.442748930504   -0.578451192308
-0.595480300413   -0.185449434644   -0.781672702625
-0.436525089866   -0.742130795847   0.508614066156
-0.674425350025   0.644089224848   0.360970519498
-0.340960351912   -0.893300770036   -0.292847572891
0.938332142123   -0.342367523965   -0.0481372806367
-0.0572604379336   -0.291201203608   0.954946647125
0.648004219556   0.354099647875   -0.674317410706
-0.544854952221   -0.403112909444   -0.735277540494
-0.532187572239   0.843868129443   -0.068285919131
0.763163411439   -0.576167317438   0.292597279456
-0.506552191782   -0.814536760274   -0.282731912257
0.40123163214   0.0675550110922   -0.913483568643
-0.697125477598   -0.365386199261   -0.616855226308
-0.61934248736   -0.126496263726   0.774864176608
-0.361154161244   0.922221521235   -0.138116112696
-0.897079317576   0.18314513154   0.402166469393
0.104650061202   -0.796157792528   0.595995619752
0.429334802924   0.576732411839   0.695022579224
0.570541728513   0.149775024056   0.807495939515
-0.373987082839   -0.827986485976   0.417818772609
0.731174337648   -0.540376079267   -0.416387028331
-0.44212976581   -0.46420530019   0.767485831898
0.413238520048   -0.864860250525   -0.2850445659
0.796087299508   0.191128015415   0.574208178348
0.796527479646   0.136453643608   0.589002865766
0.176254764366   0.87947694781   -0.442102426434
-0.578340929533   0.455961292838   0.676476951846
-0.623231560701   0.526597625963   -0.578167716912
-0.0334127662558   -0.756564666825   -0.653065145051
-0.781323592118   -0.387692451513   0.489109578253
-0.594948898778   -0.369705964133   0.713689860153
-0.515540171668   0.856750249208   0.0140475501732
-0.616647425842   -0.35957822842   -0.700320892424
0.570931771168   0.500146402718   -0.651068718466
0.0565130847708   -0.815081791882   -0.576582944189
-0.819050164255   0.292395615782   -0.493620896336
0.924702023596   0.36548144811   0.10653386579
0.349737596449   -0.926104790471   0.141467912971
0.150365445177   -0.0935567627556   -0.984193575409
0.689511237489   0.724084675926   -0.0166022673952
0.300641388315   -0.265281496892   0.916100694407
0.658930200268   -0.636653052102   -0.400604395381
0.219731616265   -0.162443421761   -0.961940824541
0.790685154518   0.607224868659   0.0780701254657
0.571432412116   -0.777746805067   0.261868104314
-0.303744887892   0.276865069581   -0.911638514047
-0.282720382498   0.887555888374   0.363749543882
0.909839673991   0.368225852705   -0.191315165782
-0.167086733807   0.0834519937458   -0.98241163948
-0.00881586784396   -0.996510803291   -0.0831497927367
-0.985910312919   -0.00523185415041   0.167224617122
0.55291943647   -0.83161192577   -0.0519778091596
0.308911150288   0.146653248441   0.939716291592
-0.773856568723   -0.535643923118   0.337981634526
0.183191196443   0.886871567467   -0.424145938552
0.36656885455   0.338707847628   0.866547311802
0.912177739942   -0.31422251914   -0.263051194664
-0.462149277214   -0.627628539055   0.626498535614
0.180881838948   -0.758332664129   -0.626269330115
0.868158832531   -0.176107724041   0.463989540455
0.184200606192   0.463793681653   -0.866582696914
0.806814925464   0.432198174925   0.402808171126
0.561355347157   -0.773369360355   -0.29458449959
0.254960096891   0.531296739859   -0.807910335745
0.356716821475   0.724909867865   0.589286677344
0.898748266016   -0.43843979408   -0.00469939402377
0.281774602166   0.246378330014   -0.927308347892
0.770130125306   -0.634522597247   0.0654264331721
-0.572278466892   -0.732583610628   -0.368535712865
0.949670352475   0.297431997101   -0.0982874436304
0.238357550542   -0.889713980084   -0.389351310613
-0.20325327199   0.346327839015   -0.915830149629
0.748213294838   0.571689515706   0.336671864847
-0.0237667659706   -0.484028650113   0.874729271141
0.66303241835   -0.662485663685   -0.348569445959
0.61065625154   0.0265983356672   0.791449000536
0.339323602109   -0.911823128489   -0.231167294921
0.715512742697   0.409721068202   -0.565835983479
-0.73809450254   0.530398025949   -0.417006623946
-0.208460107605   0.408549605075   0.888612194753
0.641686039962   0.742808981633   -0.190981415806
-0.761744963391   -0.442401911916   -0.473313206676
0.398245189486   -0.895977853262   0.1965316915
-0.511024081948   -0.0387876919424   0.858690818208
0.0379384593765   -0.981612842618   -0.187074548933
0.923002499999   -0.0373147027597   0.382980395368
-0.382919109795   -0.187199961134   0.904615458939
-0.630471661404   0.562614481778   0.534762145181
-0.630782682566   0.0301277733716   -0.775374488701
-0.452348111967   -0.826170282234   0.335892691785
0.991792553356   -0.127633431048   0.00756558614052
-0.0091099944495   -0.129564185481   -0.991529167199
0.127532501018   0.983322321868   -0.129663534045
-0.469269189485   -0.882262329672   0.0374838284523
-0.85709265909   0.444838739561   -0.259832100526
0.21256535345   -0.154057548896   -0.964929790826
0.101131290566   -0.984806376083   -0.141169597677
-0.0495616370276   0.1367338273   -0.989367220274
0.993637810179   0.107052576073   -0.034980544343
0.3561041315   -0.299117801546   0.885278700001
-0.849282381891   0.291550664792   0.440133653393
-0.389755399817   -0.908585019598   -0.15021308086
0.397936548507   0.247881657855   -0.883289977985
0.442546106355   0.791511774686   0.421499767072
0.803616478962   -0.558626703256   0.205272401225
-0.437801194242   0.19970259837   0.876612227618
-0.890068761789   -0.233908206029   -0.39123466098
0.126916211307   -0.951528156635   0.280154328875
-0.770682571381   0.628344815953   0.10597626326
-0.62095918061   -0.777888251086   0.0964332202715
0.143031018053   0.00851247443681   0.989681597535
-0.595080957713   -0.750617430728   -0.287144585042
0.766488148648   -0.637503675762   0.0780055421812
-0.241608066945   -0.173673312046   0.954705776373
0.0381880210456   -0.729359261041   0.683064246619
0.854022868628   -0.331091507304   -0.401277190459
0.518831992591   0.59867646693   0.610245737529
0.991078370479   0.126276850146   0.0426359116722
-0.0704624956433   0.224893986005   0.971832164463
0.113131342052   -0.966166070763   0.231785346937
-0.760323751596   0.11919863073   -0.63851347856
0.0239013593447   0.987486107825   0.155884289633
0.649104383664   0.103261189054   -0.753658151365
0.73205763575   -0.564505943139   -0.381345866461
-0.407991566738   -0.811584400244   0.418179055327
-0.545558897992   -0.150545278913   -0.82444022703
0.0805007116199   0.917874586099   -0.388620549685
0.883523356431   0.114776941158   0.454106576141
0.461417561525   -0.379911237065   -0.801724009736
-0.395964062021   0.849886266679   -0.347715288304
0.913057832211   0.404672519656   -0.050651759958
0.0976625979918   -0.337540426409   -0.936231089444
-0.963909108028   0.255216702419   -0.0758075433346
0.175827756124   0.39642144919   -0.901074687733
-0.199917355415   -0.881881753697   -0.426989330774
0.596504715639   0.729815961126   -0.333992177829
-0.800229965445   0.508775665188   -0.31745757196
-0.0617585165645   0.456635489726   0.88750769672
-0.643987464322   0.184218639884   -0.742525161357
-0.364077275243   0.779825455893   0.509234712954
0.672850548176   0.598277316924   -0.43512799446
-0.799201668291   0.466100610981   -0.379645374197
0.430817969332   0.00357964350552   -0.902463568108
-0.419256803173   -0.884756935494   -0.203711250375
-0.972886149454   -0.137093797751   0.186270018085
0.200142785482   -0.0954296066974   0.975107854323
-0.115905541018   0.985950177626   0.12028120443
-0.577354681667   0.519488761348   0.629915266858
0.689430067462   0.723494545984   0.035240132865
-0.437433421982   0.454628542569   -0.775864141124
0.928612516293   0.370922000234   -0.00978090237005
-0.362245409663   0.900551706403   -0.240384878215
-0.0803558304451   0.226767493788   0.970628376354
0.998059756435   -0.0575858054328   -0.0236769432113
0.000553203328088   0.388457513694   -0.921466476367
0.0622608753011   0.919665508821   0.387735668149
-0.847473623804   -0.41383932539   0.332461733135
-0.520270750007   0.523153259153   -0.675003993279
0.105414125833   -0.745016145474   -0.658668045524
-0.340224337464   -0.791760200584   0.507309394701
-0.439976209724   -0.34276333447   -0.830020401988
0.83106436096   -0.50559738687   -0.231739027142
0.441371580952   0.288652785103   -0.849629750432
0.344291634838   0.81990292089   0.457408434048
0.828646132766   -0.494407498942   0.26250110912
0.161112877251   -0.407884171052   0.898706339641
-0.956765582604   -0.287981520281   0.0408187888327
0.242161520167   -0.866427756125   -0.436647043657
0.0468478318064   -0.599234393414   -0.799201737929
0.998051056091   0.0610979965468   0.0126932984357
0.0412233622481   -0.798238793933   0.60092883138
-0.996697713282   0.026330186567   -0.0770089061754
0.0768625350209   -0.00653571584807   -0.99702785772
-0.0267544587897   -0.999639494835   0.00447525447579
-0.579256281436   -0.13292722042   0.804234160729
0.329073671146   0.864511609419   0.379908149704
-0.745769904307   0.484716450437   -0.457030937488
-0.823350399449   0.559101986441   0.097463889464
0.00053043125492   -0.170974279735   0.98527538901
0.567533223375   0.811278523261   0.140475105358
-0.931762592985   -0.0115484607223   0.362885144959
0.26696461413   0.655606145768   0.7063360178
-0.246066840877   0.755014773561   -0.60778634283
-0.576541293796   0.163436041865   -0.800554946396
0.53302677134   -0.667353617607   -0.520116335485
-0.619259253476   -0.726585990522   0.297641595528
0.300277714024   -0.100707279095   0.948520571032
0.732034659437   -0.613193445505   -0.296848288774
0.611521452704   0.783486881257   -0.110407051698
-0.244372050389   -0.818023315957   -0.520691934985
-0.231462232164   0.570658561386   -0.787892136771
0.941651459772   -0.0720183216515   -0.328794496469
0.951040454789   -0.12956250626   0.280598663952
-0.215689116897   0.372021824602   0.902816684267
-0.221360019182   -0.919137268046   0.325862582706
0.999570207646   -0.0153888480617   0.0249516199702
0.0162323286878   0.999291291286   -0.0339621356808
-0.0244112983918   0.0343525619126   0.99911160037
0.888940092944   -0.407413987495   -0.209282928215
-0.254042265989   -0.818771109651   0.514855547533
-0.381114193307   -0.404509024038   -0.831338834498
0.858715460397   -0.512291607552   0.0128479497335
0.512052181072   0.858765647172   0.0180036107689
-0.0202564764941   -0.00888115832065   0.999755370174
