-0.152390865737   -0.853934265176   0.497567380782
0.704901360473   0.258969661524   0.660339903945
-0.692741726521   0.451365691537   0.562474812071
0.782116224795   0.22311508904   -0.581819451021
0.254233720403   0.738200690418   0.624839949781
0.56891074164   -0.636615586108   0.520635357962
0.952951902099   -0.172627496241   0.249163440498
0.0696087305562   0.924651391129   0.374398757902
-0.295020841924   -0.339440057787   0.893164682785
-0.621383485337   0.730769166612   -0.282593832707
0.352650383377   -0.0612245595512   -0.933750205865
-0.699657456374   -0.679873638978   -0.219662225141
0.580661473625   -0.697627853746   0.419699450787
0.54225151599   0.715921160985   0.439795615581
-0.607285389845   -0.0277897059351   0.793997598657
0.224633764847   -0.94870409734   -0.222486357405
-0.812221798966   -0.0561480369627   -0.580640257721
0.538363625095   0.311139671678   -0.783170892681
0.947501432831   -0.201073687201   0.24861701016
-0.115471739   -0.940232722411   -0.320357766474
0.298173310204   0.27483120886   -0.914090187978
-0.996116559665   0.069904094126   0.053633310705
-0.082977483485   -0.539585414007   -0.83783712334
-0.0296285610054   -0.839029037421   0.543281705572
-0.988316428579   0.0685639808624   -0.13610791349
0.0606186183839   0.996252817358   0.0616903476634
0.139827632074   0.0527190327862   -0.98876927668
-0.883911968824   -0.228710497298   -0.407910765261
-0.466321671881   0.365275555857   0.805678524199
-0.0352672982219   0.902366496745   -0.429524112427
0.886819392741   0.0356195629274   -0.460741375445
-0.457853914734   0.202827012749   -0.865581319909
0.0626191749588   0.978566541095   0.196179482886
0.204367224015   0.678475922735   0.705623452088
-0.366360270588   0.721462750939   -0.587598204374
-0.907752271274   -0.138426586747   0.396009963427
-0.458213010733   0.792267217167   0.402931225637
0.853867365845   0.266441820974   0.447123380535
0.246883449295   0.548927547568   -0.798578241418
-0.838896181318   0.530125573198   0.123371670532
-0.504678890188   -0.842486379135   0.188457993243
0.203845309603   0.0958335748058   0.97430129971
0.00512489525077   0.578976140722   -0.815328348746
0.502244160875   0.703551369251   0.502758649345
0.864710639845   -0.412070485596   -0.287181758794
0.729155556504   -0.682041713366   0.0561362115746
0.67352824532   0.70068022657   -0.235386748362
0.121210048169   0.209442879509   0.97027924037
-0.204932665883   -0.922476047796   0.327170316755
-0.965781742853   0.244867395427   0.0854722405539
-0.158959429086   -0.298459075881   -0.941091852309
0.093701124498   0.920469831487   0.379424546215
0.867512117883   -0.262488962792   0.422531482176
0.488518599722   0.289560731844   -0.823115692861
0.927032278968   0.00456638669922   -0.37495445547
-0.0454216013816   -0.99120299971   -0.124371527901
-0.372221135473   0.132327423224   -0.918670303343
0.814815257111   0.134407244181   0.5639244556
-0.567367591406   -0.0148542793301   0.823330661581
0.119038292723   -0.990814843848   0.064154819445
0.20538601473   -0.675143429337   -0.708518136494
0.977595320644   0.107437027383   0.181010195877
-0.0460867548515   -0.729820972417   0.682083107278
-0.491973288231   0.377800315135   -0.784365498917
-0.841888338811   0.0230574884509   0.53915897198
0.221779933674   0.925599964335   0.306721993245
-0.278025436169   0.873691580609   0.399205472441
-0.169393398448   -0.453671795084   0.874921669204
0.945519890757   0.175627653438   0.274129782402
0.168020016489   0.746708863524   -0.643583397105
0.633784347323   -0.581878953546   -0.509649614891
-0.755043784812   -0.322259525856   -0.571021950977
-0.191877429684   0.433214663143   -0.880629337898
-0.914921046619   -0.403631970883   0.000787420983111
-0.355109072796   0.805857429833   0.473805144837
0.945399505993   0.183184088644   0.269561429336
-0.00351634112386   0.832779315023   -0.553593938906
-0.325894783424   0.522419566552   0.787953290728
-0.0817794279946   -0.844665594154   -0.529010556463
-0.0225917452363   0.532223129924   -0.846302639243
0.996394373652   -0.0572588700024   -0.0626073752135
0.92542265085   -0.102053820026   0.364935522594
-0.101201831233   0.861509738574   0.497553173741
-0.365172708712   -0.497379120151   0.786932592534
-0.958028035435   -0.262672686983   -0.114815043735
0.252939140391   -0.963032579011   0.0926670770809
-0.134911919462   0.0597365501985   0.989055257625
0.203548690421   -0.144932118199   0.96827793464
0.260932195046   -0.945181885068   -0.196327500075
0.943653467744   0.292617119819   -0.154572627812
-0.335714375534   -0.237218362508   0.911604819985
0.845558720412   -0.502386626989   0.180660382428
0.415122090073   0.831465676942   0.369240433716
0.635241957632   0.497416431904   -0.590799980802
0.186486224532   -0.841130281031   -0.5076643434
-0.749460213823   0.212313661294   -0.627082613322
-0.329045729617   0.100091994204   0.938994389257
0.811251514056   0.538902367389   0.226837400726
-0.483321685115   0.836400512985   -0.258523297021
0.754071467816   -0.293043376691   -0.587794008346
0.494023917429   -0.336667824382   0.801620309293
-0.432800861688   -0.894863302768   -0.109101159182
-0.992543097923   -0.052136258322   0.110665683639
-0.0915546353042   -0.283451149372   -0.95464236324
0.0811346517919   -0.957604356458   0.276495705327
0.737562638954   0.610601532834   0.288386992258
0.255491334574   -0.647645603071   0.717829329547
0.625080368561   -0.455763684931   -0.633682566703
-0.509808938696   0.392230803118   0.765669602666
-0.849460160389   -0.0887497661992   -0.520135544932
-0.136060204591   -0.915575527346   0.378429801314
0.375657494953   0.877976125485   -0.29671426519
-0.448860013479   -0.107739435699   -0.887083353892
-0.810805846297   0.46642267476   0.353615261514
0.726655989593   0.664000503215   0.176278986459
0.577494017276   -0.729360906851   0.366786786197
0.372117735868   -0.164727709414   -0.913450769458
0.611295403383   -0.7864954202   0.0879930177975
-0.74637177871   -0.535967537299   0.394547236549
-0.263148218925   -0.306860404624   -0.914652476184
0.470980758825   -0.84301502828   0.259812952465
-0.810793949407   -0.297648198582   0.504002659382
-0.347548960262   -0.448030323922   -0.823698058573
0.646120618372   -0.69798116702   -0.308788622234
0.0191804697798   -0.389601634667   0.920783678432
-0.762994254444   -0.600860019783   -0.238342025457
-0.163871507262   -0.574804317009   -0.801714495569
0.343863237847   0.7284451784   -0.592558602298
0.924610301108   -0.372783611025   0.0782826628755
0.893372593432   0.442538672621   0.0777491216958
0.314984464581   -0.493434302031   -0.810744894527
-0.320421893388   0.748787032582   -0.58021348833
-0.235635683748   0.795312865665   0.558527702986
0.632555290153   0.561820132078   -0.533134052004
-0.737800484003   0.227674237047   -0.635464230301
0.113807005181   -0.0589010477849   0.991755335875
0.879794144552   -0.457756477188   -0.128145596837
0.461530327149   0.887124397899   -0.000275107507285
0.0403195361048   -0.698469827631   -0.714502793148
0.969629754564   0.199992161169   -0.14078806757
0.241231176659   -0.68712665557   0.685320713791
0.153520134092   -0.500862660432   -0.851802888815
0.985745129561   0.0175777781745   0.167324709634
-0.0688338983107   -0.865348261853   0.496421472856
-0.380468733566   0.333380039827   0.862613070743
0.534080978529   0.840698981167   -0.0893461443713
-0.754984151585   0.426711816318   -0.49791161484
-0.110125970676   -0.993916952043   -0.000790893584293
-0.961800121694   0.106367363001   0.252241781458
-0.250623340853   0.0285391458421   -0.967663242538
0.466595616144   0.148995551465   -0.871830747442
-0.232749071719   0.97165141373   0.0414897526275
0.853297366781   0.183558861412   0.488046866569
-0.802811202297   -0.354217085065   -0.479612547224
-0.414567532959   -0.246514119311   0.875994950361
-0.428522694176   0.902088492937   0.0510551999991
-0.709640516121   -0.136296022314   -0.691248865866
-0.317011225599   -0.814414479921   0.48602846073
-0.629210205817   0.564041821231   0.53474195923
0.0519410056211   -0.319146789265   -0.946280869875
0.668986700821   -0.692405232369   0.270244027624
-0.741457316313   -0.647086058607   0.177540708772
-0.898917639068   0.420438555727   0.123204859235
-0.438097955932   -0.859863062116   -0.262119465944
-0.00426585154555   -0.289599472161   0.957138427509
0.482387496429   -0.870879076114   0.0941911035064
-0.54604365646   -0.214880936705   0.809729935893
-0.68493697114   -0.442036060325   -0.579193875979
-0.595442256913   -0.184672846969   -0.781881401264
-0.437372937377   -0.741842567033   0.508299166208
-0.673904666626   0.644638711458   0.360958523547
-0.341153001226   -0.893529895673   -0.291922781591
0.938350971809   -0.342143524061   -0.0493479253238
-0.0557856484991   -0.290761224318   0.955167980176
0.648091924597   0.354202902988   -0.67417887568
-0.544644170329   -0.403182818644   -0.735395352879
-0.532296515698   0.843791384659   -0.0683849784057
0.762891484511   -0.575559016506   0.294497625943
-0.505068000595   -0.814918840175   -0.284283389456
0.403612868901   0.0681362551381   -0.912391218024
-0.697303980303   -0.367969449357   -0.615113329405
-0.618853088215   -0.123913716302   0.775670953484
-0.361644547695   0.921543844433   -0.141312891153
-0.897181819135   0.182297990387   0.402280997964
0.105291478996   -0.796293651141   0.595674423759
0.4289245424   0.576785711829   0.695227748407
0.571891552825   0.152712620376   0.805989448771
-0.372810475947   -0.826810138189   0.421186067513
0.730720524534   -0.541354052373   -0.415912951587
-0.442119191785   -0.463748885127   0.76776801722
0.41488771346   -0.864630146536   -0.283342674813
0.795235148835   0.193266287008   0.574673159815
0.794858254171   0.13641220268   0.591263111192
0.177402734125   0.87958790309   -0.441422009664
-0.580283228796   0.45575962047   0.674947807317
-0.623642489726   0.526295188838   -0.578000417853
-0.0341583341127   -0.757046334406   -0.652468548671
-0.780963710452   -0.387163238183   0.490102687246
-0.59546304374   -0.368279773184   0.713998474334
-0.515731471964   0.856669601901   0.0117578237923
-0.615990958955   -0.361230129222   -0.700048558743
0.571398691783   0.502284135837   -0.649010299179
0.0584600308721   -0.813730524793   -0.578295639909
-0.818587897751   0.29249627217   -0.494328266182
0.924159222357   0.367106160074   0.105654775344
0.351592888981   -0.925548931439   0.14051683943
0.149373038851   -0.0927125071435   -0.984426510943
0.689252369101   0.724289224322   -0.0183375925658
0.300847546036   -0.263086060242   0.916665905185
0.659106897107   -0.637330955796   -0.399233319337
0.220879673139   -0.162967324458   -0.961589223281
0.790090620316   0.607949022464   0.0784525614934
0.571812027558   -0.777071196143   0.263042532167
-0.302183338521   0.275832207575   -0.912470175647
-0.286578981504   0.886651765827   0.362934062006
0.909152196027   0.3711674006   -0.188883677439
-0.167264467364   0.0845563925292   -0.982282526857
-0.00426594480388   -0.996373449159   -0.0850427344002
-0.985905952817   -0.0100340142407   0.167012449259
0.555188466021   -0.829883689772   -0.0553065788511
0.324597184766   0.154970725286   0.933070587406
-0.765769171393   -0.535982383003   0.355415876599
0.183510074487   0.887694347231   -0.422282834618
0.364134389488   0.337633845203   0.867991663591
0.913088272245   -0.313052914961   -0.261280826294
-0.462175780651   -0.626796616287   0.627311222554
0.178627343803   -0.758699370384   -0.626472123358
0.868611328602   -0.177485354635   0.462615653311
0.185235236246   0.465232337367   -0.865590445004
0.805704558741   0.43239103973   0.404818700071
0.562608309784   -0.772396846299   -0.29474576079
0.253696923854   0.532031293406   -0.807824590376
0.355707611336   0.725313795759   0.589399687085
0.899505398103   -0.43687824246   -0.00523770166942
0.281548734484   0.24646605282   -0.927353759634
0.770218190839   -0.634436797212   0.0652253414981
-0.572271307336   -0.732628754199   -0.368457652096
0.949721815599   0.297614878738   -0.0972307642716
0.239293670976   -0.890234661069   -0.387581547663
-0.201908337118   0.344827929571   -0.916692627102
0.751966663366   0.564058084691   0.341151896523
-0.0294853181594   -0.488225169867   0.872219475158
0.658541384744   -0.66593894159   -0.350497621595
0.610679342675   0.0252242008834   0.791476323635
0.340465925136   -0.910760005559   -0.233667698021
0.71495033744   0.412166688328   -0.564770576993
-0.738389412857   0.53088378184   -0.415864676018
-0.208115987251   0.407181899952   0.889320311793
0.641458302956   0.743212816962   -0.190173383148
-0.762065564546   -0.440460120717   -0.474605454208
0.397161776742   -0.89687253609   0.194631727692
-0.511388285161   -0.0401729808187   0.858410218703
0.0381351855864   -0.981325798947   -0.188534791634
0.922359651607   -0.0380191443007   0.38445701994
-0.384445528553   -0.188558222875   0.903685471019
-0.629905239893   0.563261613345   0.534748425542
-0.631418600584   0.0295278117421   -0.774879822625
-0.452250013293   -0.825750896825   0.337054056127
0.99193312165   -0.126607372085   0.00626540720269
-0.0100570010341   -0.127871889482   -0.991739689296
0.126362726798   0.983676434571   -0.12811365289
-0.46828131267   -0.882744040448   0.0383933349605
-0.858022358377   0.443933498876   -0.258302350509
0.210970902359   -0.153900717365   -0.965299854394
0.100899125438   -0.985068129173   -0.13949951222
-0.0477364824927   0.135260151796   -0.989659480524
0.993750754094   0.106514975655   -0.0333760428862
0.357590257509   -0.300473348781   0.884219979562
-0.848839120551   0.290181082317   0.441890353494
-0.389360184156   -0.908576195903   -0.151287604841
0.40083554531   0.246305206869   -0.882419755119
0.442910829637   0.79104592106   0.421990938868
0.801973114353   -0.559982232366   0.207988079433
-0.438563188741   0.198002093241   0.876617051703
-0.889511621788   -0.234765249482   -0.391987644612
0.128184862477   -0.951672427833   0.279084590179
-0.770623540229   0.628580261793   0.105007112166
-0.620829771433   -0.777665337195   0.0990318091089
0.143909812113   0.0111246931801   0.989528275915
-0.596119555689   -0.750164084954   -0.286173730372
0.765282637553   -0.638691021824   0.0801021129485
-0.242866306781   -0.171253348828   0.954823674767
0.0385630006042   -0.727875292174   0.684624332094
0.853515088686   -0.332294443869   -0.401363210246
0.519639211797   0.599814964965   0.608438251882
0.99121034406   0.124773758579   0.0439722982311
-0.0714807034243   0.22542740241   0.971634188566
0.111321888592   -0.966237029161   0.232364889124
-0.759878173745   0.120022113183   -0.638889420009
0.0222165852127   0.987028598466   0.158999899226
0.649685633206   0.106626624066   -0.752687969411
0.731149317308   -0.565388224982   -0.381781327175
-0.406207047366   -0.810395271143   0.422204163292
-0.548102783607   -0.153612095496   -0.822184702886
0.0793750969129   0.917019846912   -0.390863263672
0.88321972179   0.117103915337   0.454102958395
0.462193047936   -0.381262605236   -0.800634879275
-0.393955841099   0.849993635535   -0.349728839751
0.91369753015   0.403476440671   -0.0486195629129
0.0997810863893   -0.338700248081   -0.93558899871
-0.964272691893   0.25406851175   -0.0749485340176
0.174956145908   0.398419412324   -0.900360611353
-0.198893032616   -0.881310430441   -0.428632887684
0.596756221627   0.729425490299   -0.33439568762
-0.79995119532   0.508116067898   -0.319211777133
-0.0629293802777   0.457991842347   0.886726208143
-0.643706871679   0.185798743971   -0.742374762617
-0.364225094907   0.778780069618   0.510726622713
0.673039034285   0.599149755609   -0.433633516931
-0.792973663661   0.467524073752   -0.391064981674
0.446504376562   0.00865297978698   -0.894837799429
-0.414902905678   -0.884037378192   -0.21575214722
-0.972783681356   -0.136407465457   0.18730545895
0.201105802536   -0.0955080710551   0.974901937856
-0.115094690455   0.986037694825   0.120341900935
-0.578280826441   0.518811757861   0.629623493365
0.688256676493   0.724620410568   0.0350431862241
-0.43805722315   0.453607360548   -0.776109748471
0.928311015806   0.371654666448   -0.010557788029
-0.363295876001   0.900660746569   -0.238382730364
-0.0790870688629   0.22512891543   0.971113900114
0.998089029988   -0.0565254738086   -0.0249631535987
-0.000992788793239   0.389263680453   -0.921125835154
0.0617843232324   0.919390374448   0.388463691374
-0.85387624753   -0.394549371826   0.339463301732
-0.512646021473   0.524754100859   -0.679580418485
0.0899922035475   -0.754298536198   -0.65034090997
-0.340057643196   -0.790547363558   0.509309162568
-0.438132844963   -0.346029946031   -0.829640310688
0.832106103372   -0.505270522518   -0.228694723359
0.441269153287   0.286274347081   -0.85048723961
0.347068402543   0.819552458817   0.455935626089
0.827541582335   -0.496367574872   0.26228643923
0.162504069772   -0.407420714436   0.898666150963
-0.95620589429   -0.289729944613   0.0415564989024
0.243439473307   -0.866062940163   -0.43666040935
0.047566630492   -0.599170804976   -0.799206983626
0.998036264421   0.061155599933   0.0135516591811
0.040756240159   -0.798282142498   0.600903126009
-0.996818934234   0.0277361667404   -0.0750026985419
0.0748506023238   -0.00649404728295   -0.997184401804
-0.0281440413905   -0.999604946429   0.00437586062744
-0.580942655612   -0.132873391386   0.803025741221
0.327790746812   0.864852488284   0.3802412444
-0.745022755026   0.484122752512   -0.458875036993
-0.822579824863   0.560274443335   0.097235225464
-0.000173395448187   -0.171240308457   0.985229181366
0.568649374271   0.810412930565   0.140956142287
-0.932142120044   -0.0115113830811   0.361909166528
0.266302224746   0.655437508112   0.706742345232
-0.245344414758   0.755161641974   -0.607895347568
-0.576570691416   0.163547370802   -0.80051006789
0.533537347089   -0.666657505436   -0.520483834221
-0.618790764759   -0.727198583557   0.297118261742
0.300224930509   -0.100275709309   0.948583033472
0.733272069119   -0.611761324704   -0.296749305012
0.610063162237   0.784660983799   -0.110136622776
-0.243873905494   -0.818885720537   -0.519568739447
-0.232467792199   0.569485911677   -0.788444363986
0.941532911745   -0.0714980154376   -0.329247306158
0.951343298702   -0.131216715551   0.278797598189
-0.213484506584   0.371764237735   0.903446570876
-0.222194267803   -0.919006808755   0.325662680513
0.999502394134   -0.0169944570103   0.0265735311158
0.0179937712214   0.999122169542   -0.0378300744733
-0.0259073024892   0.0382894080439   0.998930794859
0.888589544943   -0.406908755674   -0.211740124362
-0.25094730176   -0.817639469821   0.518161238464
-0.383971440929   -0.407297043768   -0.828658536502
0.857947941326   -0.513550094925   0.0138430563349
0.513276763596   0.858008577965   0.0191896931285
-0.0217323298019   -0.00935843856842   0.999720023541
