-0.152547299899   -0.853890714098   0.497594168593
0.704843166421   0.258930080567   0.660417531365
-0.692766496729   0.451470766895   0.562359958294
0.782189546854   0.223138979635   -0.581711709885
0.254243857226   0.738075531927   0.624983660647
0.568805396171   -0.636752315096   0.520583250979
0.952975289625   -0.172447247276   0.249198803148
0.0693559815792   0.924590909717   0.374594976254
-0.295004820982   -0.339696328096   0.893072538206
-0.621596130239   0.730686497151   -0.282338468943
0.35216124004   -0.061287906623   -0.93393037085
-0.699714391146   -0.679956409974   -0.219222919483
0.580461233636   -0.697820434961   0.419656278205
0.542367031183   0.715734193404   0.439957457622
-0.60737365334   -0.0277705164348   0.79393075341
0.2246108643   -0.948711889615   -0.222476343894
-0.8121392306   -0.0560861040821   -0.580761773338
0.538497765279   0.311127172957   -0.783083692826
0.947498069441   -0.201086319948   0.248619561194
-0.115445964004   -0.94019619723   -0.32047280396
0.298193936347   0.274945232024   -0.914048675245
-0.996116613841   0.0698516130931   0.0534601007882
-0.0828064694517   -0.539667518698   -0.837789295315
-0.0296701675919   -0.838968752026   0.54336710066
-0.988342999594   0.0683762884716   -0.136044770086
0.0604465945641   0.996269302926   0.0615929813378
0.139748722708   0.0526513942771   -0.988788909489
-0.883811735753   -0.228878764966   -0.408032797659
-0.466501458147   0.365161880417   0.805625844297
-0.0353926908319   0.902369726   -0.429506470285
0.886759032037   0.0355812873189   -0.460860490114
-0.457953665083   0.202967814954   -0.865495527733
0.0627444020801   0.978538726818   0.196278123939
0.204495602197   0.67839175987   0.705667184422
-0.366258019926   0.721564713098   -0.58753674768
-0.90776462691   -0.138307581768   0.396023231358
-0.45840302397   0.792130900187   0.402974540848
0.853734267516   0.266480320847   0.447350653134
0.246977011222   0.549102397881   -0.798423758142
-0.838859665458   0.530260677274   0.123038135335
-0.504909460609   -0.842414385404   0.18816149284
0.203423708543   0.0957179446973   0.974400776959
0.00526342436332   0.578733079827   -0.815500032926
0.502105467714   0.703726611954   0.502651917791
0.864790368056   -0.412112695122   -0.286881031903
0.729043924836   -0.682128720706   0.0565275358859
0.673683232839   0.700504702363   -0.235465627731
0.121020063281   0.209746438443   0.970237381084
-0.204760015763   -0.922517302881   0.327162265658
-0.965828421961   0.24468428114   0.0854696043592
-0.15889865172   -0.298481858446   -0.941094988028
0.101770201329   0.920227206711   0.377924546378
0.86867508984   -0.267348436607   0.417051045295
0.484818175213   0.285849390622   -0.826586979993
0.928622380048   0.00157888448983   -0.371023077553
-0.0450339525128   -0.992119865121   -0.116936181561
-0.368283260649   0.125298182591   -0.921233748223
0.814809252949   0.134479209596   0.563915976246
-0.567363739198   -0.0148542372207   0.823333325708
0.119097747762   -0.990805086768   0.0641952538648
0.205267356235   -0.6752752301   -0.708426886344
0.977621889422   0.107411811166   0.180881504182
-0.0460513952312   -0.729702707167   0.682212004468
-0.491797247708   0.378108812431   -0.784327232997
-0.841882096668   0.0233759457376   0.539154996725
0.222193649252   0.925465991351   0.306826804892
-0.277814897762   0.873806339331   0.39910071729
-0.169356036358   -0.453498821883   0.875018498475
0.945588406308   0.175503051454   0.273973092405
0.150832925346   0.748435621524   -0.645828625821
0.630450969005   -0.57603249891   -0.520307709188
-0.761434218548   -0.328683216781   -0.558737173008
-0.191531988681   0.433241685234   -0.88069128258
-0.914953420557   -0.403559193364   0.000458939514452
-0.355212234089   0.805879404496   0.4736904604
0.945390054345   0.183073813151   0.269669468144
-0.00337547454093   0.832811036228   -0.55354708732
-0.325923686286   0.52240764796   0.787949231976
-0.0818194029965   -0.844698587727   -0.528951635755
-0.0225283767245   0.532162995441   -0.846342128027
0.996392497622   -0.0573308060655   -0.0625709357318
0.92547427893   -0.102053402626   0.364804690347
-0.101107715332   0.86154261292   0.497515382789
-0.365067923799   -0.497322258927   0.787017142078
-0.958003671782   -0.262607138815   -0.115187851078
0.252827990589   -0.963048232017   0.0928326457911
-0.135309857614   0.0598112330013   0.988996394773
0.203478872747   -0.144780093397   0.968315698119
0.261125481163   -0.945157979503   -0.196189729665
0.943615414115   0.29277235439   -0.154514126203
-0.335760037643   -0.237147895537   0.911606342311
0.845604287543   -0.502263246492   0.180790146291
0.414992333169   0.831560318767   0.369173162009
0.635196617137   0.497533457646   -0.590750153768
0.186492266425   -0.841042338236   -0.507807602888
-0.749497111547   0.212387347812   -0.62701341253
-0.329111997683   0.100207730161   0.938958876424
0.811213499831   0.538968463761   0.226816393337
-0.483340478845   0.836344085536   -0.25867086485
0.75393826838   -0.293320884456   -0.587826471601
0.493971476804   -0.336773264319   0.801608400232
-0.433092694555   -0.894732756727   -0.109014115227
-0.991688968823   -0.0695166611025   0.11122012834
-0.0879853689024   -0.276594203501   -0.95716796934
0.0972679699483   -0.958686278456   0.267765465956
0.737438681664   0.610648688273   0.288604180967
0.255606677728   -0.647837422792   0.71761543922
0.625179510271   -0.45542822905   -0.633826259032
-0.509931535924   0.392209268818   0.765599019649
-0.84937083005   -0.0886943944715   -0.520290879167
-0.136158593175   -0.915590135015   0.378359088857
0.375582597684   0.87800162432   -0.296733671207
-0.448753541734   -0.10785329653   -0.887123410706
-0.810899489898   0.46634840488   0.353498507181
0.726706321563   0.663931046573   0.176334618642
0.577366267291   -0.729405040674   0.366904722477
0.372218384459   -0.164822472309   -0.913394711147
0.611215283431   -0.786587534843   0.0877275262994
-0.746408401428   -0.53600425994   0.394429573361
-0.263231014736   -0.306561967786   -0.914729542603
0.471028433616   -0.843034514167   0.259663351985
-0.810751506068   -0.297750538028   0.504010610233
-0.347583434371   -0.447925783744   -0.823740471658
0.64609680823   -0.697990500686   -0.308817395806
0.0191005940164   -0.389692728446   0.920746859076
-0.763016441703   -0.60079020643   -0.238447201001
-0.163920972394   -0.574926085629   -0.801617051428
0.343784354769   0.72837221609   -0.592694043365
0.924630855257   -0.372738390412   0.0782551144926
0.893396268765   0.442483571218   0.0777907760171
0.314976540254   -0.493418105856   -0.810757962302
-0.320363691327   0.748830410406   -0.580189839902
-0.235663829725   0.795251643481   0.558602993423
0.632612800421   0.561869099995   -0.533014194305
-0.737742180889   0.227767227952   -0.635498591912
0.113742945817   -0.0587730252299   0.991770292083
0.879792329564   -0.457792442555   -0.128029682764
0.461549604694   0.887114352456   -0.000362633373818
0.0400062655264   -0.698649664651   -0.714344562216
0.969636897315   0.1997603491   -0.141067705732
0.241254626589   -0.687011249047   0.68542815211
0.153541804146   -0.500774248909   -0.851850983738
0.985772327114   0.0179568571039   0.167124229446
-0.0683949264278   -0.8653916689   0.496406499518
-0.38028416588   0.333215628677   0.862757925156
0.53417015534   0.840654781845   -0.0892287841079
-0.755013998386   0.426927248574   -0.497681545719
-0.110054120861   -0.993926220153   -0.000916199796374
-0.961760394786   0.106257960939   0.252443782802
-0.250812905471   0.0286633798881   -0.967613034259
0.466538719656   0.148610089798   -0.871926987643
-0.232770199995   0.971664534517   0.0410617432002
0.853322720056   0.183801724613   0.487911127842
-0.802680484424   -0.354135392497   -0.479895623365
-0.414933143447   -0.246406424858   0.875853667332
-0.428418220916   0.902151475026   0.0508386637003
-0.709703111723   -0.13624466555   -0.691204162835
-0.316930468844   -0.814496012021   0.48595874199
-0.629190655945   0.563948767272   0.534866412322
0.0518831063401   -0.319046143609   -0.946317938621
0.668941255492   -0.692487957844   0.270144251874
-0.741502312477   -0.647047044942   0.177494759583
-0.898907685592   0.420456483965   0.12321119289
-0.438116595144   -0.859829501189   -0.262196042505
-0.00430139760442   -0.289670952526   0.957116622998
0.482369902728   -0.870896200986   0.0941225732004
-0.546082477422   -0.214955804296   0.80968380912
-0.684918374356   -0.441965779226   -0.579269361679
-0.595436279427   -0.18459416801   -0.781909534196
-0.437461732569   -0.74182050707   0.508263347656
-0.673858114938   0.644693253547   0.360952360502
-0.341174807817   -0.893551051227   -0.291832633877
0.938351750764   -0.342123943752   -0.0494693419601
-0.0556395469253   -0.29071935403   0.955189247517
0.648097990396   0.354217418327   -0.674165425017
-0.544625989304   -0.403185343295   -0.735407458643
-0.532307741359   0.84378410687   -0.068387603633
0.762859684664   -0.5755016821   0.294691968778
-0.504921914873   -0.814954657068   -0.284440050564
0.403855670312   0.0681916152021   -0.912279594063
-0.69731821835   -0.368231017461   -0.614939513464
-0.618804652562   -0.123657961989   0.775749817453
-0.361698063869   0.921473219953   -0.141632823471
-0.89720997419   0.182216654167   0.402294846965
0.105355004415   -0.796323095883   0.595649273129
0.428887369824   0.576797039242   0.695244981938
0.571945278978   0.152784350352   0.805937637829
-0.37271794395   -0.8268200496   0.42124774942
0.730725576424   -0.54131808987   -0.415950292215
-0.442119697008   -0.463701216366   0.767796364845
0.415054382894   -0.864607084602   -0.283168363908
0.79514774424   0.193482932111   0.574721141975
0.794687431353   0.136405315104   0.591494277296
0.177522223297   0.879599331837   -0.44135119552
-0.580480620089   0.455739626939   0.674791558827
-0.623686104838   0.526264997739   -0.577978543951
-0.0342359556072   -0.757091829756   -0.652409481758
-0.780923776343   -0.387111592048   0.490206251762
-0.595514135399   -0.368138561362   0.714028612693
-0.515750089997   0.856661467704   0.0115312413877
-0.615925892274   -0.36139330998   -0.700021508761
0.571444188986   0.502501516393   -0.648801809765
0.0586536254499   -0.813591056117   -0.578471645717
-0.818542188621   0.292509689923   -0.494395437425
0.923657265936   0.367848992432   0.107445384222
0.352099478329   -0.925287828155   0.140967517136
0.151272433656   -0.0923742512485   -0.984168279536
0.689218069943   0.72431734326   -0.0185160955337
0.300872386719   -0.262857936853   0.916723263764
0.659131448537   -0.637393223739   -0.399093529815
0.220991200217   -0.163023490131   -0.961554064277
0.790031250894   0.608021903582   0.0784855467762
0.571850941655   -0.777002381018   0.263161145565
-0.302023786473   0.275722686103   -0.912556093509
-0.286972370097   0.886560560887   0.362846014031
0.909081119721   0.371466514595   -0.188637584035
-0.167275106965   0.0846636301802   -0.982260991764
-0.00381097225827   -0.996341713852   -0.0852288005273
-0.985895563793   -0.0105138800437   0.167000245529
0.555226549537   -0.829835630418   -0.0556444023705
0.32492499852   0.15484027541   0.932978147487
-0.765602519826   -0.536094492455   0.35560577694
0.183534205477   0.887776081339   -0.422100468041
0.363897089735   0.337530119266   0.868131505409
0.913178013204   -0.312932951292   -0.261110807443
-0.462181570079   -0.626713755137   0.627389971645
0.178400230998   -0.758734774437   -0.626494240432
0.868655089767   -0.177627545267   0.462479006047
0.185332500478   0.465372980004   -0.865493997703
0.805590331917   0.43241957384   0.405015473381
0.562739804616   -0.772296125873   -0.29475857289
0.253566904996   0.532101880805   -0.807818934168
0.355611484544   0.725355035807   0.589406948079
0.89958007649   -0.436723787796   -0.00529550849137
0.281522522368   0.246476812128   -0.927358820018
0.770226446752   -0.634429220585   0.065200320912
-0.572273029861   -0.732631586956   -0.368449163118
0.949726156827   0.297636863071   -0.0971210425046
0.239391144592   -0.890284093658   -0.387408136296
-0.201772344604   0.34468171103   -0.916777713482
0.751916329542   0.564167812228   0.341081377011
-0.0293280484677   -0.488233704848   0.872219967331
0.658605869751   -0.665839684521   -0.350564948715
0.610679483085   0.0250949912947   0.791480131672
0.340587252496   -0.910651057217   -0.233912203386
0.714892216251   0.412413429543   -0.56466294015
-0.738419291841   0.530930826757   -0.415751359731
-0.208079656269   0.407049095629   0.889389575814
0.641435571641   0.743251921032   -0.190096930917
-0.762101579477   -0.440257860902   -0.474736393722
0.397043929813   -0.896966483633   0.194442084314
-0.511427165302   -0.0403066032809   0.858380840939
0.0381539853049   -0.981296356054   -0.188684165238
0.922295634417   -0.0380917672606   0.384603376956
-0.384597211836   -0.188696731358   0.903592013101
-0.629848406444   0.563325298903   0.534748166214
-0.631480919245   0.0294719033139   -0.774831117571
-0.452242017378   -0.825709403933   0.337166341045
0.991946498146   -0.126508772959   0.00613800866867
-0.0101501956851   -0.127705636232   -0.991760172464
0.126250221043   0.983710728071   -0.12796124744
-0.468175235969   -0.882795637873   0.0384813225695
-0.858117526797   0.443836751563   -0.258151336408
0.210815703017   -0.153881980873   -0.965335725092
0.100882756925   -0.985093650267   -0.139331128585
-0.047548253879   0.135111688951   -0.989688834498
0.99376145364   0.106467486968   -0.0332090407972
0.357740864417   -0.300603349137   0.884114856461
-0.848794330287   0.290044923221   0.442065723818
-0.389319454691   -0.908576659281   -0.151389493577
0.401122950236   0.246147537848   -0.882333145331
0.442947710177   0.790999569963   0.422039109784
0.801809027005   -0.560117017907   0.208257592736
-0.438634774216   0.197840386937   0.876617727986
-0.889458140423   -0.234852113465   -0.3920569305
0.128310857525   -0.951684612471   0.278985097409
-0.770616133556   0.628605490352   0.104910454781
-0.620818251942   -0.777641156185   0.0992936188238
0.143999180825   0.011386930372   0.98951229172
-0.596221281692   -0.750119966481   -0.286077539715
0.765163260486   -0.638807609829   0.0803129238406
-0.242992813978   -0.171011744686   0.954834791723
0.0385993874849   -0.727725763686   0.684781170331
0.853467445008   -0.33241239335   -0.401366731643
0.519714689694   0.599930950881   0.60825938181
0.991223445365   0.124622993223   0.0441043185875
-0.0715800076206   0.225474634049   0.971615917844
0.111141278861   -0.966245465117   0.23241625841
-0.759836464217   0.120094531614   -0.638925592297
0.0220383512111   0.986982974843   0.159307623483
0.649740656025   0.106966870107   -0.752592339667
0.731060889434   -0.565472551872   -0.381825542212
-0.40602592497   -0.810277886446   0.422602095579
-0.548354720831   -0.153916782761   -0.821958976634
0.0792618267728   0.916935383342   -0.39108446145
0.883188663982   0.117336173082   0.454103509229
0.462271929741   -0.381394436319   -0.800526656732
-0.393755233422   0.850002765712   -0.349931173327
0.913760244903   0.403358352834   -0.0484162223739
0.0999937128993   -0.33881737564   -0.935523192061
-0.96431509871   0.25395114974   -0.0748623781325
0.174865814605   0.398610521418   -0.900295143557
-0.198790112925   -0.881259446573   -0.428793279278
0.596785170643   0.729383770962   -0.334435008676
-0.799920256596   0.50805230007   -0.319390738455
-0.0630479457092   0.458128994259   0.886646931556
-0.64367426677   0.185956930467   -0.742363443356
-0.364239806584   0.778678111681   0.510871573767
0.673062274474   0.59923319467   -0.433482149313
-0.797497139272   0.47097707495   -0.37713161458
0.432776547521   0.0109569519613   -0.901449697701
-0.420418981209   -0.882092791287   -0.212587575296
-0.972775450838   -0.136341144415   0.187403116497
0.201195980338   -0.0955123791585   0.974883618796
-0.115017447499   0.98604715153   0.120342881189
-0.578377942165   0.518739583271   0.629593674458
0.688134076374   0.724737711589   0.035024867096
-0.438121493541   0.453502473124   -0.776134690107
0.928282904295   0.371722740289   -0.0106326946739
-0.36339499319   0.900673520868   -0.238183307726
-0.0789615651343   0.224965360682   0.9711620142
0.998091883479   -0.0564206622218   -0.0250858724953
-0.00114159753113   0.389342864123   -0.921092192867
0.0617356370298   0.919363279602   0.388535542886
-0.853845817751   -0.394492541391   0.339589133319
-0.512705628711   0.524741878845   -0.679542744298
0.0898781562418   -0.754334831376   -0.650306806943
-0.340042974857   -0.790418955708   0.50951889678
-0.437956187153   -0.346361933972   -0.82959547331
0.832205509386   -0.505244639417   -0.228391395625
0.441255224591   0.286033448955   -0.850575514424
0.34734123685   0.819522361406   0.455781930863
0.827434532058   -0.496556109012   0.262267311682
0.162649587483   -0.407375430961   0.898660332362
-0.956150180002   -0.289901942226   0.0416381151958
0.24356101493   -0.866026649477   -0.436664532448
0.0476346477773   -0.599166088582   -0.799206417613
0.998034960746   0.0611576164877   0.0136353577869
0.0407076993955   -0.79828547785   0.600901957079
-0.996856044372   0.0278762754481   -0.07479558809
0.0746429831218   -0.00650028806707   -0.99721275013
-0.0282823584815   -0.999613804035   0.004352109215
-0.581110798357   -0.132870818892   0.802904425749
0.327657316408   0.864888644797   0.380273992328
-0.744950236193   0.484058851509   -0.45906002934
-0.822504795004   0.56038989677   0.0972096954055
-0.000245758533814   -0.171265884537   0.985225043164
0.568758736975   0.810328087674   0.141004322417
-0.932180612975   -0.01150804478   0.361809014433
0.266232649802   0.655424273109   0.706780730511
-0.245272041208   0.755173085953   -0.607909791849
-0.576574800152   0.163564078045   -0.800504635922
0.533589280677   -0.666584187418   -0.52052602736
-0.618743371121   -0.727263128438   0.297060105434
0.300221154514   -0.100231522778   0.948588895756
0.733394121667   -0.611619644678   -0.2967397113
0.609918284375   0.784777061209   -0.110111940168
-0.243824148149   -0.818970178332   -0.519458860027
-0.232564528551   0.569370765753   -0.788498971499
0.941521853341   -0.0714474282033   -0.329289738085
0.951373009598   -0.13138504416   0.278616882579
-0.213262633386   0.371737790569   0.903509861847
-0.22228010772   -0.918993466476   0.325641780078
0.999495599308   -0.0171555000327   0.026725190154
0.0181706828096   0.999104201247   -0.0382180761914
-0.0260455995587   0.0386844139178   0.998911979544
0.888559091969   -0.406850519673   -0.211979640868
-0.250630798833   -0.817525031409   0.518494544076
-0.384248508361   -0.407584401323   -0.828388558329
0.857871319241   -0.513675490241   0.0139388140445
0.513398846765   0.857933041902   0.0193007756234
-0.0218729045088   -0.0094014107972   0.999716554591
