-0.153020095477   -0.85376221234   0.497669444148
0.704671022351   0.258803726184   0.660650696896
-0.692837312157   0.45178609743   0.562019357711
0.78240690317   0.223207713665   -0.581392940914
0.254278929533   0.737700615409   0.625411884106
0.568490686977   -0.637162550175   0.520425035477
0.95304471688   -0.171913790728   0.249301857358
0.0686065748078   0.924408894072   0.375181735017
-0.294955768579   -0.340461223863   0.892797429093
-0.622247540449   0.730428491659   -0.281571473534
0.350700114793   -0.0614673196081   -0.93446850125
-0.699869777615   -0.680217736403   -0.217913592902
0.579857747009   -0.698403169649   0.419521165146
0.54271818207   0.715167783005   0.440445250238
-0.607636379944   -0.0277138274506   0.793731676696
0.224544589699   -0.948736216104   -0.222439498304
-0.811889256513   -0.0559053170361   -0.581128596396
0.538902192714   0.311085523038   -0.782821977937
0.947487761371   -0.201119699987   0.248631889068
-0.115363249096   -0.940089533294   -0.320816588169
0.298258731209   0.275286811823   -0.91392515538
-0.996163025822   0.0697000121014   0.0529428854722
-0.0822986419065   -0.539948450272   -0.837665807254
-0.0297988984596   -0.838808070666   0.543611498373
-0.988404008117   0.0678015732093   -0.135862035187
0.0599175848885   0.996318956175   0.0613059290675
0.139518561331   0.0524545573619   -0.98882815455
-0.883506993947   -0.229389261235   -0.40840235089
-0.467046286691   0.364818729286   0.805465013432
-0.0357726078207   0.90237835114   -0.429454295771
0.886580415287   0.0354632397011   -0.461213104489
-0.458248030691   0.203382187625   -0.865242417717
0.0631182342147   0.97845697794   0.196565623232
0.20488019212   0.678137875653   0.705799643198
-0.365951113843   0.721871454055   -0.587351163143
-0.907801683745   -0.137951542849   0.396062470809
-0.458991351738   0.79172636921   0.4031055006
0.853339332886   0.266594656514   0.448038101816
0.247258308789   0.549632162476   -0.797975589262
-0.838747111851   0.530669741427   0.122033911924
-0.505603380407   -0.84219495223   0.187275868006
0.202158036809   0.0953763836099   0.974697627423
0.00567262431072   0.577997391848   -0.81601888561
0.501687055258   0.704259054622   0.502323877795
0.865030580524   -0.412235605733   -0.285978812399
0.728700321229   -0.682397447037   0.0577024050456
0.674158372474   0.699972875692   -0.235687215818
0.12044223551   0.210645909416   0.970114410216
-0.199032947667   -0.924770989461   0.324320788783
-0.959272780461   0.251539508828   0.128542903747
-0.200452212888   -0.285527866397   -0.937172285971
0.101213280568   0.920220148448   0.378077147486
0.868619930628   -0.267006150636   0.41736705787
0.485022542956   0.286165552209   -0.826344539791
0.928901973977   0.00207455750277   -0.37032019582
-0.0445769243808   -0.992090087102   -0.117373585799
-0.367633307841   0.125536277792   -0.921462190603
0.81479171656   0.134694281326   0.563889976167
-0.567351814999   -0.0148521044071   0.823341551963
0.119274358773   -0.990775879677   0.0643176761783
0.20490347763   -0.675670920441   -0.708154912979
0.977703095844   0.107328205276   0.180491890235
-0.0459481216375   -0.729348663764   0.682597465741
-0.491264824163   0.379032101098   -0.784215272036
-0.841867033776   0.0243238271753   0.539136609974
0.223425208959   0.925063810291   0.307145157846
-0.277181533606   0.874152065818   0.398783778476
-0.169249562915   -0.452978112603   0.87530871425
0.945793276357   0.17512545679   0.27350707107
0.167688732682   0.746627659897   -0.643764620427
0.633684785466   -0.581875105575   -0.50977931641
-0.755201523904   -0.322456968054   -0.570703152873
-0.19049242872   0.43331776911   -0.880879309668
-0.915047507941   -0.403345747123   -0.000530446897266
-0.355528768792   0.80594536672   0.473340644791
0.94536419194   0.182735064824   0.269989702665
-0.00294898980042   0.832907409111   -0.553404506518
-0.326002832688   0.522372606919   0.787939723718
-0.081945973876   -0.84480158905   -0.528767593438
-0.0223363741716   0.531975439681   -0.846465140017
0.996386460727   -0.057553644659   -0.0624630578442
0.925631064319   -0.102055446274   0.36440611762
-0.100821257598   0.8616386738   0.497407146764
-0.364749512254   -0.497155389714   0.78727016425
-0.957923030518   -0.262411902958   -0.116290567193
0.252497036642   -0.96308667587   0.0933238263858
-0.136487176392   0.0600340176058   0.988821099902
0.20326453338   -0.144324244075   0.968428733226
0.261708765216   -0.945082515345   -0.195775316887
0.943499984618   0.293240456051   -0.15433100544
-0.335902438077   -0.236932415431   0.911609879789
0.845737885768   -0.501895821446   0.181184994153
0.414604595956   0.831843497328   0.368970758179
0.635059491272   0.497890544854   -0.590596768994
0.186515865646   -0.840775538799   -0.508240895352
-0.749607477326   0.212607575574   -0.626807047783
-0.329315039627   0.100553443422   0.938850707559
0.811097165337   0.539168371649   0.226757292595
-0.483397387715   0.836173717823   -0.259114874868
0.75353572845   -0.294151114876   -0.587927744941
0.493817520683   -0.337091389504   0.801569511854
-0.433967934207   -0.894340286292   -0.108753436984
-0.992213503458   -0.062653939248   0.110531822718
-0.0896517587908   -0.271506482411   -0.958461872297
0.0900297844176   -0.960604540068   0.263375512326
0.737060299521   0.61079614756   0.289257911816
0.255955749726   -0.648408456795   0.716974802556
0.625482795611   -0.454416416345   -0.634252895416
-0.510295873611   0.392145833108   0.765388609977
-0.849104652074   -0.0885281416207   -0.520753326647
-0.136452806978   -0.915633323424   0.378148424478
0.375359429776   0.878077808915   -0.296790552903
-0.448435332479   -0.108191907006   -0.887243041529
-0.811178786326   0.46612640308   0.353150285722
0.726855353879   0.663722627045   0.176503526132
0.57698058355   -0.729528162733   0.367262299287
0.372524665754   -0.165107433569   -0.913216507413
0.610976419487   -0.786862635364   0.0869194228556
-0.746514343967   -0.536116167634   0.394075757765
-0.263484586367   -0.305657588936   -0.914958580276
0.471176115216   -0.843093538879   0.259203305947
-0.810620034336   -0.298065425661   0.504035875298
-0.347689846051   -0.447605058454   -0.823869822779
0.646025006831   -0.698017236109   -0.308907107575
0.018860798065   -0.389970158585   0.920634258321
-0.763083175881   -0.60057897515   -0.23876529258
-0.164068617207   -0.575293786599   -0.801322994009
0.343548171447   0.728151375878   -0.593102205371
0.924692454561   -0.372602511023   0.0781743406675
0.893464742686   0.442322579096   0.0779197670245
0.31495719857   -0.493363747207   -0.810798484795
-0.320191688118   0.748961251266   -0.580115793871
-0.235743840979   0.795060964115   0.558840778619
0.632785530574   0.562021162405   -0.532648781721
-0.737568589896   0.228057702597   -0.635596103267
0.11353951289   -0.0583889603262   0.991816244618
0.879788055306   -0.457900427718   -0.127671851396
0.461607746378   0.887083904267   -0.000619847372088
0.03906030099   -0.699190862702   -0.713867241444
0.969657115413   0.199062044874   -0.141913309777
0.241328364311   -0.686663270081   0.685750812409
0.153605085771   -0.500516652487   -0.851990961272
0.98585301695   0.0190956548207   0.166520963111
-0.0670771680659   -0.865516309938   0.4963690104
-0.379737560242   0.332719704889   0.863190018271
0.534436634563   0.840523255237   -0.0888715019191
-0.75510058489   0.427572518054   -0.496995849977
-0.109830962294   -0.993949808697   -0.0012848020076
-0.961635627369   0.105932527096   0.253052947871
-0.251385745617   0.0290284695245   -0.96745223096
0.465468701253   0.1612175648   -0.8702573182
-0.244869550607   0.968346368332   0.0484170941616
0.850516199885   0.190562873145   0.490212198286
-0.802277420074   -0.353891649273   -0.480747366888
-0.416030564335   -0.246083442909   0.875423283874
-0.42810734604   0.90233478099   0.05019372752
-0.70985984367   -0.136088286373   -0.691064398797
-0.316691030595   -0.814709064736   0.485743145202
-0.629123847993   0.563666204666   0.535239342207
0.0517111289062   -0.318741365191   -0.946430082166
0.66880510855   -0.692736565146   0.269843985659
-0.741637165391   -0.646931211131   0.177353664328
-0.89888088666   0.420511105798   0.123220981657
-0.438170632579   -0.859732217965   -0.262424964662
-0.00441555948931   -0.289880622382   0.957052623518
0.482320315611   -0.870946080957   0.0939150194168
-0.546198697363   -0.215184757133   0.809544617924
-0.684860635316   -0.441756074634   -0.579497593928
-0.595399589745   -0.184353822423   -0.781994232702
-0.437729546381   -0.74174334578   0.508145469753
-0.673716673422   0.644850868312   0.360934891679
-0.341242576688   -0.893612639769   -0.291564740814
0.938352925913   -0.342067841182   -0.0498339509962
-0.0552026672433   -0.290596087873   0.955252103225
0.648113431213   0.354265450536   -0.674125351394
-0.544574261607   -0.40318827715   -0.735444192816
-0.532341875518   0.843762571882   -0.0683879096927
0.762759523429   -0.57533305092   0.295278655596
-0.504485837652   -0.815056531826   -0.284911481594
0.404588239498   0.0683549065842   -0.911939417538
-0.697359630702   -0.369020124216   -0.614419715863
-0.618661006231   -0.122895926733   0.775985668185
-0.361864613753   0.921259651663   -0.142594662432
-0.896400316108   0.195345598126   0.397991916229
0.0957668301111   -0.791234318884   0.604038836093
0.43288125663   0.579546631904   0.69047401911
0.572104113141   0.15300408074   0.805783324935
-0.372439502987   -0.826850357277   0.421435482282
0.730743342139   -0.541210495453   -0.416059855669
-0.442123589523   -0.463555842484   0.76788200086
0.415555805122   -0.864538865295   -0.282641104623
0.794883739408   0.194135525063   0.574866293042
0.794170550563   0.136381923026   0.592193473541
0.177885814375   0.879633849148   -0.441135953975
-0.581076394356   0.455680001664   0.674318888825
-0.623826416341   0.526175635438   -0.577909057237
-0.0344711667485   -0.757231451639   -0.652235591523
-0.780801777937   -0.386960888021   0.490519688337
-0.595667146651   -0.367716874855   0.714118407757
-0.515805568474   0.85663691664   0.0108545867218
-0.615731610267   -0.361880514077   -0.69994088136
0.57157866471   0.503157828028   -0.648174442783
0.059233527655   -0.813169839847   -0.579004776703
-0.818406559959   0.292553144468   -0.494594412481
0.923446805689   0.368363301802   0.107493342538
0.352652918148   -0.925122129595   0.140689761127
0.151268833954   -0.0920117788661   -0.984205507988
0.689106119907   0.724409807631   -0.0190570179506
0.300951201627   -0.262163737226   0.916896113761
0.659212495001   -0.637573948494   -0.398670633278
0.221322054877   -0.163196146516   -0.961448676015
0.7898533493   0.608240964479   0.0785786937507
0.571968727683   -0.776794659015   0.263518165594
-0.301541420285   0.275387075779   -0.912816892569
-0.288161191109   0.886285944297   0.36257461084
0.908865143354   0.372369680535   -0.187896050196
-0.167360782111   0.0849876119564   -0.98223811216
-0.00244009077599   -0.996331021327   -0.0857903606349
-0.985904989907   -0.0119601770395   0.166929924461
0.555342281943   -0.829689441909   -0.0566600221247
0.325903148661   0.154444370915   0.9327025424
-0.765102650508   -0.536434828186   0.356167906725
0.183598267409   0.888020681931   -0.421557756668
0.363191800906   0.337222973242   0.868546130079
0.91344588756   -0.31256988464   -0.260608276765
-0.462201805746   -0.626465163965   0.627623113361
0.177717052561   -0.758838776288   -0.626562223949
0.868784221378   -0.178058893599   0.462070302194
0.185617451438   0.46579142569   -0.865207795074
0.805244526848   0.432514839223   0.405601009859
0.563140686582   -0.771990463005   -0.294793695049
0.253173250794   0.532310371192   -0.807805017725
0.355328177006   0.725479711346   0.589424350594
0.899802847609   -0.436262360478   -0.00547281660258
0.281439431336   0.246511595437   -0.927374883723
0.770250873753   -0.634408157754   0.0651195224849
-0.572281166148   -0.732638378766   -0.368423445135
0.949738306035   0.29770684844   -0.096787361045
0.23968786603   -0.8904296991   -0.386891567088
-0.201362577815   0.344246990107   -0.917031915818
0.751764384522   0.564502164328   0.340863036647
-0.0288472701074   -0.488257101392   0.872222905394
0.658800529971   -0.665539080862   -0.350769947559
0.61067694705   0.024716904243   0.791494078706
0.340959591647   -0.910324945076   -0.234639546516
0.714716978143   0.413156428693   -0.564342051949
-0.738509837918   0.53107026007   -0.41541254441
-0.207968967297   0.406654631365   0.889595927335
0.641367376645   0.74336826954   -0.189872307057
-0.762211325513   -0.439642070064   -0.47513034761
0.396680058708   -0.897250393144   0.193873083624
-0.511545626522   -0.040702478555   0.8582915521
0.0382092481767   -0.981207267035   -0.18913573386
0.922103925955   -0.0383120859641   0.38504091346
-0.385051134842   -0.189114923837   0.903311223477
-0.629678089767   0.563515245974   0.53474855202
-0.631666421831   0.0293084338474   -0.774686074048
-0.45222005469   -0.825585579664   0.337498814283
0.99198590118   -0.126217317769   0.00575853925868
-0.0104282442497   -0.1272100655   -0.991820992795
0.125917527775   0.983812390002   -0.127506816588
-0.467852517676   -0.882955448331   0.0387434098939
-0.858406381311   0.44353863459   -0.257703242114
0.210356507085   -0.153825071862   -0.965445205078
0.10084123012   -0.985169454985   -0.138824239719
-0.0469772513445   0.134664959829   -0.989776977672
0.99379281665   0.106331898496   -0.0327007640548
0.358194912791   -0.300987425427   0.883800308874
-0.848659399133   0.28963737354   0.44259171835
-0.389196146557   -0.908579536762   -0.151689175693
0.401982481392   0.245674307909   -0.88207382756
0.443058933582   0.790860763051   0.422182473815
0.801316968625   -0.560520645701   0.209063974849
-0.438844801579   0.197364260601   0.876619955199
-0.889300118042   -0.23511374878   -0.39225857333
0.128687595623   -0.951718885458   0.278694535799
-0.770592186178   0.628683090848   0.104620801805
-0.62078535493   -0.777566467915   0.100080919178
0.14426879078   0.0121745045348   0.989463642072
-0.596524035241   -0.749988742959   -0.285790113488
0.764806262362   -0.639154967271   0.0809465117825
-0.243373138586   -0.170287527882   0.954867359406
0.0387069109349   -0.727275955325   0.685252845077
0.853328001852   -0.332764251021   -0.401371744198
0.519935667305   0.600281301218   0.607724659711
0.991262654711   0.124170189291   0.0444984643809
-0.0718750678599   0.225609878151   0.971562733734
0.110599836623   -0.966272184765   0.232563387647
-0.759713818816   0.120300504247   -0.639032500467
0.0214929421041   0.986846331546   0.160225997006
0.649902147569   0.107991228139   -0.752306405929
0.730797862739   -0.565722337843   -0.381959221088
-0.405480823399   -0.809930358925   0.423791180489
-0.549108288013   -0.154828612568   -0.821284995117
0.0789214479604   0.916682680491   -0.391745061445
0.883094390277   0.118033037417   0.454106185775
0.462510137987   -0.381786580939   -0.80020199447
-0.393156359064   0.850029855576   -0.350539311236
0.913948446121   0.403004923559   -0.0478066732588
0.100632012421   -0.339170288801   -0.935327423669
-0.964425103476   0.253593825098   -0.0746018343386
0.174588717814   0.399181734566   -0.90009442983
-0.198479322415   -0.881102363447   -0.42925291632
0.596876154128   0.729255910472   -0.334551440084
-0.79982412283   0.507863569403   -0.319931177158
-0.0634052171347   0.458541604023   0.88640813042
-0.643571328792   0.186431729906   -0.74233353762
-0.364283910282   0.77837502232   0.511301816339
0.673136764485   0.599479378099   -0.433025758144
-0.79754618655   0.470993722507   -0.376940054167
0.432697470018   0.0112461486905   -0.90146867357
-0.420347226131   -0.882064500672   -0.212766594606
-0.97274818563   -0.136144184871   0.187689771459
0.201459875898   -0.0955187269239   0.974828727264
-0.114789406254   0.986073977966   0.120342303668
-0.578674768356   0.518518323468   0.629503466212
0.687760645913   0.725094716136   0.0349715324896
-0.438316278136   0.453184799369   -0.776210522619
0.928200801924   0.371921302489   -0.0108543057135
-0.36368587453   0.900713911062   -0.237585847501
-0.0785866137735   0.224474931832   0.971305898814
0.998100370385   -0.0561075739367   -0.0254478055312
-0.00158191230519   0.389578663177   -0.920991840363
0.0615885396228   0.919282553195   0.388749850743
-0.853764681147   -0.394333278941   0.339967633511
-0.512891834782   0.524693836758   -0.679438002571
0.0895471525442   -0.754450328811   -0.650213711177
-0.339999207591   -0.790025029883   0.510157814712
-0.437433664308   -0.347361899293   -0.829452533418
0.832497647495   -0.505173403913   -0.227480775888
0.441209428623   0.285307580762   -0.850842999598
0.348154181771   0.819437557825   0.455313902554
0.827117217401   -0.497113335672   0.262212549367
0.163092995436   -0.407240697476   0.898641007793
-0.955983289811   -0.290415262852   0.0418913011625
0.243919241083   -0.865917978697   -0.436679985192
0.0478344129115   -0.599153880417   -0.799203639908
0.998031433285   0.0611591582746   0.0138844370331
0.0405596922508   -0.798294523968   0.600899948608
-0.997445302047   0.0363785540314   -0.0634151251535
0.0633116280289   -0.00405180066426   -0.998046527109
-0.0365583786289   -0.999390731058   0.00161691671561
-0.581615313208   -0.132866222884   0.80253988875
0.327251549337   0.86499918565   0.380371974526
-0.744734939207   0.483862565575   -0.459616101394
-0.822279313403   0.560734070101   0.0971296998225
-0.00046541094544   -0.171339792806   0.985211932598
0.569084052976   0.810074114738   0.141150053905
-0.932299415513   -0.0114981080575   0.361505964242
0.26602064863   0.655388013224   0.706894433003
-0.245054653443   0.755204951268   -0.607959295202
-0.576587195334   0.163619300043   -0.800485510819
0.533745145118   -0.6663575423   -0.520658171915
-0.618598778241   -0.727459646009   0.296881315446
0.30021134144   -0.100097796355   0.948606148996
0.733758451011   -0.61119646139   -0.296711177911
0.609484807291   0.785123823796   -0.110040543548
-0.243675780303   -0.819221662724   -0.519131905657
-0.232850717747   0.569027676316   -0.788662177938
0.941489570517   -0.0712976506524   -0.329414608822
0.951461549628   -0.131892959002   0.278074030646
-0.212595532063   0.371657677946   0.903700008113
-0.222540016404   -0.918953106683   0.325578136406
0.999475217686   -0.0176396091183   0.0271686108932
0.0187026298891   0.999049147435   -0.0393828977841
-0.0264480786249   0.0398703548115   0.998854771194
0.888472641901   -0.406667686081   -0.212691733358
-0.249673835015   -0.81718140195   0.519497631373
-0.385070586321   -0.408455880103   -0.827577607004
0.857641428085   -0.514051473961   0.0142218630009
0.513765000476   0.857706448212   0.0196257845526
-0.0222868471227   -0.00952519038414   0.999706240448
