-0.153178966879   -0.853720121085   0.497692864858
0.704614467919   0.258759013866   0.660728569713
-0.692859787024   0.451891298976   0.561907092289
0.782478507874   0.223229615498   -0.581288156192
0.254292173791   0.737575838069   0.625553650685
0.568386199791   -0.6372993161   0.520371697039
0.953067614273   -0.171738421877   0.249335190688
0.0683597341578   0.924348026828   0.375376707363
-0.294939094747   -0.340714895677   0.892706161512
-0.622468155796   0.730338896512   -0.281315098717
0.350215042829   -0.0615226370123   -0.934646558001
-0.699916075184   -0.680308651163   -0.217479647004
0.579655710903   -0.698599036007   0.419474240592
0.542836730213   0.714977171841   0.440608584301
-0.60772323961   -0.0276952544434   0.793665820338
0.22452337915   -0.9487445602   -0.222425002445
-0.811805153805   -0.0558466558957   -0.581251551644
0.539037581693   0.311070303186   -0.782734599438
0.947484293336   -0.201129181901   0.248637355922
-0.115333734671   -0.940053423578   -0.320930730531
0.29828109598   0.275400538018   -0.91388280998
-0.996172539448   0.0696511664823   0.0527717765875
-0.0821313759848   -0.54003713752   -0.837622315721
-0.0298426284932   -0.838752300577   0.543693896029
-0.988425479963   0.0676063905194   -0.135803324376
0.0597372139528   0.996335556783   0.0612120907173
0.139444011058   0.0523911322818   -0.988842066778
-0.883406518583   -0.229561867738   -0.408527045088
-0.467230277681   0.364702883495   0.805411509482
-0.0359007702641   0.90238194844   -0.429439181453
0.886521710712   0.0354228236173   -0.461329038499
-0.458344497492   0.203517687276   -0.865159456364
0.0632422312518   0.978430266746   0.196658703748
0.20500822447   0.678052822568   0.705844168276
-0.365848769925   0.721973951177   -0.587288931135
-0.907814021497   -0.137833163265   0.396075391231
-0.459187661733   0.791590256554   0.403148275245
0.853206379277   0.266634798712   0.448266927237
0.247351047028   0.549808356995   -0.797824857245
-0.83870888781   0.530807386771   0.121697998053
-0.505835462675   -0.842120959625   0.186981967513
0.201735889918   0.095264314536   0.974796047391
0.00580694439064   0.577749979572   -0.816193125754
0.501546871738   0.704438733219   0.502211907524
0.865110971421   -0.412275424582   -0.285678058305
0.728582876084   -0.682489591008   0.058094342539
0.674320144291   0.69979384848   -0.235756048949
0.120246985296   0.210942005723   0.970074292488
-0.198806436676   -0.924824715868   0.324306922884
-0.959247590318   0.251426100635   0.128952745792
-0.200797897844   -0.285454015735   -0.937121006182
0.101018414331   0.920225360681   0.378130387898
0.868608095933   -0.266900083251   0.417477154594
0.485095125075   0.286273443561   -0.826277404001
0.928994245843   0.00224061309006   -0.370087669325
-0.0444237932226   -0.992079500072   -0.117519121052
-0.367418603134   0.125615273236   -0.921536821903
0.814786043392   0.134765684724   0.563881119083
-0.567347705245   -0.0148508349294   0.823344429195
0.119332676123   -0.990766207516   0.0643587469823
0.204779594203   -0.67580289277   -0.708064813407
0.977730625544   0.107297723576   0.18036084922
-0.0459146353028   -0.729230870289   0.682725558989
-0.491085883138   0.37933914314   -0.784178892289
-0.841863260167   0.0246372254111   0.539128278783
0.223832463708   0.924929653696   0.307252655347
-0.276969849517   0.874267784817   0.398677349551
-0.169216008918   -0.45280409499   0.875405330064
0.945861369832   0.174998257163   0.273353119748
0.167602498584   0.746603512379   -0.643810175307
0.633660399529   -0.581865141856   -0.509809227139
-0.755236945994   -0.322512240559   -0.57061459645
-0.190144869918   0.433341426566   -0.880942740463
-0.915077882096   -0.403276206427   -0.000861482529768
-0.355636575245   0.805967418991   0.473222077922
0.945356395084   0.182619510695   0.270095168646
-0.00280552496046   0.832939936572   -0.553356295421
-0.326026708786   0.522361153768   0.787937439396
-0.0819901799735   -0.844837262205   -0.528703702517
-0.0222717494736   0.531910483534   -0.846507651594
0.996384250097   -0.0576301606857   -0.062427438835
0.925683940818   -0.102057218843   0.364271278292
-0.100724421733   0.861669854593   0.497372747105
-0.3646420587   -0.497100978452   0.787354292332
-0.95789696253   -0.262347366213   -0.116653048359
0.252387617231   -0.963099972175   0.0934858337298
-0.136874266826   0.0601079851642   0.988763100554
0.203191182226   -0.144172250732   0.96846659566
0.261904433862   -0.945056594565   -0.195636686883
0.943461314688   0.293397354879   -0.154267656937
-0.335951823894   -0.236859234247   0.911610752109
0.845781383839   -0.501774410188   0.181318479927
0.414475947383   0.831937644036   0.368903086373
0.635013541539   0.498011313554   -0.590544411664
0.186525277968   -0.840685692427   -0.508386405271
-0.749644109731   0.212680859406   -0.626738631207
-0.329384144412   0.100668163146   0.938814147834
0.811057643141   0.539235546955   0.226738888707
-0.483416572686   0.836116585817   -0.259263321979
0.753400548033   -0.294427154174   -0.587962812013
0.493767293582   -0.33719816311   0.801555535159
-0.434259688682   -0.894209185281   -0.108666784894
-0.991938480849   -0.0622781586751   0.110640789445
-0.0898675282404   -0.271209255199   -0.958336513137
0.0896871267514   -0.960524063205   0.263386854073
0.736931881146   0.610847436291   0.289476770811
0.256073199612   -0.64859785287   0.716761655611
0.625586051398   -0.454077266652   -0.634394087359
-0.510416366706   0.392125140667   0.7653189292
-0.849016566039   -0.088472825566   -0.520906393333
-0.136550576444   -0.915647570892   0.378078681433
0.375285537356   0.878103127492   -0.29680910391
-0.448329696643   -0.10830384879   -0.887282776872
-0.811271366303   0.466052722892   0.353034857
0.726903718215   0.663654862756   0.176560648145
0.576853095406   -0.729570563663   0.367382879082
0.372628428401   -0.165202592786   -0.913158991834
0.610896866865   -0.786954697072   0.0866462182661
-0.746549185215   -0.536155526788   0.393957522761
-0.263570818637   -0.305353107799   -0.915036122577
0.471226750668   -0.843113589579   0.25904617992
-0.810574996764   -0.298173228402   0.504044782803
-0.34772636208   -0.447495746925   -0.823913996984
0.646000907866   -0.698025816584   -0.30893818289
0.0187807665228   -0.390064247806   0.9205961232
-0.76310557872   -0.600508033771   -0.238872408617
-0.164117525532   -0.575417161624   -0.801224368238
0.343469619115   0.728077096428   -0.593238866846
0.924712938643   -0.372557139914   0.078148110633
0.893486687126   0.442270428094   0.0779641118327
0.314952314051   -0.493343881633   -0.810812416902
-0.320135243567   0.74900507606   -0.580090284656
-0.235768969343   0.79499492982   0.558924094787
0.632843175917   0.562073665826   -0.532524873078
-0.737511082539   0.228158469737   -0.635626646484
0.113467883572   -0.0582609065717   0.991832007823
0.879787079906   -0.457936605301   -0.12754921255
0.461627294478   0.887073714162   -0.000703923934063
0.0387429155803   -0.699371812778   -0.713707253741
0.969663443131   0.198828304782   -0.142197412026
0.24135406275   -0.686546695006   0.685858475724
0.153625629778   -0.500433325246   -0.852036177743
0.98587960057   0.0194757878514   0.166319275644
-0.0666376348617   -0.86555599198   0.496358990635
-0.379557561528   0.332553491631   0.863333172826
0.534525141754   0.840479735186   -0.0887506620428
-0.755128376456   0.427787309752   -0.496768640053
-0.109754453016   -0.993956771907   -0.00140552318767
-0.961592641887   0.105824327762   0.253257291297
-0.251578280033   0.0291479005465   -0.967396177823
0.465471013997   0.160848497421   -0.870324358953
-0.244943098157   0.968350340952   0.0479634806363
0.850493743407   0.190854336306   0.490137744727
-0.802133406063   -0.353810501729   -0.481031213551
-0.416396213209   -0.245971352596   0.875274811798
-0.428003613501   0.902391229683   0.0499817825685
-0.709914747265   -0.136036351613   -0.691020233732
-0.316613182716   -0.814783396313   0.485672245654
-0.629103286367   0.56357390705   0.535361393682
0.0516543820415   -0.318638870323   -0.946467685394
0.668759783899   -0.692819409678   0.269743561732
-0.741681980782   -0.646892964852   0.17730571858
-0.898872775248   0.420529549838   0.123221292162
-0.438188010931   -0.859700714438   -0.262501021408
-0.00445603020379   -0.289948990129   0.957031737337
0.48230480738   -0.870962215072   0.0938451689423
-0.546237302428   -0.215262421313   0.809497963856
-0.684840788251   -0.441686499645   -0.579574154938
-0.595385106334   -0.18427285649   -0.78202382676
-0.437819914   -0.741717633057   0.508104280338
-0.673670152349   0.644902900562   0.360928311163
-0.341265892624   -0.89363254045   -0.291476307686
0.938352933183   -0.34204995805   -0.0499556175539
-0.0550574979446   -0.29055580116   0.955272734436
0.648117609169   0.354283023253   -0.674112077447
-0.544557940587   -0.403187663358   -0.735456533698
-0.532353456708   0.843755416605   -0.068385380005
0.762724055265   -0.575279297258   0.295476354608
-0.504342557814   -0.815093925334   -0.285069351524
0.404834695109   0.0684081935589   -0.911829733488
-0.697373963367   -0.369284896218   -0.614247070529
-0.618613926731   -0.122643729758   0.776064525237
-0.361922101952   0.921188364616   -0.14291684991
-0.897259072205   0.18188946932   0.402329583549
0.105599495167   -0.796375960861   0.595532845895
0.42872091093   0.576824795644   0.695324259488
0.572156585828   0.153079022435   0.805731711854
-0.372346217963   -0.82685945918   0.421499064087
0.730749664773   -0.541174629808   -0.416094628626
-0.442125265783   -0.463506519386   0.767910521334
0.415723383835   -0.864515904057   -0.282463837205
0.794794898337   0.194353949489   0.574915209229
0.793996782342   0.136373227021   0.592428437891
0.178008725425   0.879645418167   -0.441063297964
-0.581276186285   0.455660270476   0.6741600073
-0.623874609264   0.526145955647   -0.577884176438
-0.0345506052427   -0.757277501744   -0.652178037607
-0.780759850209   -0.386911321127   0.490625559867
-0.595717662612   -0.367576846929   0.714148106519
-0.515823880286   0.856628687396   0.0106300323662
-0.615667102393   -0.362042172493   -0.69991375229
0.571623136749   0.503377833957   -0.647964259602
0.0594264954277   -0.8130276773   -0.579184095366
-0.818361422039   0.292568762796   -0.494659355847
0.923376108281   0.368535099837   0.107510688867
0.352837829205   -0.92506267202   0.140595755878
0.1512684181   -0.0918889573191   -0.984213906633
0.689065723725   0.724443427097   -0.0192390821958
0.300978979837   -0.261929263188   0.916954026228
0.659242045871   -0.637632145876   -0.398528718968
0.22143113555   -0.163255084421   -0.961413558994
0.789794113372   0.608314119678   0.0786078315917
0.572008315053   -0.776724990016   0.263637590444
-0.301379497891   0.275272820351   -0.912904869559
-0.288560356739   0.886194072356   0.362481708654
0.908792246339   0.372672702202   -0.187647903788
-0.167373544946   0.0850929866769   -0.982216424754
-0.00198448032692   -0.996298628776   -0.0859746774271
-0.985893494895   -0.0124405361324   0.166919080503
0.555381308797   -0.829640088326   -0.0569993488062
0.326227488273   0.154310785197   0.932611284311
-0.764936093943   -0.53654963011   0.356352727969
0.1836169367   0.888101974265   -0.421378323716
0.362958917157   0.337121939206   0.868682688146
0.91353469165   -0.312447870107   -0.260443231502
-0.462209669097   -0.626382397836   0.627699872312
0.177488563234   -0.758872881549   -0.626585619457
0.868826707658   -0.178204433925   0.461934263899
0.185710214246   0.46592965096   -0.865113431407
0.805128210482   0.432549819047   0.405794528767
0.563276356267   -0.771887423948   -0.294804185053
0.253040788123   0.532378832638   -0.807801411325
0.355235437691   0.725521563229   0.589428739116
0.899876727885   -0.436109198764   -0.00553327927885
0.281410597077   0.246523720057   -0.927380157392
0.77025860253   -0.634400875548   0.0650908315417
-0.572284532468   -0.73263987509   -0.368414025402
0.949742038714   0.297731557328   -0.0966747014701
0.239788213211   -0.890477119443   -0.386720568927
-0.201225472885   0.344103335348   -0.917116077281
0.751713482181   0.564615262774   0.340787965539
-0.0286839882753   -0.48826417282   0.872224327022
0.658865738395   -0.665437940663   -0.350839337556
0.610675347534   0.024593941927   0.791499157386
0.341086378381   -0.910215490753   -0.234880010043
0.71465786262   0.413404976573   -0.564234969128
-0.738540023496   0.531116164098   -0.415300000914
-0.207931512227   0.406524571496   0.889664095765
0.6413446474   0.743406576043   -0.189798825814
-0.762249284373   -0.439433878312   -0.475262154633
0.396555298915   -0.897346535819   0.19368357449
-0.511585910612   -0.0408325693089   0.858261367584
0.0382272523546   -0.981177340402   -0.189287401336
0.922040154086   -0.0383863795283   0.385186263873
-0.385202087062   -0.189255198882   0.903217484039
-0.629621461918   0.563578105051   0.53474918078
-0.631727898043   0.0292552435546   -0.774638034304
-0.45221325685   -0.825544632872   0.337608192004
0.991998794618   -0.126121614179   0.00563292911012
-0.0105204377835   -0.127045881986   -0.991841046289
0.125808234398   0.98384586148   -0.127356216376
-0.467743979887   -0.883010772759   0.0388296307553
-0.858504263455   0.443436638454   -0.257554754441
0.210205125206   -0.153805062001   -0.965483335111
0.100829821504   -0.985194515004   -0.138654722785
-0.0467848549929   0.134515584833   -0.989806421265
0.993803069974   0.106288954452   -0.0325290072203
0.35834703796   -0.301113424207   0.883695720255
-0.848614213373   0.289501853961   0.442766998989
-0.389154644192   -0.908580983894   -0.151787002868
0.402268154477   0.24551644347   -0.881987532808
0.443096184948   0.790814591467   0.42222985785
0.801152983473   -0.560654936624   0.209332126797
-0.438913174772   0.197208434244   0.876620816833
-0.889248281816   -0.235201192227   -0.392323706614
0.12881271804   -0.951729599701   0.278600164638
-0.770583576109   0.628709682925   0.104524348531
-0.620775034921   -0.777540804207   0.100343945567
0.144359138463   0.012437282261   0.989447196498
-0.596624287391   -0.749945325406   -0.285694776963
0.764687614886   -0.639270103525   0.0811580208765
-0.243500201892   -0.17004641018   0.954877935188
0.0387422708264   -0.727125652284   0.685410330575
0.853282622844   -0.33288075772   -0.401371605036
0.520007500928   0.600398772123   0.607547128222
0.991275692121   0.124019101657   0.0446291929232
-0.0719724591595   0.225652767189   0.97154557991
0.110419507151   -0.966281589985   0.2326100625
-0.759674282915   0.120365353907   -0.639067637949
0.0213075621528   0.98680086757   0.160530488259
0.649954807729   0.108333888716   -0.752211935358
0.730711061148   -0.565804174425   -0.382003965343
-0.405298134567   -0.809814834439   0.424185902772
-0.549358549084   -0.155131860676   -0.821060056535
0.0788076273564   0.916598805504   -0.391964230941
0.883062669353   0.118265315046   0.454107486421
0.462590154005   -0.381916112488   -0.800093978992
-0.392957392923   0.850038625484   -0.350742374247
0.914011039024   0.402887469025   -0.0476036125716
0.100844922775   -0.339288400292   -0.935262324116
-0.964468395054   0.25347423323   -0.0745150981984
0.174495530804   0.399367460516   -0.900031798519
-0.198375896975   -0.881054335274   -0.429407695469
0.596907829318   0.729212441777   -0.334589691421
-0.799790999557   0.507801515607   -0.320112452285
-0.063524828812   0.458679452164   0.886328244663
-0.643535497943   0.186590015219   -0.742324947998
-0.364298642351   0.778274911135   0.511443716627
0.673163175895   0.599560124021   -0.432873056317
-0.793057714264   0.467226533766   -0.391295589349
0.44679051506   0.00887568565193   -0.89470375414
-0.414476908586   -0.884203561498   -0.215945863698
-0.972738250449   -0.136079510768   0.187782813913
0.201545262615   -0.0955186332001   0.974810516786
-0.11471497535   0.986082351159   0.1203409629
-0.578774969539   0.518442901197   0.629473053527
0.687634142461   0.725215461343   0.0349541350888
-0.438381857562   0.453077767758   -0.77623559222
0.928174166421   0.371985638597   -0.0109271340224
-0.363780712626   0.900728054613   -0.237386953833
-0.0784621609526   0.224311518667   0.971353711172
0.998103175693   -0.0560036608573   -0.0255663961973
-0.00172666584573   0.38965669175   -0.920958561828
0.0615391685758   0.919255809853   0.388820881865
-0.853742961347   -0.394284278847   0.340094217742
-0.51295667956   0.52467389752   -0.679406400709
0.0894405634052   -0.754491563825   -0.650187623703
-0.33998583841   -0.789891220395   0.510374246584
-0.437262363498   -0.347697123491   -0.829402628363
0.832593320356   -0.505152407111   -0.227177812047
0.441192791176   0.285064538631   -0.850933091696
0.348423322353   0.819411140616   0.455155544855
0.827012760584   -0.497296280287   0.262195154619
0.163243086662   -0.407196181825   0.898633897633
-0.955927717498   -0.290585413115   0.0419784449141
0.244036496014   -0.865881782015   -0.436686142522
0.047899605842   -0.599150476853   -0.799202317849
0.9980303665   0.0611582145311   0.0139667889224
0.0405095829516   -0.798297181341   0.600899815748
-0.996906414578   0.0284320148323   -0.0739515137087
0.0737970056627   -0.00647222409179   -0.997277451312
-0.0288306746792   -0.999599886691   0.00430393276051
-0.581783302904   -0.132865787901   0.802418157828
0.327114476405   0.865036702576   0.380404554402
-0.744663908708   0.483795605694   -0.459801589684
-0.822204558752   0.560848151385   0.0971019624473
-0.000539413485847   -0.171363790839   0.985207600723
0.569191662848   0.809989912639   0.141198750034
-0.932338148887   -0.0114948848935   0.361404047917
0.265948798813   0.655377489585   0.70693103133
-0.244982151676   0.755213952644   -0.607976288058
-0.576591021198   0.163639602638   -0.800478672016
0.533797321296   -0.666280169074   -0.520703807992
-0.618550275791   -0.727526024503   0.296819791154
0.300208563142   -0.100052879534   0.948611737635
0.733879251995   -0.611055896083   -0.296701718428
0.609340669062   0.785238872907   -0.110017470616
-0.243626544571   -0.819304783541   -0.519023823366
-0.232944790918   0.568914165787   -0.788716285674
0.941479039564   -0.0712483443302   -0.329455367035
0.951490867088   -0.132063194394   0.277892861893
-0.212372719526   0.371630630196   0.903763522569
-0.222627397249   -0.918939600524   0.325556530815
0.999468426496   -0.017801362712   0.0273125598383
0.0188803973905   0.999030413739   -0.0397713844877
-0.0265780931163   0.0402659150559   0.998835452443
0.888445497389   -0.406603936167   -0.212926827098
-0.249352295013   -0.817066120713   0.519832982115
-0.385341442848   -0.408749477573   -0.827306339042
0.857564786271   -0.514176743168   0.0143147889031
0.513887030941   0.857630917999   0.0197313702231
-0.0224222172546   -0.00956474388631   0.99970283577
