-0.15365897141   -0.853595798038   0.497758142784
0.704447145439   0.258617457327   0.660962368296
-0.692923642561   0.452207083748   0.561574208942
0.782690806403   0.223292361542   -0.580978162567
0.254336636111   0.737201917196   0.625976207116
0.568073920925   -0.63770985379   0.520209734947
0.95313557958   -0.17121975032   0.249432083343
0.0676281610378   0.924164804825   0.375959898951
-0.29488811257   -0.341472123144   0.892433633696
-0.607349348056   0.737057440438   -0.296432915411
0.339212261596   -0.0968121099178   -0.935714716184
-0.71837398716   -0.668859714734   -0.191219855041
0.579046592438   -0.699191856669   0.419327785631
0.543197166635   0.714399579   0.441100986158
-0.607981810907   -0.0276403581301   0.793469677069
0.224461946083   -0.948770860794   -0.222375038381
-0.81155107415   -0.0556761683093   -0.5816227097
0.539445695166   0.3110208612   -0.782473191322
0.947473582904   -0.201153479902   0.248658472941
-0.115240134684   -0.939947977195   -0.321271887748
0.298351252721   0.27574116853   -0.913756793555
-0.996213706177   0.06951026904   0.0522613683983
-0.0816351146756   -0.540312054221   -0.837497582435
-0.0299772610621   -0.838590970038   0.543937144532
-0.988489617417   0.0670099286611   -0.135633704743
0.0591839840884   0.996385519973   0.0609356134898
0.139226751843   0.0522069193191   -0.98888265482
-0.883095687086   -0.230084514784   -0.408904381789
-0.467787152695   0.364354421578   0.805245877876
-0.0362885266016   0.902389527931   -0.429390302848
0.886348158527   0.0352983824384   -0.461671920025
-0.458628828131   0.203916424345   -0.864914827905
0.0636123851899   0.978351718821   0.196929805018
0.205391714827   0.677796356189   0.705979000706
-0.365541584981   0.722282239256   -0.587101114587
-0.907851088863   -0.137478975252   0.396113540153
-0.459785268398   0.791182068929   0.403276265233
0.852807728395   0.266756966663   0.448955854599
0.24762833175   0.550339272443   -0.797377554393
-0.838591029051   0.531224135112   0.120686495306
-0.506533976842   -0.841895330112   0.186104293151
0.200468556585   0.0949336394498   0.975089714556
0.00620338962536   0.57700118871   -0.816719770727
0.501123879865   0.704984573238   0.501868129811
0.865353345576   -0.412391065517   -0.284775780462
0.728221696557   -0.68277382069   0.0592711935325
0.674815722176   0.699251419289   -0.235947447721
0.119653272866   0.21181918412   0.969956559835
-0.19812178314   -0.92498591058   0.324266969444
-0.959171558544   0.251081795409   0.130184504881
-0.201836378096   -0.285235252485   -0.936964951525
0.10044818407   0.920225256412   0.378276509173
0.868554109065   -0.266551790815   0.417804201709
0.485305470354   0.28658693062   -0.826039594292
0.927689126983   0.00625881881678   -0.373301845245
-0.044284656148   -0.990964086158   -0.126666411305
-0.370718639545   0.134038567995   -0.919029993669
0.81476962147   0.1349791269   0.5638537892
-0.567334832699   -0.0148448429175   0.823353386054
0.119505848815   -0.990737223496   0.0644832359291
0.204400048989   -0.676199126503   -0.707796126042
0.977814626434   0.10719858118   0.17996392592
-0.0458167115192   -0.728878041663   0.683108796047
-0.490544503741   0.380257904266   -0.784072691404
-0.841855764652   0.0255698058019   0.539096500166
0.22504428605   0.924526955374   0.30757919931
-0.276332644522   0.874616205364   0.398355082285
-0.169121370048   -0.452279700147   0.87569460711
0.946064606916   0.174612645717   0.272895929705
0.149678467515   0.748441905506   -0.646087268497
0.629922837742   -0.575848223412   -0.521144660845
-0.762096623089   -0.328982147112   -0.5576515479
-0.189099069695   0.433407536019   -0.881135305848
-0.915166029464   -0.403072769539   -0.00185865502828
-0.35596721479   0.806033636895   0.472860559025
0.945335484783   0.18226486123   0.270407734446
-0.00237120171215   0.833038804071   -0.553209483122
-0.326090784736   0.522327363992   0.787933328328
-0.0821293086823   -0.844948307787   -0.52850462414
-0.022075859074   0.531708377833   -0.846639745749
0.996377156008   -0.0578667417835   -0.062321802142
0.925844369147   -0.102065760497   0.363860942233
-0.100429978077   0.861760861608   0.497274610331
-0.364315830362   -0.496941444347   0.787605979182
-0.957817405512   -0.262155561498   -0.117724792621
0.252062292048   -0.963137444531   0.0939665273383
-0.138019078932   0.0603288397744   0.988590490661
0.202964208885   -0.143716927055   0.968582154769
0.262494210716   -0.944979879586   -0.195219955566
0.94334656145   0.293869846341   -0.154072646487
-0.329373222062   -0.246248894472   0.911523369151
0.850706211191   -0.496238867405   0.173337906864
0.409649011689   0.832531422642   0.372933184317
0.634874825532   0.498379286131   -0.590382915627
0.186558570466   -0.84041144214   -0.508826321503
-0.749753159176   0.212900006631   -0.626532950475
-0.329595900254   0.101010744167   0.93870300692
0.810936924708   0.539438585742   0.226687678484
-0.483474725071   0.835944273857   -0.259710081176
0.752992100245   -0.295252935299   -0.588071940278
0.493619932524   -0.337520659638   0.801510572486
-0.435134766434   -0.893815159745   -0.108407661944
-0.99149788097   -0.0673953312105   0.112037784733
-0.0893990787333   -0.275915216161   -0.957069903959
0.0954065018674   -0.958870619882   0.26744076201
0.736539794184   0.611007517159   0.290136079833
0.256428515494   -0.649162294059   0.716123402631
0.625902186677   -0.453054218973   -0.634813612649
-0.510774336696   0.392064364703   0.765111133966
-0.848754106014   -0.0883068296339   -0.521361990906
-0.136842905966   -0.915689571835   0.377871143297
0.375065105098   0.878179018978   -0.296863262268
-0.448014075276   -0.10863670559   -0.887401537139
-0.811547641369   0.465832277101   0.352690707272
0.727046641048   0.66345211188   0.176733631697
0.576468788782   -0.729689345348   0.367748682294
0.372943986263   -0.165489132609   -0.912977672102
0.610659412164   -0.787229796978   0.0858151074238
-0.74665000114   -0.536275007708   0.393601970822
-0.263834724229   -0.304430587143   -0.915266508495
0.471383170606   -0.843174211722   0.258563789224
-0.810435824137   -0.298504141093   0.504072657621
-0.347838697338   -0.447160729373   -0.824048415861
0.645928292946   -0.698050258641   -0.309034703096
0.0185404215405   -0.39035056058   0.920479537249
-0.76317289265   -0.600293396711   -0.239196304458
-0.164263433712   -0.575789686471   -0.800926808309
0.34323418495   0.727852429154   -0.5936506831
0.924774464178   -0.372420563633   0.0780711664852
0.893549899814   0.442118492702   0.0781012779676
0.314942356924   -0.493279135244   -0.810855678734
-0.319968565682   0.749137409512   -0.580011361515
-0.235839964726   0.794789851161   0.559185677054
0.633016229125   0.562236290089   -0.532147361272
-0.737339801309   0.228471995956   -0.635712661626
0.113241640889   -0.0578768029628   0.991880327116
0.879785217363   -0.458045244915   -0.127171092989
0.461686342607   0.887042722343   -0.000950621935385
0.0377845573341   -0.699916366209   -0.713224622418
0.969681199918   0.198124168141   -0.143056445477
0.241434571336   -0.686195202825   0.68618181012
0.153685202703   -0.500191200052   -0.852167591007
0.985958587851   0.0206172783512   0.165712308652
-0.0653184722376   -0.865669492119   0.496336394466
-0.379024796723   0.332052033503   0.863760173271
0.534789811928   0.840350147963   -0.0883826018172
-0.755208611538   0.428430944602   -0.496091588345
-0.109526686002   -0.993981786518   -0.00176209907442
-0.961466439514   0.105494658242   0.253874673828
-0.252161025162   0.0295003795465   -0.967234592815
0.465476019936   0.159731424581   -0.870527391752
-0.245163061489   0.96836160078   0.046592735455
0.850427622477   0.191733360991   0.489909349228
-0.80171750261   -0.353573921877   -0.481891431606
-0.41749939676   -0.245652488404   0.874836336967
-0.427700974739   0.902568470832   0.0493358307279
-0.710080385256   -0.1358818132   -0.690894956063
-0.316386299164   -0.815010133492   0.485461536591
-0.629046434831   0.563302162831   0.535719160932
0.0514861249236   -0.318328482134   -0.946581322939
0.668623941916   -0.693068134416   0.269441394085
-0.741816181929   -0.646779419905   0.177158609303
-0.898847431206   0.420585708568   0.123213419346
-0.4382383657   -0.859605546026   -0.2627280294
-0.00458473420704   -0.290149176031   0.956970453682
0.482261458859   -0.871008949971   0.0936339179641
-0.546352761483   -0.215499082843   0.809357055571
-0.684779206418   -0.44147886977   -0.579805049572
-0.595336845565   -0.184028099113   -0.782120025016
-0.438095058136   -0.741646127054   0.507974553249
-0.673536038257   0.645057428024   0.360904053655
-0.341338214465   -0.893690566442   -0.291213626611
0.93835200844   -0.341998960236   -0.0503209794231
-0.0546233752845   -0.290437367029   0.955333670552
0.648127257865   0.354340267496   -0.674072719096
-0.544511753006   -0.403181750882   -0.735493996824
-0.532388961791   0.843734225546   -0.0683706406364
0.762613777281   -0.575119124045   0.296072053344
-0.503912494768   -0.815193296279   -0.285544145076
0.405577200086   0.0685656935288   -0.911487482505
-0.697407861539   -0.370080993211   -0.613728469757
-0.618471816814   -0.121887486259   0.776296497319
-0.362098312525   0.920968891117   -0.143879521877
-0.896380243814   0.195589339277   0.39775318814
0.095449438235   -0.791120840911   0.604135540705
0.432841995485   0.579512861948   0.690511531854
0.572311823324   0.153308184232   0.805577854416
-0.372065647159   -0.826887062626   0.421692448634
0.730770985386   -0.541067433578   -0.416196437656
-0.44213347026   -0.463355888478   0.76799700231
0.416227291472   -0.86444886785   -0.281927474255
0.794526850886   0.195011742002   0.575063063858
0.793471033366   0.13634446444   0.593139030707
0.178382636923   0.879680270453   -0.440842668842
-0.58187916063   0.455601592232   0.673679328128
-0.624023768446   0.526057017444   -0.577804181495
-0.0347924368103   -0.75741439576   -0.652006276837
-0.780629966179   -0.386764415493   0.490947991223
-0.595869224049   -0.367158826598   0.714236726531
-0.5158786738   0.856603753185   0.00995938550281
-0.61547453188   -0.362525021885   -0.699833220261
0.571754704509   0.504041461898   -0.647332035873
0.0600043709106   -0.812598624924   -0.579726624511
-0.818227373932   0.292618674017   -0.494851779348
0.923161511129   0.369055189432   0.107568776622
0.353397377075   -0.924890359673   0.140309901449
0.151271505668   -0.091514161316   -0.984246312338
0.688935497026   0.724552407826   -0.019790882257
0.301066830719   -0.261216199336   0.917128572863
0.659338027227   -0.637800802786   -0.39809980637
0.221754862632   -0.163436126923   -0.961308185944
0.789616587544   0.60853398475   0.0786895269321
0.572127993217   -0.776514667852   0.263997242825
-0.3008897679   0.274922667252   -0.913171894955
-0.289766760362   0.88591745314   0.362195380826
0.908570639683   0.373587735791   -0.186900049294
-0.167450589905   0.0854096797075   -0.982180634638
-0.000613190616616   -0.996260565919   -0.0865290255611
-0.985887030264   -0.0138864999031   0.166863504038
0.555499523335   -0.829490228517   -0.0580194511798
0.327195451634   0.153905493698   0.932339137091
-0.764436676481   -0.536897654043   0.356899846429
0.18366480337   0.888345133264   -0.420844597947
0.362266998489   0.336822958287   0.869087409785
0.913799689878   -0.312078881451   -0.25995560418
-0.462237234412   -0.626134112308   0.62792756995
0.176800862124   -0.758974193401   -0.626657716972
0.868952481354   -0.178646333558   0.461526980666
0.185981604402   0.466340876387   -0.864833517468
0.804776317643   0.432664205906   0.406370215088
0.563689546192   -0.771574921936   -0.294832509185
0.252639912803   0.532580925973   -0.807793693972
0.354962362798   0.725648024025   0.589437590986
0.90009711461   -0.435651821941   -0.00571853056583
0.281318772979   0.246563118837   -0.927397628135
0.770282057068   -0.634382138749   0.0649986063392
-0.572298248119   -0.732643088207   -0.368386740473
0.949752325843   0.2978096711   -0.0963322964912
0.240093450482   -0.890615393528   -0.38621115275
-0.200812466205   0.343676183743   -0.917366191083
0.751560000054   0.564959395952   0.340556088692
-0.0281853579955   -0.48828327839   0.872229923487
0.659062329537   -0.665131817579   -0.351050599691
0.610668223431   0.0242343630473   0.791515598896
0.341474951414   -0.909884236879   -0.235595360166
0.714478204849   0.414153367513   -0.563912749241
-0.73863147384   0.531252294833   -0.41496349347
-0.207817137188   0.406138629673   0.889867127274
0.641276647921   0.743520319794   -0.189583494799
-0.762366497038   -0.438800239431   -0.475659125234
0.396170652045   -0.897638771442   0.193114925341
-0.511708968069   -0.0412178335925   0.858169573282
0.0382800803291   -0.981086727924   -0.189745742825
0.921849075013   -0.0386117203741   0.385620792309
-0.385653857139   -0.189678530296   0.90293585349
-0.629451188028   0.563765202166   0.534752398682
-0.631910826562   0.029100497705   -0.774494638638
-0.452194690751   -0.82542233725   0.337931915203
0.992036759255   -0.125838839623   0.00525874511903
-0.0107955375562   -0.126556474405   -0.991900634419
0.125485155802   0.983945119727   -0.126907172494
-0.467411696796   -0.883181588265   0.0390854838377
-0.858801202389   0.443122650299   -0.257112852884
0.209756734509   -0.153742663217   -0.965598341517
0.100803012479   -0.985268939172   -0.138144438847
-0.0462012848608   0.134066161087   -0.989894802972
0.993833089487   0.106166836516   -0.032006424458
0.358806074308   -0.301485384587   0.8833825647
-0.84847783554   0.289096303506   0.443292996438
-0.389028990351   -0.908586749284   -0.152074155509
0.403122600722   0.245042351869   -0.88172921794
0.443208588151   0.790676374756   0.422370710998
0.800661173886   -0.561057141394   0.210134641723
-0.439113097936   0.196749640546   0.87662373188
-0.889095248737   -0.235464169531   -0.392512647772
0.12918679121   -0.951759485865   0.27832463862
-0.770556145868   0.628791511635   0.104235279208
-0.620745896717   -0.7774617889   0.101134727252
0.144631567245   0.0132263465868   0.989397178438
-0.59692290352   -0.749816040412   -0.285410240257
0.764332731351   -0.639613439721   0.0817935044311
-0.243882298434   -0.1693239709   0.954908801337
0.0388469155799   -0.726673482285   0.68588376536
0.853149773253   -0.333228090435   -0.401365750541
0.520217602392   0.600753403197   0.60701646055
0.991314716162   0.123565348111   0.0450193088295
-0.0722616889851   0.22577539548   0.971495604855
0.109878941232   -0.966311061043   0.23274351293
-0.759557804028   0.120548207002   -0.639171412485
0.0207406037172   0.98666477745   0.161438670917
0.650109061701   0.109365199669   -0.751929174396
0.730452974508   -0.566046311381   -0.382138934797
-0.404748125794   -0.809471559334   0.425365360223
-0.550106850331   -0.15603944496   -0.820387159145
0.0784652828446   0.916347985681   -0.392618869952
0.882966463979   0.118962367022   0.454112526652
0.462831968853   -0.382301363472   -0.799770124928
-0.392359857485   0.850062365132   -0.35135241894
0.914196664887   0.402537316313   -0.046994810049
0.101484012623   -0.339643974845   -0.935063679034
-0.964588354714   0.253110715239   -0.0742528603047
0.17421025881   0.399921017102   -0.899842642162
-0.198063896653   -0.880909167144   -0.429856300695
0.597007140349   0.729079350048   -0.33470252304
-0.799688176102   0.507618312123   -0.320659436378
-0.0638850420585   0.459093622771   0.886087889458
-0.643422425995   0.187065155688   -0.742303173575
-0.364342822251   0.777977365788   0.511864726396
0.673247117963   0.599798147531   -0.432412209926
-0.797691911097   0.471037971891   -0.376702886177
0.432614791311   0.0115904079269   -0.901533088249
-0.42026929195   -0.88206615166   -0.213064791479
-0.972712922773   -0.135886972342   0.188055819135
0.201794946995   -0.0955158703668   0.974759406895
-0.114494802196   0.986109442562   0.120330442795
-0.579082102178   0.51821225242   0.62938102406
0.687249236863   0.725582737536   0.034903625984
-0.438580549541   0.452753617455   -0.776312964016
0.928096510902   0.372172959611   -0.0111424426139
-0.364058725074   0.900772594482   -0.236790998471
-0.0780904001147   0.223821402895   0.971496715792
0.998111524513   -0.0556932793067   -0.0259160802069
-0.0021549386972   0.389888985577   -0.920859335443
0.0613900709597   0.919176162699   0.389032674199
-0.853656751094   -0.394142238781   0.340472119285
-0.513152419016   0.524609837932   -0.679307671101
0.089128913714   -0.754609973939   -0.650091629726
-0.34012764204   -0.796189524521   0.500395532896
-0.427028961767   -0.34332249246   -0.836526266046
0.837830361178   -0.498208961197   -0.223222658499
0.441138897897   0.284332210654   -0.851206005097
0.349225009316   0.819337500501   0.454673456413
0.826703309535   -0.497836572665   0.262145723067
0.163699953382   -0.407063912358   0.898610701098
-0.95576129457   -0.291093285517   0.0422479084637
0.244382013812   -0.86577335904   -0.43670784601
0.0480914791717   -0.599141969846   -0.799197144273
0.998027310206   0.0611511840792   0.0142122148869
0.0403567036358   -0.798304076739   0.600900926277
-0.997553946127   0.0370811979512   -0.0623282268557
0.0622216063777   -0.00411725549234   -0.998147969104
-0.0372598282906   -0.999397759295   0.0016125475314
-0.582287091564   -0.132867989553   0.802052189811
0.326697724448   0.865151155629   0.380502383812
-0.744452963369   0.483590285881   -0.460358670179
-0.821982486323   0.561188700501   0.0970155782216
-0.000763972106523   -0.1714347585   0.985195174616
0.569512244236   0.809739067953   0.141345108689
-0.932457889233   -0.01148602976   0.361095291039
0.265729198656   0.655349399921   0.707039644927
-0.244764644244   0.755238464088   -0.608033450031
-0.576603501617   0.163706187207   -0.800456541767
0.533954504925   -0.666043242362   -0.520846510863
-0.618403571835   -0.727728510832   0.296629607838
0.300201444688   -0.0999170207325   0.948628316884
0.734239909714   -0.610636244322   -0.296673451376
0.608909557825   0.78558256774   -0.109950820175
-0.243479963712   -0.819551840925   -0.518702535474
-0.233223006629   0.568576490247   -0.788877566778
0.94144812361   -0.0711025050519   -0.329575332224
0.951578265667   -0.132576638998   0.277348585962
-0.21170286292   0.371548458314   0.903954439342
-0.222891680362   -0.918898887455   0.325490583565
0.999448067291   -0.0182880130637   0.0277328212024
0.0194152533036   0.998973068291   -0.0409372297526
-0.0269556809007   0.0414530749022   0.998776768783
0.888368962477   -0.406404515656   -0.213625831165
-0.248380115183   -0.816719883385   0.52084219741
-0.386144978561   -0.409639653691   -0.826491413905
0.857334757985   -0.514552488924   0.0145892301735
0.514253184199   0.857404258868   0.0200398643025
-0.0228204302329   -0.00967831402186   0.99969273189
