-0.15496665597   -0.853278910751   0.497895995823
0.70401849783   0.258183780567   0.661588302188
-0.693068017515   0.453052124315   0.560714268299
0.783239864644   0.223436479901   -0.580182267257
0.254490201805   0.736207527194   0.627083108907
0.567247795037   -0.638807191366   0.519764689082
0.953311394317   -0.169892167054   0.249667853728
0.0657433817762   0.923671255981   0.377503932253
-0.294745981082   -0.343464791045   0.891715618507
-0.606994205718   0.737775132692   -0.29537526395
0.33485736016   -0.0996326310733   -0.93698683979
-0.720714396497   -0.667653834838   -0.186573315117
0.57740019528   -0.700810919748   0.418895062058
0.544193674578   0.712816817188   0.44243127403
-0.608656112106   -0.0274998627865   0.792957436807
0.224317906726   -0.948847699088   -0.222192676218
-0.81085662834   -0.0552602672238   -0.582630173585
0.540548859684   0.310860796549   -0.78177531561
0.9474439954   -0.201183254881   0.248747289805
-0.114948871596   -0.939677112957   -0.322172594349
0.298557654648   0.276647287329   -0.913417256898
-0.996307700705   0.0691733635157   0.0509274607499
-0.0803558253557   -0.541025993641   -0.83716167995
-0.0303562482845   -0.838159759727   0.544580983884
-0.988654954282   0.0653392416621   -0.135228305771
0.0576202688003   0.996519922258   0.0602323799462
0.138693243549   0.051757303539   -0.988979218509
-0.882240526538   -0.231519634523   -0.40993942322
-0.469315136471   0.363405598369   0.804785486963
-0.0373493582176   0.902405139711   -0.429266820691
0.885904599184   0.0349432198858   -0.462549466157
-0.459349188342   0.204923600473   -0.864294286721
0.0645860699177   0.978154007441   0.197593901651
0.206410796213   0.677102491842   0.706347520468
-0.364722206607   0.723110323901   -0.586591151294
-0.907949511888   -0.136541870174   0.396212086477
-0.461406137015   0.790074563844   0.40360412749
0.851725972516   0.26711881314   0.450794063436
0.248348496878   0.55175592743   -0.79617861144
-0.838256495003   0.532364010832   0.117961472884
-0.508413970449   -0.84127007716   0.183793887137
0.197082682565   0.09409313613   0.9758611079
0.00721423213391   0.574955076666   -0.818153147242
0.499977678747   0.70649032345   0.500892933781
0.86600821779   -0.412671867436   -0.282367919338
0.727192863548   -0.683589442194   0.0624180836361
0.676212923109   0.697765146733   -0.236346961975
0.118011123477   0.214077739   0.969661846616
-0.196258503604   -0.925416102921   0.324172240749
-0.958965650116   0.250133217446   0.133485051022
-0.204615461573   -0.284672466888   -0.936533025745
0.0988814957133   0.920244810376   0.378641334906
0.868408379349   -0.265592694177   0.418716665433
0.485887495413   0.287413027213   -0.82541000003
0.929979018842   0.00410613227234   -0.367590359371
-0.0427005631331   -0.991969641651   -0.119110649342
-0.365124902647   0.126466693466   -0.922336126609
0.814730016902   0.135544125758   0.563775477994
-0.567296574988   -0.0148149012663   0.823380297925
0.119956640589   -0.990660541748   0.0648235735036
0.203329107414   -0.677257291326   -0.70709252433
0.978049226752   0.106876934814   0.178877146954
-0.0455739691959   -0.727942226415   0.684122159662
-0.489068419948   0.382690502089   -0.783811271108
-0.841864215451   0.0280010042644   0.538962538735
0.228203356348   0.92345219423   0.308479003574
-0.274619147618   0.875555132674   0.397476437868
-0.168913761927   -0.450868252127   0.876462174578
0.946600470127   0.17355406098   0.271710377877
0.166441926783   0.746336316375   -0.644426382214
0.633505260257   -0.581762043608   -0.510133047419
-0.75562844339   -0.323336888867   -0.569640709816
-0.186288445744   0.433547738631   -0.881664892027
-0.915379699628   -0.402565971292   -0.00454470486553
-0.356898625681   0.806211515151   0.471854180462
0.945297566684   0.181260420526   0.271214250668
-0.0011834339894   0.833311848835   -0.552801917712
-0.326207157032   0.522241343339   0.787942172787
-0.0825470023832   -0.845273909388   -0.527918632558
-0.0215398103428   0.531115965538   -0.847025323676
0.996354405352   -0.0585481040351   -0.0620490868652
0.926284651141   -0.102111917506   0.362725654764
-0.099616837273   0.861985230288   0.497049240127
-0.36341880806   -0.496542664513   0.788271622057
-0.957612005868   -0.261659919086   -0.12046573302
0.251219661173   -0.963235656067   0.0952071885039
-0.140948884098   0.0609082395603   0.98814148294
0.20231393352   -0.142502902032   0.968897386152
0.264090465425   -0.944765868969   -0.194098026303
0.94304053362   0.295145287368   -0.153505790558
-0.329230345956   -0.246427010374   0.911526834203
0.851524714751   -0.494660611959   0.173829250773
0.408060168458   0.833417468508   0.372695923214
0.634497368066   0.499401524821   -0.589924811654
0.186683342019   -0.83965752461   -0.510024466203
-0.750041662984   0.213480077101   -0.625990495701
-0.330190979916   0.10191216751   0.938396447552
0.810599256894   0.53999154742   0.226578896239
-0.483635014641   0.835477744534   -0.260910278549
0.75188209764   -0.297437635059   -0.588391168261
0.493250730639   -0.338396357809   0.801368600978
-0.437466604853   -0.892759077893   -0.107722834836
-0.991685119033   -0.0649399522545   0.112995527699
-0.0910411242248   -0.275418756364   -0.957145704593
0.0932561010267   -0.959270133342   0.266946387697
0.735443764147   0.611480465791   0.291914643917
0.257398358247   -0.650642047011   0.714430767322
0.626792313728   -0.45028532741   -0.635904730341
-0.511705212754   0.391911389994   0.764567349518
-0.848068353964   -0.0878653149157   -0.522551193042
-0.13761481229   -0.915797545715   0.377328790791
0.374487965933   0.878380357627   -0.296996143163
-0.447182804938   -0.109500651598   -0.887714561859
-0.81227230698   0.465249988398   0.351789917276
0.727405645651   0.662931268603   0.177209814164
0.575446670443   -0.729986528115   0.368757106842
0.373821233484   -0.166261262713   -0.912477939238
0.610030639418   -0.787964146838   0.0835175838316
-0.746902507052   -0.536624220991   0.3926465901
-0.264573862032   -0.301905950679   -0.915889614285
0.471831244372   -0.843341363273   0.257197524973
-0.810037625632   -0.299444089226   0.504154884171
-0.348158393434   -0.446215695787   -0.824425312576
0.645733042916   -0.698105379406   -0.309318173203
0.0178984706959   -0.39114816809   0.920153692145
-0.763353455338   -0.599709972958   -0.240082289364
-0.16464461361   -0.576801027008   -0.800120446749
0.342606191687   0.727240619444   -0.594762204176
0.924939539365   -0.372050611263   0.0778793518032
0.893698692645   0.441747321529   0.0784981279904
0.314951642199   -0.493067911556   -0.810980624722
-0.319543604619   0.74949543996   -0.579783192794
-0.235999305988   0.794192071105   0.55996730143
0.633479471351   0.562707355562   -0.531097190407
-0.73689089006   0.229389233563   -0.635902920207
0.112555834727   -0.0568497296658   0.992017787327
0.879788480303   -0.458338295753   -0.126088196901
0.461847823491   0.886957784626   -0.00157291073461
0.0351832597029   -0.701380985831   -0.711917739304
0.969719153787   0.196225412882   -0.145397262471
0.241675231663   -0.685244710939   0.687046413214
0.119570105034   -0.508217121507   -0.852888217391
0.987074886416   -0.0314759534002   0.157138126368
-0.10670577568   -0.860653576975   0.497884803274
-0.377656762776   0.330693868354   0.864879670439
0.53548949714   0.840011498861   -0.0873594282798
-0.755398091974   0.430142112202   -0.494319115202
-0.108895127613   -0.994049052547   -0.00267078271366
-0.961120704959   0.104602391383   0.255547181306
-0.253747201853   0.0303949421023   -0.966791796628
0.46547494149   0.156680556132   -0.871082246435
-0.245746580766   0.968385907627   0.0428643421253
0.850259780753   0.194113206955   0.489263084744
-0.800575715539   -0.352977999379   -0.484224733326
-0.420471736123   -0.244826958236   0.873644867502
-0.426931586478   0.903027334772   0.0475919075353
-0.710460293101   -0.135463430157   -0.690577432348
-0.315815805068   -0.81556382971   0.48488912083
-0.628894194796   0.562589318527   0.53664300852
0.060543188098   -0.309912672836   -0.948835461576
0.682476499479   -0.680817909836   0.265919041216
-0.728395789106   -0.663657474936   0.170289157325
-0.898785379661   0.420741238121   0.123130210116
-0.438359938141   -0.859358999454   -0.26332885145
-0.00498023405769   -0.290651561011   0.956815997793
0.48216993533   -0.871121667841   0.0930548126339
-0.546656273821   -0.216160566201   0.808975611101
-0.684601399815   -0.440932716955   -0.580430251936
-0.595151777287   -0.183355607806   -0.782412848938
-0.438853763757   -0.741461240084   0.507579459881
-0.673198721874   0.64545352671   0.36082008717
-0.341546019553   -0.893832730846   -0.290532863055
0.938342523976   -0.341879768229   -0.0512982503282
-0.0534752554344   -0.290140055935   0.95548895561
0.648132028002   0.354526925635   -0.673969965028
-0.544407021451   -0.403135712663   -0.735596706314
-0.532490234422   0.843677769261   -0.0682782003526
0.762286444659   -0.574718525774   0.297687295119
-0.502783885366   -0.815438598379   -0.286820884402
0.407587382237   0.0689671751307   -0.910556923372
-0.697476073833   -0.372228174467   -0.612351416889
-0.618099122305   -0.119896463333   0.776903428153
-0.362603842559   0.920364953593   -0.146449458631
-0.89741444869   0.18102174214   0.402389298279
0.106235801791   -0.796512700583   0.595246272426
0.428252230485   0.576918797832   0.695536440085
0.572712096508   0.153954875331   0.805169938557
-0.371307465572   -0.826954146765   0.422228715445
0.730843006127   -0.540781118844   -0.416441929993
-0.440621880169   -0.464674766405   0.768068749201
0.418663923399   -0.863225730287   -0.282066848284
0.79408611704   0.197277847523   0.57489882168
0.792035834047   0.136248960142   0.595076008449
0.179417937045   0.879773696995   -0.440235669195
-0.583513872018   0.455449735344   0.672366786522
-0.624456797244   0.525820962048   -0.577552322038
-0.0354624289206   -0.757771928232   -0.651555704115
-0.780254307874   -0.386386769055   0.49184213559
-0.596266115942   -0.366059027959   0.71447003429
-0.51602401619   0.856534914033   0.0081944386537
-0.614968175244   -0.363797639025   -0.69961799516
0.5720953648   0.505836572401   -0.645628531586
0.0615398100535   -0.811426612779   -0.581205189134
-0.817875106941   0.292772919034   -0.495342442992
0.922573674726   0.370466781325   0.10775941665
0.354915691085   -0.924428086607   0.139518488033
0.15130294169   -0.0904705488851   -0.984337480785
0.688521641027   0.72490285569   -0.0213021707163
0.301333534058   -0.259245438043   0.917600040696
0.659648416899   -0.63820653651   -0.396933628994
0.222592124536   -0.163950170945   -0.96102710147
0.789144996931   0.609122679512   0.0788653043987
0.572453423547   -0.775944523704   0.264966367865
-0.299556896588   0.273932778824   -0.913907233336
-0.293050652754   0.885172076176   0.361374742527
0.907957550428   0.376073426743   -0.184883214502
-0.167659585365   0.0862311314702   -0.982066125906
0.00305081265089   -0.996116568204   -0.0879857034285
-0.985839934385   -0.0177477725644   0.166745994332
0.555822320048   -0.829077906064   -0.0607565888318
0.329740934917   0.152790214562   0.931625485349
-0.763107104704   -0.537852168154   0.35830514354
0.183735549397   0.888987421693   -0.419455141216
0.360470324458   0.336056039595   0.870130729437
0.914495706171   -0.311075079679   -0.258708143753
-0.462336066535   -0.625471441322   0.628514872974
0.174948649234   -0.759232865779   -0.626864064558
0.869274662918   -0.179864008053   0.460446021613
0.186655465605   0.467410291379   -0.864110753306
0.803817714398   0.433036942549   0.407867765841
0.564833476774   -0.770718270126   -0.294883961926
0.251546843027   0.533095603293   -0.807795292766
0.354270880526   0.725991965857   0.589430062254
0.90067546901   -0.434447618048   -0.00623926139933
0.281040416004   0.246685781712   -0.927449374076
0.770341285701   -0.634339722326   0.0647090812351
-0.572355239268   -0.732638442037   -0.368307294981
0.949772347776   0.29804971331   -0.0953878754158
0.240940715011   -0.890963661532   -0.384877884669
-0.199699900426   0.342563545423   -0.91802495755
0.751145936597   0.565911286243   0.339888495787
-0.0267909292947   -0.488318871868   0.87225390503
0.659592313155   -0.664295901565   -0.351637440551
0.610632193182   0.0233436900878   0.791570033678
0.342571298009   -0.908986535241   -0.237459509786
0.713983859667   0.416169659082   -0.563053056774
-0.738877102355   0.531603541072   -0.414075468465
-0.207499358956   0.40514122862   0.890395791877
0.641096587495   0.743813367237   -0.189042245874
-0.762707988303   -0.437044636967   -0.476728030375
0.395068152187   -0.898449707184   0.191599762411
-0.512053497961   -0.0422054395369   0.857916082827
0.0384097248098   -0.980839842609   -0.190991750369
0.921341901967   -0.0392327999542   0.3867684524
-0.38685106338   -0.190824367529   0.902181972048
-0.628997430607   0.564252151312   0.534772696297
-0.632390426336   0.0287191665435   -0.774117313203
-0.452155587871   -0.825102887925   0.338763320217
0.992132867126   -0.125116186155   0.00427948162723
-0.0115189290922   -0.125273887045   -0.992055327139
0.12465828602   0.984201401033   -0.125729545222
-0.466448750972   -0.883653977492   0.0397410100067
-0.859598615745   0.442240904249   -0.255954085473
0.208599903222   -0.153551040772   -0.965870416211
0.100784572121   -0.98546248885   -0.136770436008
-0.0445993451974   0.13285716843   -0.990131238933
0.993908128302   0.105889824692   -0.0305610284671
0.351196575436   -0.312605253406   0.882575150517
-0.855271092601   0.276478078428   0.438259287223
-0.381014827701   -0.908756183043   -0.17026407847
0.405383489632   0.243772428403   -0.881044392591
0.443513628015   0.790310177438   0.422735712311
0.799349660868   -0.56212527416   0.212262303598
-0.43960941257   0.195587141881   0.876635172274
-0.888706104388   -0.236167896859   -0.392970961717
0.130173020866   -0.951824766782   0.277641123471
-0.770467734759   0.629026370877   0.103466251081
-0.620683354503   -0.777232686233   0.103254517859
0.145367168968   0.0153344956624   0.98925893438
-0.597704889796   -0.749476487564   -0.284664109988
0.763392810894   -0.640515433405   0.0834936320781
-0.244908303661   -0.167405988276   0.954984372723
0.039113824134   -0.72545927692   0.687152811016
0.852819085831   -0.334139738672   -0.401310723232
0.520739623036   0.601713825061   0.605615995414
0.991418145564   0.122352192887   0.0460434747835
-0.0730106357853   0.226057533529   0.971373996488
0.108441263994   -0.966399469622   0.233050552049
-0.759271142071   0.120947377773   -0.639436677046
0.0191490221941   0.986304598715   0.163818665157
0.650492772512   0.112138182233   -0.751188644351
0.729782202245   -0.566665425938   -0.382502638366
-0.403265073937   -0.80857035017   0.428475798706
-0.552082650925   -0.158444075247   -0.818596643049
0.0775442000884   0.91568531668   -0.394344128699
0.882701536773   0.120824728665   0.454135856539
0.463492058187   -0.383303769916   -0.79890757929
-0.390775517625   0.850114394107   -0.35298491081
0.914682854094   0.401616226572   -0.045375839678
0.103189663982   -0.340601243881   -0.934526816441
-0.964902081228   0.252118541002   -0.0735448470396
0.173417655826   0.401345919276   -0.899361105975
-0.19722809103   -0.880545469341   -0.430983806229
0.597303259429   0.728706046645   -0.334987043017
-0.799388900694   0.507152544646   -0.322139237266
-0.0648552762209   0.460199739594   0.885443388526
-0.643085081137   0.188332499419   -0.742275094889
-0.364462150779   0.777203723466   0.512953891727
0.673504853345   0.600404217216   -0.431168034358
-0.793235130799   0.466513967874   -0.391730757225
0.447330034139   0.0094077966059   -0.894415290951
-0.413502247798   -0.884560676216   -0.21628390145
-0.972650535593   -0.135386609879   0.188733561522
0.202408126148   -0.0954739081472   0.974635882491
-0.113933497482   0.986181838625   0.120266677123
-0.579937678194   0.517561806291   0.629127990962
0.68617923364   0.726600626681   0.0347790484931
-0.439124483107   0.451864249041   -0.776523243112
0.927905865298   0.372631162867   -0.011692774957
-0.364752739205   0.900906903745   -0.235206694579
-0.0771112428139   0.222514643097   0.971875038057
0.99813334083   -0.0548757464617   -0.0268045970757
-0.00325369262055   0.39049453222   -0.920599506031
0.0609856332134   0.918968274464   0.389587063197
-0.853404907983   -0.393824473721   0.34147823906
-0.513708517653   0.524381828875   -0.679064466753
0.0883666381841   -0.754935278692   -0.649821936662
-0.339852750685   -0.788330115039   0.512869593601
-0.435468621213   -0.351443731678   -0.828766469756
0.833586630325   -0.5049974368   -0.223853625926
0.440965314849   0.28235594562   -0.851953467568
0.351320486578   0.819182704227   0.453336092485
0.825907686511   -0.49921419953   0.262033730885
0.164966322634   -0.406720269387   0.898534775376
-0.955318827098   -0.292429290134   0.043023955804
0.24525916636   -0.865484687704   -0.436788518514
0.0485754645139   -0.599133166633   -0.799174494953
0.998021093049   0.0610999629727   0.0148557343501
0.0399289690842   -0.798314626983   0.60091549654
-0.99698533113   0.0299371838763   -0.0715167601082
0.0713580422297   -0.00633592598004   -0.997428275758
-0.0303135574285   -0.999529339486   0.00418527488488
-0.583629893429   -0.132900385258   0.801070391525
0.325547235014   0.865468882859   0.38076583647
-0.743905425679   0.483012538188   -0.46184817001
-0.821399438524   0.562085370241   0.0967614449221
-0.00138158427004   -0.171612094803   0.985163558763
0.57035149854   0.809079219144   0.141738776559
-0.932785134651   -0.0114661687915   0.36025076576
0.265115816153   0.655303404165   0.707312580996
-0.244183724444   0.755278763228   -0.608217445101
-0.576635181926   0.163925423826   -0.800387773127
0.53437809607   -0.665375436781   -0.521263712976
-0.61800662002   -0.728288585279   0.296080516869
0.300189954336   -0.0995469266594   0.948670855695
0.735188772339   -0.609530570312   -0.296597258716
0.60776924246   0.786487682194   -0.109789164185
-0.243098983404   -0.820192984456   -0.517867150784
-0.233937061542   0.567697833655   -0.789298823321
0.941369411468   -0.0707294104936   -0.329880307557
0.95180738511   -0.133964564769   0.275891640032
-0.209906917183   0.371320834241   0.904466651796
-0.223610795294   -0.9187896024   0.325305823473
0.999393942625   -0.0195990006758   0.0287685002954
0.0208554857092   0.998811800166   -0.044045846001
-0.0278710629968   0.0446191327416   0.998615209589
0.888200808108   -0.405812412183   -0.215442935921
-0.245731860082   -0.815785349976   0.523556010392
-0.388220588662   -0.412081702087   -0.824302268174
0.856719740796   -0.515555573276   0.0152884387112
0.515231715867   0.856798437481   0.0208018330606
-0.0238236113751   -0.00994425250869   0.999666718153
