-0.156146325924   -0.853018110931   0.497974272807
0.703664058506   0.257736494516   0.66213953171
-0.693163160245   0.453797277548   0.559993611374
0.783701545856   0.223533328623   -0.579521126424
0.254667486996   0.735339304264   0.628029120478
0.566530101622   -0.639772581544   0.519359878422
0.953458591794   -0.168799179324   0.249847055178
0.0641744856747   0.923232609589   0.378844538418
-0.294615595836   -0.345178773913   0.891096664323
-0.606662371274   0.738436546129   -0.29440257289
0.331102218431   -0.101975939779   -0.938068583754
-0.722725901385   -0.666567936686   -0.182633317234
0.575930901421   -0.702275387499   0.418464903494
0.545110054758   0.711378555991   0.443616475454
-0.609227891306   -0.0273830094273   0.792522268799
0.224218470636   -0.948922417544   -0.221973744193
-0.810227117918   -0.0549449115726   -0.583535004566
0.541533115348   0.31068847685   -0.781162340182
0.947417646361   -0.201164884004   0.248862333805
-0.114641552302   -0.93944614441   -0.322950599799
0.298759244591   0.277439119211   -0.913109685861
-0.99637462785   0.068926842043   0.0497916754511
-0.0792892788558   -0.541631337166   -0.836864940308
-0.0307136900547   -0.837782076977   0.54513865792
-0.988798540525   0.063781771665   -0.134928213147
0.0561475826851   0.996638936772   0.0596512564817
0.138279376837   0.0514072859087   -0.989056315515
-0.881459674145   -0.232822466261   -0.410880845706
-0.470703605182   0.362550961073   0.804360053303
-0.0383077829285   0.902413806679   -0.429164578953
0.885540568307   0.034605004006   -0.463271411036
-0.459932461268   0.205739970115   -0.863790037224
0.065421996738   0.977994678428   0.198107052529
0.207299286032   0.676482727634   0.706681073369
-0.364005694283   0.723842672431   -0.586132787904
-0.908034622012   -0.135731019815   0.396295629961
-0.462854604461   0.789081685146   0.403874694912
0.850756816467   0.267480514792   0.452400865038
0.24895283541   0.5529952962   -0.79512108165
-0.837937482341   0.533396305238   0.115542795773
-0.510080574358   -0.840692698201   0.181809176701
0.194112245258   0.0934085147559   0.976522041808
0.00804261145026   0.57310434057   -0.819442980006
0.498951870935   0.707868995432   0.49996853432
0.866592414663   -0.412883663566   -0.280258367808
0.726212310121   -0.68437325092   0.0651838597994
0.677526840251   0.696415490014   -0.236564679734
0.116503488753   0.215959997185   0.969426746533
-0.194585484558   -0.925793798731   0.324102664497
-0.958782287405   0.249266954567   0.136391495309
-0.20705849478   -0.284204076089   -0.936138427942
0.0974583039476   0.920282173859   0.378929600449
0.868275213944   -0.264712500337   0.419562285177
0.486420676442   0.288123374216   -0.824857589222
0.930578454557   0.00532893208946   -0.366054282447
-0.0415669309332   -0.991895602138   -0.12011097789
-0.363725618383   0.126988421676   -0.922815563498
0.814700841587   0.136036132472   0.56369913006
-0.567257220847   -0.0147720994791   0.823408179253
0.120340284051   -0.990593738586   0.0651326366697
0.202319982318   -0.678184269822   -0.706493253112
0.978267432296   0.106527326219   0.177889726913
-0.0453811793027   -0.727129988515   0.684998194667
-0.490174347114   0.365519429519   -0.791280338103
-0.839255158827   0.0471792615485   0.541687034035
0.235329142278   0.92960723486   0.283638051007
-0.273102307016   0.876388038251   0.396685094372
-0.168787320402   -0.449618141594   0.877128431298
0.947061718241   0.172590413787   0.270714996893
0.165548815197   0.746129108326   -0.644886875724
0.633478296654   -0.581615159146   -0.510311615955
-0.755839253043   -0.324043286334   -0.5689393221
-0.183803490884   0.433628845001   -0.882146395309
-0.915541899418   -0.402162923081   -0.00692587853437
-0.357769853933   0.806368998764   0.470924359238
0.945285290298   0.180310773065   0.27188921274
-0.000107635017646   0.833562309114   -0.552425435711
-0.326244857895   0.522170373272   0.787973597194
-0.0829686833667   -0.845594036645   -0.527339443385
-0.0210554406701   0.530533254848   -0.84740257203
0.996329680265   -0.0592045256442   -0.0618219929548
0.926683747226   -0.102179676625   0.36168569973
-0.0988736155956   0.8621597703   0.496894895203
-0.362603419514   -0.496225596301   0.78884657258
-0.957438733795   -0.261248085133   -0.122719935532
0.250516351827   -0.963316699288   0.0962401521931
-0.143360740896   0.0614007120559   0.987763963955
0.201689367067   -0.141438974194   0.969183266134
0.265514032789   -0.944570648723   -0.193101192375
0.942774355383   0.296278228501   -0.152955612313
-0.329140387161   -0.246567263389   0.911521331708
0.852229894018   -0.493278996552   0.17429853951
0.406658039729   0.834194436422   0.37249007559
0.6341578222   0.500344978821   -0.589490340208
0.186834531081   -0.838967598454   -0.511103455195
-0.750291154837   0.213983144394   -0.62551966577
-0.330745445658   0.102685100805   0.938116848919
0.810285083424   0.54048947434   0.226515368994
-0.483782529381   0.835061015066   -0.261968637929
0.75088691674   -0.299327452654   -0.588703591731
0.492955516106   -0.339181350623   0.801218381619
-0.439503927138   -0.891829082275   -0.107131724081
-0.994801578141   -0.0526947167192   0.0892546188391
-0.0725165356372   -0.261614547684   -0.962567023396
0.0740572225607   -0.963855377793   0.25619822577
0.734423614046   0.611949298336   0.293496165876
0.258272234155   -0.651905117833   0.71296219793
0.627628390197   -0.447814357608   -0.636824018777
-0.512490349049   0.391787870539   0.764104642037
-0.847485886203   -0.0874808350151   -0.523559714156
-0.138279832837   -0.915887201624   0.37686777607
0.37399576205   0.878556241794   -0.297096070421
-0.44646934648   -0.110225036857   -0.88798396366
-0.812891301287   0.464746519157   0.3510247561
0.72769290339   0.6625000728   0.177642150607
0.574555267177   -0.730220299315   0.369682059171
0.374632253137   -0.166949793217   -0.912019042999
0.609486072641   -0.788605459396   0.081413791276
-0.747103520099   -0.536962124852   0.391801223283
-0.26526044985   -0.299621924634   -0.916440852006
0.472258583614   -0.84349378173   0.255910119993
-0.8096589071   -0.300333773787   0.504233952857
-0.348459758775   -0.445328715943   -0.824777455828
0.634987600594   -0.707317576625   -0.310632598645
0.027668393336   -0.381020903818   0.924152368755
-0.772026700026   -0.59542000845   -0.222373221803
-0.164967580141   -0.577707375612   -0.799399726871
0.342051868115   0.726692253359   -0.595750700596
0.925087160584   -0.371715705756   0.0777252161682
0.893804496014   0.441464388393   0.0788842261062
0.31500464084   -0.492835905656   -0.81110104722
-0.319195243694   0.749814661322   -0.579562279789
-0.23610653694   0.793610074265   0.560746521525
0.63388661359   0.563163105352   -0.530127386037
-0.736506193109   0.230283161219   -0.636025291652
0.111858208818   -0.0559452018394   0.992148132139
0.87980018643   -0.458599918603   -0.125051242643
0.461995036417   0.886880102224   -0.00207759718237
0.0328524874954   -0.702677296975   -0.710749826104
0.969740284107   0.194539542485   -0.147506390493
0.241918334096   -0.684396792929   0.687805600872
0.117713001949   -0.507960457695   -0.853299349797
0.987365107643   -0.0319254436877   0.155212309007
-0.106083698821   -0.860788528081   0.497784425964
-0.376525303837   0.329479973692   0.865835772381
0.536095302481   0.83972305737   -0.0864118443957
-0.755533231868   0.431634251572   -0.492809644551
-0.108314868438   -0.994110988835   -0.00342112361021
-0.960810112218   0.10380152659   0.257039984747
-0.255171100381   0.0311282408082   -0.966395147569
0.46545498053   0.153924902291   -0.871584066526
-0.246256525307   0.968398886476   0.0395135468355
0.85012315832   0.19624148668   0.488651096474
-0.799513298259   -0.352486429244   -0.486301059848
-0.423098830014   -0.244111845731   0.87256346556
-0.426289553768   0.903400763   0.0460590857665
-0.710768644282   -0.135094071005   -0.690336306539
-0.315364787553   -0.81603793527   0.484390586677
-0.628776331392   0.561995357337   0.537404272742
0.0609876235224   -0.307975124162   -0.949437637883
0.682675052839   -0.681065189592   0.264773434842
-0.728172560292   -0.664305293118   0.168710391018
-0.898738270584   0.420884961232   0.122987465426
-0.438453024284   -0.8591517572   -0.263851735759
-0.00538634745833   -0.29105779903   0.956690314232
0.482120234599   -0.87120536528   0.0925272304235
-0.546915208916   -0.216777933885   0.808635316876
-0.684429566223   -0.440463997337   -0.580988492327
-0.594941434512   -0.182744900894   -0.782719232497
-0.439551229787   -0.741324754356   0.50718119886
-0.672933735308   0.645788164402   0.360718723417
-0.341743904468   -0.893942667896   -0.289961489942
0.938326643055   -0.341793452543   -0.0521574741386
-0.0524811401029   -0.289903083273   0.955615997184
0.648112190539   0.354730829335   -0.673881764597
-0.544334963225   -0.403061668011   -0.73569066962
-0.532588060087   0.843627496159   -0.0681367929656
0.761961980691   -0.574398884599   0.299130680505
-0.501817474191   -0.815633730654   -0.287950553232
0.409380587284   0.0692980510656   -0.909725079528
-0.697506541184   -0.374133686853   -0.611154050756
-0.617780487371   -0.118184851995   0.777418836811
-0.363087536026   0.91981343911   -0.148698110294
-0.897584586628   0.180501537657   0.402414809263
0.106615999973   -0.79664814539   0.595106664915
0.427962045468   0.577007893343   0.695657026392
0.573045682853   0.154564060953   0.804815935652
-0.370629511092   -0.827006936843   0.42272176847
0.730925786059   -0.540527408271   -0.416626844537
-0.44070201405   -0.464688776958   0.768014416383
0.419554472936   -0.863006208355   -0.28141502628
0.79357157676   0.198203716782   0.575290760723
0.790740019266   0.136143216607   0.596820948609
0.180370026943   0.879855305872   -0.439683173517
-0.584975959769   0.455323691746   0.671180645872
-0.62487694268   0.525614518845   -0.577283958451
-0.0360804384708   -0.758074065557   -0.6511684741
-0.77988819267   -0.386071958683   0.492668659168
-0.596601519841   -0.36511667351   0.714672217821
-0.516152369778   0.856470720593   0.00668059407223
-0.614535023715   -0.364894113257   -0.699427569089
0.5723812233   0.507435396045   -0.644118731693
0.0628791672288   -0.810371141186   -0.582532697099
-0.81757313557   0.292929089886   -0.495748241708
0.922041718053   0.371729254485   0.107964156714
0.356273799897   -0.924013894435   0.138791381863
0.151353484538   -0.0895065893256   -0.984416733347
0.688080651873   0.725279929483   -0.0226726650863
0.301605167234   -0.257438179986   0.91801957725
0.65998435508   -0.638509706274   -0.39588640772
0.22329296952   -0.164438581563   -0.960781049055
0.788735502862   0.609639559273   0.0789678740547
0.572744775492   -0.775435085292   0.265826768836
-0.298359061481   0.272995871908   -0.914579219467
-0.296006935233   0.884510056912   0.360585434646
0.907392852657   0.378305716724   -0.183092921238
-0.167887661924   0.0869201679711   -0.981978204804
0.00626604044778   -0.996010473199   -0.089232619783
-0.985797670442   -0.0211331042704   0.16665069749
0.556110848293   -0.828703760958   -0.063172903748
0.331928223515   0.151771913325   0.931015020828
-0.761947763057   -0.538716429253   0.359472163812
0.183732577485   0.889540869255   -0.418281470159
0.358955431242   0.335422259233   0.871001097352
0.915091987035   -0.310175684302   -0.257677530968
-0.462455206978   -0.624889291474   0.629006506653
0.173303403309   -0.759447746269   -0.62706124868
0.869541110249   -0.180978597065   0.459505427609
0.187184666819   0.468312408317   -0.86350762343
0.80295782863   0.433440973545   0.409130378623
0.565880422835   -0.769943133931   -0.294901611687
0.250563676978   0.533516402974   -0.807823066041
0.35370912744   0.726301019006   0.589386705185
0.901170190051   -0.433413293337   -0.00672496761424
0.280753922981   0.246816211282   -0.927501480656
0.770390295325   -0.634311721649   0.0644006352899
-0.572429936009   -0.732618868721   -0.368230320913
0.949780401828   0.29829915313   -0.0945239285778
0.241723467391   -0.891241841197   -0.383740274538
-0.19871316802   0.341620327603   -0.918589932734
0.750779056734   0.566782904954   0.339246169019
-0.0254943853452   -0.488332861569   0.872285017411
0.660061255383   -0.663542202075   -0.352180316209
0.610580622015   0.0226481630154   0.79163014477
0.343604974324   -0.908182792312   -0.239038181276
0.713531251604   0.417960155039   -0.562300761476
-0.739093715186   0.531896839987   -0.413311156105
-0.207207177628   0.404307227299   0.890842752893
0.640941140581   0.744057374437   -0.188608048146
-0.763039558303   -0.435428936387   -0.477673650137
0.394011180496   -0.89919441895   0.190274582121
-0.5123725835   -0.0430217190953   0.857684939023
0.0385062569687   -0.980617754902   -0.192109510519
0.920900649582   -0.0398033857969   0.387759795876
-0.387890756347   -0.191844949035   0.901518870753
-0.628600414033   0.564662636103   0.534806128354
-0.632801889597   0.0284224968812   -0.773791904286
-0.452131901174   -0.824832255677   0.339453208824
0.992211054652   -0.124520522476   0.00344417827469
-0.0121399675761   -0.124177709323   -0.992185716826
0.123975175212   0.984415824217   -0.124722170969
-0.465540707047   -0.884103720399   0.0402843477962
-0.860318606111   0.44140493927   -0.254970398142
0.207639382297   -0.15335781534   -0.966102657187
0.10083018898   -0.985626354836   -0.135550842226
-0.0431437455338   0.131785288021   -0.990338993418
0.993967785895   0.105704272938   -0.029235705546
0.351990978438   -0.313941389173   0.881784078118
-0.855331957191   0.274724774592   0.439242014166
-0.380144182208   -0.908827325824   -0.171823461437
0.407342004874   0.24265100744   -0.880450435896
0.443788773682   0.789992512692   0.423040601892
0.798200479726   -0.563056227284   0.214111341066
-0.43999857109   0.194639439285   0.876650823467
-0.888388921917   -0.236782337013   -0.393318166032
0.131020231359   -0.951866348281   0.277099465732
-0.770371694736   0.629254024687   0.102794778764
-0.620649296579   -0.777009705404   0.105120456252
0.146020015001   0.0171823188992   0.989132409125
-0.598374670726   -0.749182828549   -0.284029631329
0.76257621419   -0.641291644083   0.084985487635
-0.245815499139   -0.165741078084   0.955041692859
0.039330643023   -0.724387182961   0.688270510024
0.852556691398   -0.334922286109   -0.401215814463
0.521152735538   0.602569706329   0.60440844567
0.991507930748   0.121287709768   0.0469181706346
-0.0736377921747   0.226253111971   0.971281115879
0.107189079855   -0.966487879882   0.233263114029
-0.759048942059   0.121185843577   -0.63965547185
0.0176600187323   0.985993689653   0.165845021357
0.650794326258   0.114588126292   -0.750557614012
0.729215610929   -0.567176965223   -0.382824879265
-0.401950028883   -0.807799906726   0.431156027754
-0.553787659979   -0.160529237548   -0.817037102598
0.0767262076589   0.915112212223   -0.395831585534
0.882458522839   0.122462535512   0.454169355014
0.464090465896   -0.384151645323   -0.798152484979
-0.389404535646   0.850147647233   -0.354419487774
0.915099007459   0.400824921384   -0.0439684751259
0.104680475533   -0.341450432949   -0.934052312286
-0.965166507145   0.251224037346   -0.0729119114078
0.172684278426   0.402534661444   -0.898965352469
-0.196493775348   -0.880252831869   -0.431888524551
0.597600845927   0.728358206116   -0.335212675465
-0.799096289314   0.506775588858   -0.323455723211
-0.0657140366565   0.461164621428   0.884877874688
-0.642746974599   0.189440600224   -0.742286155389
-0.364569314174   0.776550361931   0.513866491481
0.673769762351   0.600900836154   -0.430061186079
-0.798065531322   0.471124066798   -0.375734034413
0.432236595837   0.0130561772987   -0.901678663985
-0.419887456531   -0.881983560816   -0.214075332503
-0.972606301612   -0.134962124124   0.1892644008
0.202879490957   -0.0953984279704   0.974545221741
-0.113471143941   0.986247282441   0.120166821325
-0.580732896809   0.516950587126   0.628896762346
0.685190180632   0.72753799413   0.0346819758686
-0.439617405917   0.451054889736   -0.776714706864
0.927759020878   0.372982173857   -0.0121448421295
-0.365302801433   0.901043590045   -0.233825388139
-0.0762696694027   0.221370158011   0.972202751838
0.998151976677   -0.0541730966037   -0.0275301106376
-0.00416375934979   0.391006881139   -0.920378324105
0.0606242071736   0.918792072223   0.390058727582
-0.853143744857   -0.39361699252   0.342358040053
-0.514235484885   0.52411606581   -0.678869356259
0.0877794422092   -0.755226720913   -0.649557730669
-0.339787126486   -0.787252376391   0.514566673502
-0.434415260865   -0.35388543239   -0.828280715467
0.834163381323   -0.504974512579   -0.22174898328
0.440776960876   0.280598754574   -0.852631221205
0.353102827956   0.819097680795   0.452103283408
0.825247873873   -0.500343207119   0.26195917266
0.166130019856   -0.406430266083   0.898451589796
-0.954932443083   -0.293578553634   0.0437683451005
0.245977335426   -0.865231805759   -0.43688565949
0.0489679790686   -0.599142082249   -0.799143866607
0.998017899479   0.0610151187874   0.0154092378366
0.039527541987   -0.798314435276   0.600942295969
-0.997121487135   0.0308851469481   -0.0698876272201
0.0697269551629   -0.00627280066773   -0.997568977801
-0.0312461911946   -0.999525798289   0.00405626937807
-0.584804683831   -0.13296317214   0.800202602389
0.324495055732   0.865759188675   0.381003910677
-0.743442243097   0.482474679129   -0.46315413086
-0.820900319513   0.56285831829   0.0965086148158
-0.00194668785265   -0.171752799101   0.985138395656
0.571068830885   0.808512190211   0.142087206986
-0.933080971878   -0.0114542887776   0.359485149017
0.264544323157   0.655297764742   0.707531834134
-0.243674114713   0.755283916481   -0.6084158593
-0.576663941306   0.164167855665   -0.800318522159
0.534754072115   -0.66475416387   -0.521672527101
-0.617655975524   -0.728802482392   0.295548618822
0.300185952419   -0.0992140320554   0.948707003863
0.736004032432   -0.608579913283   -0.296527528099
0.606783707412   0.787265575596   -0.109665221246
-0.242783337508   -0.820730665635   -0.517162795488
-0.23453080089   0.566958172536   -0.789654171247
0.941303078707   -0.0704242942522   -0.330134608158
0.952003473823   -0.135199648812   0.274609618492
-0.208324221447   0.371110536095   0.904918787555
-0.22425522595   -0.918693663999   0.325133157919
0.999346848503   -0.0207675502263   0.0295733872959
0.0221370502748   0.998660828562   -0.0467600308432
-0.0285626921645   0.0473841570245   0.998468284053
0.888096087991   -0.405222698253   -0.216979068612
-0.243347822827   -0.814954468806   0.525957469886
-0.389957931732   -0.414299393946   -0.82236794304
0.856178008285   -0.516437497472   0.0158597231626
0.516093585158   0.856264923484   0.0213961130444
-0.0246298796713   -0.0101337801229   0.999645274851
