-0.156317775825   -0.85298208313   0.497982279219
0.703614970874   0.257667337001   0.662218647041
-0.693174406134   0.453904317655   0.559892958628
0.783766140961   0.223544834376   -0.579429328247
0.25469620359   0.735215315204   0.628162628619
0.566427827076   -0.639911049397   0.519300849723
0.953479097109   -0.168648463106   0.249870581671
0.0639565993191   0.923169359427   0.379035470295
-0.294596614197   -0.34542152543   0.891008869436
-0.606613146282   0.738533367693   -0.294259693057
0.330569763958   -0.102300732809   -0.938220689295
-0.72301032725   -0.666410455702   -0.182079742017
0.575718651922   -0.702488382507   0.418399449132
0.545244495224   0.711168848033   0.443787454857
-0.609308187224   -0.027366715254   0.792461098312
0.22420641737   -0.94893364469   -0.2219378327
-0.810135348238   -0.0549036299483   -0.583666243145
0.541675346626   0.310661397389   -0.781074434266
0.94741383283   -0.201158828801   0.248881910567
-0.114593580133   -0.939415629428   -0.323061057984
0.298789878015   0.27755226785   -0.913066910327
-0.996393312493   0.068895023419   0.0496325232343
-0.0791413894757   -0.541724345051   -0.83682659223
-0.0307660866274   -0.837732404017   0.545215591767
-0.988815764934   0.0635518753846   -0.134889438789
0.0559292087276   0.996656056136   0.0595702409343
0.138224184472   0.0513599954144   -0.989063619326
-0.881346137126   -0.233011999684   -0.411018112143
-0.470905849296   0.362426841104   0.804297813144
-0.0384468673073   0.902414926258   -0.429150642685
0.885490482957   0.0345546281651   -0.463370890837
-0.460012050836   0.205851854997   -0.863720978285
0.0655402005507   0.977972899889   0.19817540377
0.207426085544   0.67639314393   0.706729601516
-0.363903410635   0.723947957616   -0.586066259839
-0.908046652184   -0.135615884162   0.39630746423
-0.463069506019   0.788940802692   0.403913452679
0.850619510291   0.267533019349   0.452632360927
0.249038382823   0.553174489013   -0.794975785347
-0.83788950277   0.533546494182   0.115194549945
-0.510320378605   -0.840607503754   0.181528513307
0.1936872659   0.0933146746704   0.976615390229
0.00815674365502   0.572835224692   -0.819629974118
0.498803484265   0.708070678491   0.499830976131
0.866676740894   -0.412911280987   -0.279956655014
0.726065998303   -0.684490632117   0.0655800309046
0.677721548974   0.696218833382   -0.236585793913
0.116282707082   0.216221900761   0.969394873951
-0.194343082472   -0.925847740587   0.324093649423
-0.958755703386   0.249140548983   0.136808138405
-0.207408373917   -0.284138921584   -0.936080543883
0.0972507826075   0.920289364185   0.378968039366
0.868256118622   -0.26458340075   0.419686486556
0.486498305413   0.288223733737   -0.824779142887
0.930662464607   0.00550599970428   -0.365837925931
-0.0414024166154   -0.991884305281   -0.120252908009
-0.363529289027   0.127061425907   -0.922881856786
0.814697151883   0.136106413693   0.563687500671
-0.567251029521   -0.0147647817814   0.823412588048
0.12039445074   -0.990584203791   0.0651776750867
0.202170180122   -0.678316722639   -0.706408961113
0.978299607508   0.106472175896   0.177745687395
-0.0453549832064   -0.727014494509   0.685122501237
-0.490023983056   0.365668976647   -0.79130439841
-0.839223718303   0.0476072823535   0.541698318987
0.235754113562   0.929526609449   0.283549393962
-0.272884256472   0.876507869642   0.396570361419
-0.168773525675   -0.449438434378   0.877223171953
0.947127021118   0.172449850205   0.270576063344
0.165407486297   0.746100452567   -0.644960692735
0.633482185031   -0.581597491895   -0.510337468651
-0.755870691152   -0.324157562521   -0.568841831226
-0.183446635925   0.433637453295   -0.882216478221
-0.91556327226   -0.402108311316   -0.00726831424524
-0.357898379199   0.806391649884   0.470787922219
0.945285098029   0.180169660994   0.27198341188
4.89173792074e-05   0.833599015382   -0.552370055356
-0.32624543014   0.522160486541   0.787979913574
-0.0830332647069   -0.84564245755   -0.527251614958
-0.0209851682386   0.530445079257   -0.847459509885
0.996325777143   -0.0593028850016   -0.061790525618
0.926741753217   -0.10219142009   0.361533729335
-0.0987651141408   0.862183045719   0.496876090868
-0.362484725217   -0.496182739631   0.788928080115
-0.957414358403   -0.261191009693   -0.123030746187
0.250418634005   -0.963327709388   0.0963835695193
-0.14369347861   0.0614698396431   0.987711314235
0.201595884505   -0.141286722696   0.969224882654
0.265719362223   -0.944542182838   -0.192957465505
0.942736459307   0.296441267276   -0.152872911986
-0.329130250184   -0.246586131481   0.911519934034
0.852329803082   -0.493081688941   0.174368548541
0.406456906891   0.834305557756   0.372460782138
0.634108651456   0.500483408339   -0.58942559022
0.186859145529   -0.838866292688   -0.511259966011
-0.750326481047   0.214054785256   -0.625452236282
-0.330827146842   0.102794234096   0.938076095217
0.810238775252   0.540561711785   0.226508649676
-0.483804239398   0.835000830381   -0.262120366327
0.750742977642   -0.299595683886   -0.588750722625
0.492915451454   -0.339294911501   0.80119495208
-0.439794662216   -0.891695811203   -0.107047935864
-0.991629611664   -0.0624310180257   0.113955296042
-0.0926949746618   -0.274790326937   -0.957096692977
0.0910553852345   -0.959546145854   0.266567907891
0.734273112592   0.612020553518   0.293724104982
0.258398981262   -0.652083204102   0.712753487435
0.627752319198   -0.447457718047   -0.636952657643
-0.512600234957   0.391770957686   0.764039604049
-0.847404063962   -0.0874260893447   -0.523701281075
-0.138373957891   -0.915899664883   0.376802935154
0.37392638398   0.878581465694   -0.297108893569
-0.446368603495   -0.11032589438   -0.888022136529
-0.812978570636   0.464674997489   0.350917395591
0.72773171104   0.66244061093   0.177705281101
0.574428273245   -0.730252074667   0.369817748326
0.374751769625   -0.167049229485   -0.911952236858
0.609408688421   -0.788696989687   0.0811062364324
-0.747130796584   -0.537013015553   0.39167976361
-0.265361519303   -0.299290031379   -0.91652020924
0.472322178105   -0.843516053464   0.255719434942
-0.809602679516   -0.30046599027   0.504245668713
-0.34850432304   -0.44519755238   -0.824829608076
0.634899276947   -0.707356570402   -0.310724250414
0.0277123617738   -0.381073430399   0.924129292752
-0.772097728588   -0.595339908813   -0.222340702257
-0.165012797084   -0.577838466542   -0.79929561603
0.341972007377   0.726613074393   -0.595893099407
0.925108599783   -0.371666714052   0.0777041248892
0.893817712588   0.441427201811   0.0789424966656
0.315015763823   -0.492799013713   -0.811119065845
-0.319147240035   0.74986071769   -0.579529013951
-0.23611980715   0.793522669653   0.560864730872
0.633944942335   0.563231404472   -0.529985101818
-0.736451820337   0.23041738391   -0.63603977421
0.111751212202   -0.055815334526   0.992167487725
0.879802458825   -0.458637733535   -0.12489626536
0.462016567572   0.886868700591   -0.00214686071008
0.0325152662532   -0.70286362656   -0.710581113829
0.969742364804   0.194296828722   -0.147812452367
0.241955662833   -0.684274431517   0.687914218713
0.117446716771   -0.507926072998   -0.853356529774
0.987406644898   -0.0319874941902   0.154935181929
-0.105992358924   -0.860806538867   0.497772758371
-0.376368985758   0.329304665291   0.865970545501
0.536181420052   0.83968242873   -0.0862723739556
-0.75555015257   0.431847050626   -0.492597469715
-0.108229244825   -0.994119611494   -0.00352505060199
-0.960764733068   0.103685896252   0.257255123818
-0.255376889383   0.0312292984519   -0.966336905932
0.465450599308   0.153524604939   -0.871656998445
-0.246329503753   0.968400016149   0.0390279844999
0.850104407023   0.196549239814   0.488560008266
-0.799394001108   -0.352426529882   -0.486609808227
-0.423484296558   -0.244035879907   0.872424416866
-0.426209590455   0.903470449771   0.0458195907639
-0.710807724886   -0.135040405279   -0.69030307795
-0.31530358184   -0.816101186489   0.484318585398
-0.628759017243   0.561911852362   0.537510627375
0.0610540511052   -0.307690346301   -0.949525661089
0.682701057135   -0.681103878833   0.26460658135
-0.728142566301   -0.664397491793   0.168476442781
-0.898731572752   0.420906144304   0.122962046054
-0.438465458232   -0.859122254706   -0.263926274814
-0.00544876315395   -0.291113473215   0.956673015548
0.482115614547   -0.871216080553   0.0924501249308
-0.546951554186   -0.216869185613   0.808586196499
-0.684403741944   -0.440397752924   -0.581069002629
-0.594908951884   -0.18265605838   -0.782767372735
-0.439653703281   -0.741308530611   0.507120663726
-0.672898667462   0.645835513675   0.360701731498
-0.341773158232   -0.893957255529   -0.289881761206
0.938323797538   -0.341782234524   -0.0522805606149
-0.0523398621206   -0.289871059837   0.955633457063
0.648107591009   0.354763064931   -0.673869212317
-0.544326003243   -0.403048597187   -0.735704437136
-0.532602806735   0.843620165945   -0.0681120912922
0.761912669286   -0.574356065766   0.2993393907
-0.501681552903   -0.81566267965   -0.288112950786
0.409639573997   0.0693438003818   -0.909607535166
-0.697508043985   -0.374407667885   -0.61098349417
-0.617735374937   -0.117942488601   0.777490953638
-0.36315965975   0.919732610418   -0.149018733706
-0.897492970614   0.180419751922   0.402389457278
0.106658989111   -0.796555399929   0.595052569502
0.427893003278   0.57698562681   0.695693252245
0.573092157113   0.154654510611   0.804765419277
-0.370531268126   -0.827013840675   0.422793998093
0.730939106258   -0.540490673213   -0.416650831884
-0.440716848638   -0.464691528878   0.76800402493
0.419679662385   -0.86297505033   -0.281323136762
0.793496931501   0.198331816121   0.575349488378
0.790551840128   0.136126385857   0.597074027101
0.180509628583   0.879866915078   -0.439602644433
-0.585187201461   0.455306290399   0.671008285433
-0.624940684835   0.52558505806   -0.577242057927
-0.0361711542047   -0.75811693182   -0.651113801042
-0.779833119519   -0.386028342287   0.492790100602
-0.596648231724   -0.36498371771   0.714701071248
-0.516170958788   0.85646115373   0.00646682135833
-0.614473983779   -0.365049536749   -0.699400026482
0.572420985721   0.507665912134   -0.643901871512
0.0630705007143   -0.810218749465   -0.582724671635
-0.81753067858   0.292952645746   -0.495805030834
0.921964124528   0.371913096793   0.107996307002
0.356471530087   -0.923961263195   0.138684945862
0.151362485873   -0.0893650625543   -0.984435612892
0.688011684698   0.725339085581   -0.0228721823981
0.301646859171   -0.257173617915   0.918080017776
0.660037194521   -0.638549103528   -0.395734712255
0.223390637911   -0.164511377747   -0.960745864797
0.788677294915   0.609713462549   0.0789785518885
0.572786814284   -0.775361524558   0.265950671282
-0.298185635173   0.272856382895   -0.914677435037
-0.296435774993   0.884414688365   0.360467055668
0.907309895877   0.378629186978   -0.182835370186
-0.167912155954   0.0870164403397   -0.981956734427
0.00672634818439   -0.995976915991   -0.0894088124984
-0.985781743296   -0.0216175535822   0.166645959262
0.556152327659   -0.828649401948   -0.0635197849921
0.332237809613   0.151623145943   0.930928821628
-0.761782536095   -0.538841907914   0.359634223381
0.183727405229   0.889619224276   -0.418117090225
0.358743273224   0.335334607391   0.871122256157
0.915176228524   -0.310045733812   -0.25753475853
-0.46247413978   -0.624805747476   0.629074787628
0.173066363726   -0.759476846045   -0.627090521
0.869577681553   -0.181141562603   0.459371589389
0.187255608796   0.468438626204   -0.863423778543
0.802833617602   0.433504388012   0.409306913648
0.566033170691   -0.769830644097   -0.29490215041
0.25042135044   0.533574239648   -0.807829000762
0.35363216821   0.726345758446   0.589377752209
0.901239953229   -0.433267095423   -0.00679652973178
0.280709573039   0.246836740516   -0.927509439899
0.770397175096   -0.634308277607   0.0643522029934
-0.572442425205   -0.732614930886   -0.368218734732
0.949780770336   0.298338001519   -0.0943977217161
0.241838654428   -0.891280357965   -0.38357993469
-0.198571292587   0.34148782983   -0.918670606897
0.750726367343   0.566910245027   0.339149973542
-0.0253033614348   -0.488333555771   0.872290165318
0.660128525645   -0.66343286525   -0.352260148575
0.61057174513   0.0225554295323   0.791639619859
0.34375855331   -0.908066277455   -0.239259606125
0.713464849981   0.418218070743   -0.56219313072
-0.739124830937   0.531937678442   -0.413203060809
-0.207164446726   0.404191072043   0.890905417017
0.64091914874   0.744091309122   -0.188549075994
-0.763089973117   -0.43519202211   -0.477809598639
0.393853094792   -0.899304040786   0.190085322417
-0.512419601872   -0.0431346028977   0.857651206036
0.026568130587   -0.979679559844   -0.19880163053
0.916896725519   -0.0553444621422   0.395268742206
-0.398239278588   -0.19278211498   0.896794587673
-0.628543813216   0.564720034655   0.53481220821
-0.63286018366   0.028382779861   -0.773745752623
-0.45212918898   -0.82479438906   0.339548920359
0.992221789325   -0.124438160038   0.00332647511161
-0.0122277782619   -0.124023151501   -0.992204004108
0.123880597953   0.984445757092   -0.124580075678
-0.465408918689   -0.884172634916   0.0403598928705
-0.860425011949   0.441279266489   -0.254832772526
0.207506549533   -0.15332871488   -0.96613946977
0.100841368799   -0.98564930359   -0.1353752327
-0.0429317812073   0.131631096057   -0.990368669832
0.993975787159   0.105682024752   -0.0290418141687
0.352107859068   -0.314128440221   0.881670803501
-0.855339777073   0.274473643199   0.439383790457
-0.380018352793   -0.90883858446   -0.172042227368
0.407620332987   0.242489767656   -0.880366036821
0.443828848586   0.78994735227   0.423082884843
0.798036089014   -0.563189032977   0.214374648656
-0.440050707046   0.194509134406   0.876653603706
-0.888345464354   -0.236869785863   -0.393363717069
0.131139926109   -0.95187124895   0.277026045083
-0.770356610309   0.629288383564   0.102698910891
-0.620646170536   -0.776976187021   0.105387758981
0.146113883614   0.0174464625827   0.989113924406
-0.598469419104   -0.749140932619   -0.283940618536
0.762459859789   -0.641401740227   0.0851987603727
-0.245945876143   -0.165504470127   0.955049159986
0.0393601601165   -0.724233321051   0.688430720852
0.852521189352   -0.335033119969   -0.40119871201
0.521208578632   0.602693024259   0.604237311857
0.991520703179   0.121135495124   0.047041333315
-0.0737251271632   0.226277254121   0.971268868294
0.107010751066   -0.966501319561   0.233289311855
-0.7590190656   0.121211124272   -0.639685694385
0.0174398754395   0.985949661723   0.166129811362
0.650834675622   0.114939666048   -0.75046849702
0.729136233986   -0.567247836062   -0.382871122031
-0.401761023471   -0.807691364516   0.431535725252
-0.554029316573   -0.160825665339   -0.816815135717
0.0766082492322   0.915030817119   -0.396042580259
0.882422904102   0.122697396266   0.45417520352
0.464177703011   -0.384270608944   -0.798044518194
-0.389209900522   0.850151310502   -0.354624856897
0.91515762621   0.400713127637   -0.0437684278641
0.104893083981   -0.341572694079   -0.933983979368
-0.965205187375   0.251094086081   -0.0728201330816
0.172576112658   0.402699698109   -0.898911535222
-0.19638863813   -0.88021373697   -0.432012644159
0.597646363106   0.728306958812   -0.335242902009
-0.799052109582   0.506724287345   -0.323645220631
-0.0658373433038   0.461301936275   0.884797134505
-0.642695196904   0.189598724024   -0.742290416284
-0.36458489321   0.776458848938   0.513993668962
0.673810502962   0.600969183851   -0.429901522915
-0.79809146147   0.471129378639   -0.375669234335
0.43221177753   0.0131552425034   -0.901688420178
-0.419860982239   -0.881978535058   -0.214144332086
-0.972602350989   -0.134902197361   0.189335530177
0.20294186151   -0.0953855244924   0.974534373928
-0.113406995758   0.986257594276   0.120148446278
-0.580850184575   0.516859953477   0.628862956989
0.68504471071   0.727675589178   0.0346690225297
-0.439689179432   0.450936786353   -0.776742671962
0.927739598026   0.37302845149   -0.0122071057578
-0.365376954985   0.901064628417   -0.233628374291
-0.0761506389846   0.221206489252   0.972249335099
0.998154609791   -0.0540737434973   -0.0276297881429
-0.00428983147568   0.391078627636   -0.92034726935
0.0605720420206   0.918767396635   0.390124967725
-0.853107702171   -0.393593444202   0.342484195114
-0.514314694974   0.524072102856   -0.678844493502
0.0877018685944   -0.755270582312   -0.649521568381
-0.339778570092   -0.787092957783   0.514815933497
-0.43427038579   -0.354237673525   -0.828205983803
0.834242172034   -0.504975836441   -0.221448927584
0.440747169061   0.280345573627   -0.852729899792
0.353353544675   0.819089431014   0.451922308734
0.825156467052   -0.5004986114   0.261950245772
0.166300372184   -0.406389674051   0.898438446318
-0.954877277715   -0.293741405144   0.0438794572371
0.246076397692   -0.865195616661   -0.436901580087
0.049021833805   -0.599144597906   -0.799138646899
0.998017589193   0.0609998925684   0.0154877871059
0.0394679341929   -0.798313679381   0.600947200148
-0.997727156905   0.0397437219405   -0.057871323286
0.0577499833786   -0.00429264702332   -0.998419568098
-0.0399198310658   -0.999298319376   0.0017930334837
-0.584972678298   -0.132974932316   0.80007789281
0.3243414067   0.865801399009   0.381038829393
-0.743377171487   0.482395693368   -0.463340886773
-0.820829531469   0.562968034087   0.0964700694463
-0.00202938772389   -0.171771577572   0.985134911456
0.571170170166   0.808431756415   0.142137311395
-0.933123113541   -0.0114532588907   0.35937356193
0.264459756117   0.65529971425   0.707561441408
-0.243601255227   0.755282052503   -0.608446258811
-0.576665093858   0.164205756359   -0.800306765747
0.534807470016   -0.664659776102   -0.521732948248
-0.617604582023   -0.728876374189   0.295469975976
0.300185649439   -0.0991657588453   0.948712138902
0.73611939812   -0.608445391553   -0.296517156739
0.606643883955   0.787375605922   -0.109648731464
-0.24274012577   -0.820805612407   -0.51706423801
-0.234613436661   0.566854882594   -0.789703801582
0.941293692174   -0.0703825655675   -0.330170457763
0.952031170224   -0.135377559313   0.274425887902
-0.208097267398   0.371079652092   0.904983661119
-0.224348342578   -0.91867993122   0.325107695255
0.999340142623   -0.0209365063272   0.0296806675594
0.0223220842965   0.998638517524   -0.0471469599438
-0.0286531652112   0.0477783840465   0.998446904997
0.888084340565   -0.405132984582   -0.217194535457
-0.243002107207   -0.81483466829   0.526302571573
-0.390200175963   -0.414622341118   -0.822090076787
0.856100225425   -0.51656400906   0.0159381352696
0.516217353474   0.856188321899   0.0214754977322
-0.0247395146308   -0.0101576362678   0.99964232545
