-0.158434455704   -0.852572123905   0.498015354611
0.703053314785   0.256734182688   0.663176894844
-0.693263699077   0.455201417864   0.558728119427
0.784516910947   0.22363368923   -0.578378072465
0.255109367317   0.733727202182   0.629732967175
0.565201231753   -0.641585826122   0.518570349159
0.953714246508   -0.166951744981   0.250112477819
0.0614680581016   0.922397299014   0.381319946747
-0.294365104159   -0.348296337623   0.889965644465
-0.606000114372   0.739748354454   -0.292464663321
0.324263747234   -0.106002525242   -0.940008529942
-0.726371963555   -0.664481291096   -0.175635718101
0.573122637332   -0.705120817409   0.417534512561
0.546929224743   0.708566151623   0.445872658531
-0.61024491759   -0.0271778836452   0.791746487295
0.22411019094   -0.949078618908   -0.221414368701
-0.808996438408   -0.0544889574371   -0.585282508305
0.543414492058   0.31029119713   -0.780012750694
0.947369631081   -0.201011268174   0.24916922746
-0.113930528735   -0.939043917175   -0.324373646389
0.299183335879   0.278913782228   -0.912523048353
-0.996500775531   0.0685929245114   0.0477647312634
-0.0774458759666   -0.542740611293   -0.836322283447
-0.0314419328518   -0.837094878853   0.546153482554
-0.989056312497   0.060649568878   -0.134502573498
0.0531551863177   0.996863591201   0.0586302770701
0.13763661813   0.0508390894559   -0.989178067999
-0.879925517036   -0.235350118705   -0.412721799538
-0.47340943081   0.360900676922   0.803513217518
-0.040155609921   0.902419138501   -0.428982065193
0.88492907873   0.0339095914304   -0.464489687556
-0.460890678173   0.207103663882   -0.862953003934
0.0669351403181   0.977731171557   0.198900666927
0.208947548052   0.675296188945   0.707330169239
-0.362677781229   0.725225964604   -0.58524535319
-0.908188162289   -0.13424735984   0.396449113794
-0.465653039291   0.787188160951   0.404341961095
0.848913240965   0.26826163597   0.455386867125
0.250007862994   0.555306841929   -0.793169971842
-0.837275482689   0.535404016138   0.110962195681
-0.513234089254   -0.839541246608   0.178217755917
0.188575817631   0.0922677538426   0.97771459347
0.00944189176747   0.569511283325   -0.82192926659
0.496986676143   0.710584550597   0.498070107064
0.867706785065   -0.413190617004   -0.276330257253
0.724184772556   -0.686007437515   0.0703577382483
0.680196705056   0.693779824077   -0.236647414193
0.113529106788   0.21923355557   0.969044782286
-0.191374232793   -0.926496873992   0.3240053786
-0.958432267803   0.247570774778   0.141832029818
-0.211621196751   -0.283394211532   -0.935363167279
0.0946944949555   0.920385253779   0.379378419005
0.867997300974   -0.262943819707   0.421244441755
0.487460445248   0.289408325441   -0.823792018367
0.931640451559   0.00767770806102   -0.363300103202
-0.0393756546475   -0.991754657106   -0.121933130903
-0.361241567388   0.127903023379   -0.923656285269
0.814662042809   0.136955336462   0.563532601116
-0.567164584269   -0.0146546812009   0.823474090971
0.12103756052   -0.99046881827   0.0657376034423
0.200259032347   -0.679904409638   -0.70542633363
0.978706053505   0.105707488107   0.17595563665
-0.0450641682089   -0.725641729086   0.686595442126
-0.488181851008   0.367441884101   -0.791621678295
-0.838875719487   0.0526672959441   0.541768995615
0.240761182485   0.92855402598   0.282526891859
-0.270243173862   0.877961938521   0.395160059787
-0.168692643503   -0.447260185005   0.878351371538
0.947898428298   0.170707862627   0.268974723358
0.16355322684   0.745695590874   -0.64590188459
0.633597671887   -0.581239366189   -0.510603890923
-0.75617798761   -0.325730608013   -0.5675349793
-0.179125763027   0.433686155394   -0.883080025474
-0.915786963388   -0.401502031106   -0.0114200796703
-0.359511127035   0.806667527021   0.469083440009
0.94531272129   0.178368913779   0.273072135553
0.00198535535064   0.834057617878   -0.551673774467
-0.326159345999   0.522046382679   0.788091150661
-0.0838961064716   -0.846276905451   -0.526095809472
-0.0201215726025   0.52928823658   -0.848203434766
0.996271310317   -0.0605751082012   -0.0614336349185
0.927456106011   -0.102372364508   0.359645755263
-0.097418898152   0.86243008628   0.496713098699
-0.361019014148   -0.495715889519   0.789893046576
-0.957135013955   -0.260539361316   -0.126539365355
0.249300575775   -0.963453190718   0.0980182546148
-0.147452340428   0.0622703502843   0.987106991893
0.200386389947   -0.139449504214   0.969741580842
0.268222722215   -0.944191676019   -0.1912006413
0.942285237668   0.298420759533   -0.151799240651
-0.329062737836   -0.246791401548   0.911488737948
0.853512054639   -0.490711734105   0.175268843207
0.404023375399   0.835641070637   0.372114382325
0.633502652345   0.502220817781   -0.588598768329
0.187217571712   -0.837608183268   -0.513187550957
-0.750748853302   0.214909589832   -0.624651465258
-0.331852715008   0.104076008163   0.937572330876
0.809654745124   0.541451298945   0.226472195854
-0.484079419927   0.834265333286   -0.263947700774
0.748982184356   -0.302779145203   -0.589364465117
0.492475413122   -0.340684962159   0.800875584992
-0.443276043772   -0.890089054195   -0.106055678642
-0.995215514124   -0.0482995843535   0.0886826148965
-0.0732025316005   -0.260205713587   -0.962987951022
0.069561809931   -0.964557698947   0.255015321589
0.732374023225   0.612957531602   0.296498464366
0.259953999907   -0.654169410186   0.710271924576
0.629326777478   -0.443108737627   -0.638437436882
-0.513872313297   0.391581623802   0.763281837619
-0.846451402655   -0.0867753389607   -0.525347623302
-0.139482452953   -0.91604253955   0.376046202671
0.373115135725   0.87888563706   -0.297229117123
-0.445186723932   -0.111475012765   -0.888471794729
-0.813998705116   0.463824736472   0.349675189415
0.728154970749   0.661766489733   0.178481883506
0.572908302535   -0.730583903609   0.37151762337
0.376253566841   -0.168268775041   -0.911109872881
0.608489273053   -0.789789182519   0.0772902408125
-0.747430545663   -0.53766781666   0.390205870943
-0.26662391783   -0.295205165071   -0.9174776575
0.47313538263   -0.843788822578   0.253304708326
-0.808886249946   -0.302146694441   0.504390987212
-0.349064302122   -0.44353991503   -0.825485468135
0.633821807381   -0.707783040627   -0.311950438536
0.0282969800394   -0.381819889857   0.92380345488
-0.772961311853   -0.594354027267   -0.221977644518
-0.165538428364   -0.579443936043   -0.798023655415
0.340990062065   0.725649944761   -0.597626919951
0.925377116203   -0.371048356499   0.07746167212
0.893937601195   0.441047268611   0.0797049121349
0.315222697955   -0.492284556984   -0.811351082875
-0.318606680504   0.750422038482   -0.579099786003
-0.22575789053   0.800493844481   0.555196301693
0.632586487265   0.553869051892   -0.541353297394
-0.740856035   0.228994893868   -0.631421897177
0.110324332922   -0.0542402438886   0.992414498906
0.879840729379   -0.459102819112   -0.122901963463
0.462286526542   0.886725773641   -0.00292743661499
0.028385637823   -0.705120318025   -0.708519330698
0.969747073561   0.191348705926   -0.151579441519
0.242456012887   -0.68278184721   0.689219882697
0.114228672029   -0.507557677877   -0.854012317813
0.987906051028   -0.0326931086857   0.151567885693
-0.104849748171   -0.860997324769   0.497684790956
-0.374595039484   0.327162514531   0.867550120405
0.537206391894   0.839205781965   -0.0845159395627
-0.755703523108   0.434394222588   -0.490116116463
-0.10715331061   -0.994230890824   -0.00471576780117
-0.960213983609   0.102255307897   0.259869690538
-0.257888364252   0.0323741580554   -0.96563138373
0.465365544608   0.148588006011   -0.87255745305
-0.247210587748   0.968397538773   0.0330625449563
0.849895187484   0.200319272771   0.487391376602
-0.821339279963   -0.365311618346   -0.438941627623
-0.379923995036   -0.224702491592   0.89758066787
-0.42635676253   0.903626426594   0.045352642757
-0.711251024352   -0.134384864103   -0.689958015987
-0.314643704426   -0.816851096603   0.483458092978
-0.628570357868   0.560957303813   0.538721309169
0.0618978385653   -0.304121041258   -0.950620365407
0.682971036474   -0.681633781251   0.26253762413
-0.727818143632   -0.665496681442   0.165514177147
-0.898659482084   0.421176560686   0.122563488949
-0.438602379992   -0.8587772994   -0.26482043612
-0.00628142973447   -0.291739979863   0.956477044285
0.48211250293   -0.871319413178   0.0914873938602
-0.547374367707   -0.218031738571   0.807987187018
-0.684067807015   -0.439618554006   -0.582053729438
-0.594413832969   -0.181544222973   -0.783399999745
-0.440926560305   -0.741110079803   0.506301729149
-0.672501028188   0.646374015278   0.360477002079
-0.342146130786   -0.89411169249   -0.288964149008
0.938280225216   -0.341671465536   -0.0537661741923
-0.0506578427058   -0.289525238747   0.955828916809
0.648021338629   0.355209452359   -0.673716986023
-0.544240730555   -0.402845301216   -0.735878822329
-0.532794856869   0.843529406068   -0.0677328874196
0.761278252051   -0.573871547702   0.301872720818
-0.500067049983   -0.815960477532   -0.290074986204
0.412781586746   0.0698713019645   -0.908147300837
-0.697492879556   -0.377731509691   -0.608952684772
-0.617208399063   -0.115088068003   0.778337358034
-0.364085508955   0.918735085523   -0.152866335076
-0.897695476819   0.179577566497   0.402342060766
0.107234291546   -0.796655333654   0.594833020053
0.427350023946   0.57712859281   0.695910946521
0.573624340075   0.155809080362   0.804163290171
-0.369318926573   -0.82709527834   0.423694132703
0.731135142951   -0.54003399716   -0.416898692159
-0.439290894198   -0.477423326615   0.760979881028
0.419950468895   -0.857971360082   -0.295848985556
0.794144203404   0.189610088822   0.577393253855
0.788235348087   0.135888491082   0.600182765919
0.182255912828   0.880004857615   -0.438604869964
-0.587765103382   0.455110720274   0.668884454278
-0.625771359568   0.52522949675   -0.576665932684
-0.0373109561771   -0.758618885894   -0.650464947154
-0.779113287477   -0.385526562859   0.494319302834
-0.597182105302   -0.36342473951   0.715049665697
-0.516402653128   0.856336771326   0.00395434553259
-0.61376043009   -0.366892076391   -0.69906249607
0.572881756034   0.510467640795   -0.641271657337
0.0653702614082   -0.808347470668   -0.585065242312
-0.817027098526   0.293253127076   -0.496456971085
0.921883485686   0.373811579115   0.101959392795
0.359213954575   -0.923181824525   0.136748140613
0.145245135197   -0.0894406084615   -0.985344411427
0.687070102168   0.726149135541   -0.0253395223862
0.302202188682   -0.253875852963   0.918814901528
0.66076357012   -0.638947900119   -0.39387436181
0.224511777719   -0.165447291378   -0.960323723529
0.787987175938   0.610598981162   0.0790259072949
0.573298064496   -0.774465026481   0.267457007043
-0.296059789787   0.271066747368   -0.915899274835
-0.301711417973   0.883254270542   0.358931914777
0.906266452781   0.382602558345   -0.179712146554
-0.168351426824   0.0881129551602   -0.981785818362
0.0122566625399   -0.995740844639   -0.0914666781284
-0.985655649924   -0.0274314804085   0.166544956899
0.556649985434   -0.827982579857   -0.0677175025467
0.335900122732   0.149770467098   0.929913948242
-0.759810450209   -0.540382911499   0.3614891645
0.183578681601   0.890542823618   -0.416211909747
0.356279719417   0.334341397311   0.872513952417
0.916167908216   -0.308462825852   -0.255904395353
-0.462759799908   -0.623795470663   0.629867291408
0.170177766613   -0.759819561906   -0.627466360448
0.869996046978   -0.183176735757   0.457769861012
0.188011407155   0.469900005766   -0.862464889676
0.801321083017   0.434373830282   0.411344005552
0.567922726482   -0.768448666843   -0.294873545987
0.248678304983   0.534221354476   -0.807939753278
0.352771970979   0.726896000409   0.589214851336
0.902059331195   -0.431543449684   -0.00769505487574
0.280108462981   0.247122528491   -0.927614958807
0.770476820407   -0.634278832179   0.063681975079
-0.572629483267   -0.732543773877   -0.368068916549
0.949769134349   0.29886793558   -0.0928251154471
0.243287870925   -0.891692443421   -0.381698635592
-0.196849071209   0.339942338691   -0.91961289351
0.750088756877   0.568492469014   0.337910019878
-0.0228992955669   -0.488317182983   0.872365762077
0.660940610889   -0.662089656509   -0.353263160953
0.610434206594   0.0215701819446   0.791773168632
0.345715553039   -0.906639541664   -0.241837183416
0.712636498996   0.421354000986   -0.560900883713
-0.739498469668   0.532405702111   -0.411929788831
-0.206633897785   0.40285868193   0.891631820938
0.640659359452   0.744479039452   -0.187900303182
-0.763743802048   -0.432228325995   -0.479451695946
0.391816706267   -0.900669599202   0.187813151295
-0.513005773094   -0.044416047965   0.857235253177
0.0262385027614   -0.979062150642   -0.201863473341
0.915772248581   -0.0574291151393   0.397571506186
-0.400840049669   -0.195292649583   0.895091077652
-0.627860718962   0.565383927117   0.534913103074
-0.633553727379   0.0279593627131   -0.773193381675
-0.452106942445   -0.82435389603   0.340646452048
0.992342507497   -0.123501253179   0.00194628335279
-0.0132626051593   -0.122205784896   -0.99241614838
0.12280248719   0.984790916248   -0.122907943255
-0.463688826775   -0.885033712851   0.0412152694723
-0.861714170443   0.439685064343   -0.25322356187
0.205990436133   -0.152934008466   -0.966522960696
0.101061101888   -0.985918109599   -0.133237170336
-0.0403130551011   0.129754672419   -0.990726294697
0.994063136819   0.105495092689   -0.0266322245046
0.353578944869   -0.316300328953   0.88030450183
-0.855413314088   0.271450199075   0.441115442715
-0.378483785809   -0.908993329802   -0.174588435229
0.410933361399   0.240529323728   -0.879363079401
0.444328854591   0.789408878817   0.423562857271
0.7960563108   -0.564782497524   0.217520325059
-0.440606122596   0.193039398635   0.876699497167
-0.887861091649   -0.237906681737   -0.393831270397
0.132547726099   -0.951911854208   0.276215330082
-0.770139489569   0.629740737338   0.10154648961
-0.620647288899   -0.776531665819   0.108606784683
0.147248187078   0.0206178231948   0.98888466277
-0.599590574483   -0.748634676567   -0.282908683022
0.761066038975   -0.642710721926   0.0877580351052
-0.247527142366   -0.162693298716   0.955123660055
0.0388421703446   -0.737717261259   0.673991483412
0.84558183914   -0.335129727764   -0.415547117705
0.532430869303   0.586055710797   0.610783161032
0.991672867095   0.119308885706   0.0484800440154
-0.0747262346026   0.226496155111   0.971141339315
0.10488524557   -0.966677247511   0.233525595116
-0.758708947769   0.121334559841   -0.640030012018
0.0146509554222   0.98543045206   0.169446663178
0.651264801138   0.119183668114   -0.749432566976
0.728212686782   -0.568056229581   -0.383429651221
-0.39947227024   -0.80641160838   0.436029268033
-0.556891446074   -0.164352478856   -0.814161824443
0.0751669143719   0.914062349894   -0.39854733268
0.881974785426   0.125540893857   0.454268622734
0.465263832415   -0.385654669664   -0.796743423323
-0.386899036196   0.850172774313   -0.357093576856
0.915842489717   0.399399030826   -0.0413900437997
0.107434179119   -0.343055178528   -0.933151458886
-0.965716725817   0.249508853422   -0.0716950112589
0.171223010288   0.404581766751   -0.898330327019
-0.195134628714   -0.879806812749   -0.433434079361
0.598254676863   0.727660193221   -0.335562188112
-0.79847268842   0.506165005333   -0.325942249297
-0.0673253647322   0.462933717967   0.883832375083
-0.642015568887   0.191488041165   -0.742393790917
-0.364780039904   0.775395271201   0.515458750468
0.674352825447   0.601742911082   -0.427964847756
-0.802659917215   0.456145364801   -0.384441382594
0.430174637595   -0.00397171785667   -0.902776039862
-0.413295961328   -0.889936066889   -0.193090938044
-0.972550889581   -0.134199248247   0.190088298046
0.203584907957   -0.0951620445627   0.974421053237
-0.112677347041   0.986374049491   0.119871853004
-0.582330296938   0.515706020842   0.628441692596
0.683215397844   0.729399988314   0.0345313986988
-0.440577327008   0.449469684646   -0.777090011629
0.927537944122   0.373506033656   -0.0129075145666
-0.366178041461   0.901348004234   -0.231269141288
-0.0747462578435   0.219237352161   0.97280418376
0.998151654686   -0.0539100471996   -0.0280531823545
-0.00472235531732   0.391411522318   -0.920203626133
0.0605885598899   0.91863524916   0.390433476271
-0.85258156816   -0.393410579497   0.344001113472
-0.515325174863   0.523452046571   -0.678556514238
0.0868827617147   -0.755795670007   -0.649020673043
-0.340129469654   -0.794384027682   0.503255298914
-0.419881666862   -0.350562794327   -0.837140996495
0.841434052767   -0.496044029037   -0.2143105168
0.44033159068   0.277264960775   -0.853950955135
0.356286682854   0.819066952879   0.449654452852
0.824116431016   -0.502248413511   0.261875241084
0.168421860304   -0.405917220802   0.898256859984
-0.954213970394   -0.295675112771   0.0452999084307
0.247204116787   -0.864758690535   -0.437130076814
0.0496260717905   -0.5991995469   -0.799060168823
0.998017774496   0.0607510686958   0.0164264079942
0.0387010619435   -0.798291430547   0.601026637206
-0.996334236892   0.0203691893218   -0.082747525005
0.0821323753296   -0.0293682458088   -0.996174125099
-0.0227228891388   -0.999346641921   0.0276164343909
-0.586991717935   -0.133175344114   0.798564358223
0.322434797044   0.866317794574   0.381482999704
-0.742614643108   0.481412302635   -0.465581004132
-0.819992471775   0.564273913733   0.0959563517494
-0.0030650765474   -0.171972701185   0.985097053385
0.572366383068   0.807477894163   0.142745672505
-0.933654328033   -0.0114505114707   0.357991148287
0.263390524245   0.655370279112   0.707894824799
-0.242722492164   0.755220853146   -0.608873199525
-0.576705347845   0.164744108208   -0.800169417764
0.535458713063   -0.66351229204   -0.522528682675
-0.617005417253   -0.729802463975   0.29443679484
0.300179925749   -0.0985743309626   0.948775622526
0.737483816289   -0.606857850742   -0.296380375307
0.604987356344   0.788674081881   -0.109469629337
-0.242264924592   -0.821663833956   -0.51592262618
-0.235566265682   0.565667347818   -0.790271442729
0.941178063231   -0.0699211176213   -0.330597625273
0.952357763802   -0.137539404437   0.272208749378
-0.205357077524   0.370691376397   0.905768398186
-0.225484282648   -0.918515559296   0.324786120123
0.999260046594   -0.0230128152405   0.0308183325153
0.0245885176475   0.998356513492   -0.0517655945228
-0.0295764109421   0.052485067506   0.998183627202
0.888004522788   -0.403950996797   -0.219707971358
-0.238753371041   -0.813379273108   0.5304823465
-0.392994692468   -0.418614720618   -0.818729151187
0.855156104946   -0.518097807392   0.0168136772555
0.51772088863   0.855258354155   0.0223210823073
-0.0259445416886   -0.0103832179399   0.999609458512
