-0.138152558599   -0.862403987401   0.48700437526
0.711704017169   0.255511409095   0.654363301524
-0.688760692079   0.437004920967   0.578476809073
0.769619236216   0.217957442115   -0.600150641972
0.259119798849   0.752437741693   0.605552957001
0.583560767596   -0.621556117591   0.522613471493
0.949739503313   -0.197796804952   0.242634085275
0.103601107252   0.930011451898   0.352626586171
-0.295400890254   -0.309766238717   0.903760582515
-0.609741423703   0.730784056702   -0.306874767108
0.405905364075   -0.0446455876096   -0.912824707355
-0.680777713819   -0.681148128833   -0.269407792348
0.599458189466   -0.682515127448   0.418118386507
0.534403698655   0.730180854468   0.42573302687
-0.595871270657   -0.0317651398399   0.802451498401
0.228673270862   -0.94932077176   -0.215635663002
-0.819561996526   -0.0681886332316   -0.5689188224
0.525382527978   0.306823344834   -0.79362014876
0.947312672503   -0.195216030861   0.253947741495
-0.112687037373   -0.945250612724   -0.306275839194
0.29983393024   0.261522387877   -0.917446241232
-0.99373821699   0.0818505827554   0.0761803833217
-0.108081666731   -0.528508652009   -0.842028044372
-0.0286587162495   -0.844981275707   0.534031526926
-0.986044786235   0.0758673909772   -0.148215778348
0.0649455401767   0.994898546236   0.0771944318681
0.153316192153   0.066490920332   -0.985941783649
-0.890113428131   -0.221213964109   -0.398453081212
-0.454857227687   0.376772955771   0.80693731512
-0.0283791871729   0.899503924502   -0.435992119091
0.895026637735   0.0351837019957   -0.44462278734
-0.443322270777   0.179508338705   -0.878203909245
0.0489150298101   0.983127076778   0.17626246439
0.192839344681   0.685362212124   0.702204833448
-0.376442410288   0.71255156609   -0.592082239549
-0.906147946894   -0.150162927668   0.395407379264
-0.442627204594   0.803707900083   0.397674156215
0.864889206922   0.265538736677   0.425982291425
0.236765248563   0.532492125953   -0.812654215751
-0.839439547077   0.520933819579   0.154820510344
-0.48410694523   -0.846235775544   0.222543628226
0.246945136384   0.111862221072   0.962551269772
-0.0176306786046   0.599361218833   -0.800284553597
0.516379572772   0.69085763858   0.506031504745
0.856178354194   -0.404328920966   -0.3216781793
0.732828485157   -0.680264244031   0.0142467427085
0.666763296176   0.71379638957   -0.214292839719
0.135606483092   0.166539102243   0.976665556458
-0.217195295926   -0.918753099696   0.329727187614
-0.962259304778   0.258263446033   0.0857769007007
-0.16396434619   -0.298652621158   -0.940172332832
0.116399467546   0.92219717471   0.36879031795
0.869346868676   -0.274166179076   0.411184768051
0.480301935849   0.272743950456   -0.833622530325
0.916772229201   -0.011654782793   -0.399241458405
-0.0573731090264   -0.993061406139   -0.102756186505
-0.395269404877   0.117109664599   -0.911080679753
0.816247376312   0.127814126485   0.5633859872
-0.566401037103   -0.0148962222608   0.823995128845
0.113710538961   -0.99168626907   0.06023505087
0.209824152802   -0.660195895322   -0.721190148987
0.976263872496   0.100960618622   0.191613764287
-0.0536908041908   -0.744277074217   0.665709355098
-0.505544012105   0.342905660825   -0.7917328966
-0.845957169576   -0.0165645305742   0.532993524395
0.169651817049   0.939223795258   0.29845758944
-0.299688095016   0.863669351467   0.405293059076
-0.176546841136   -0.467686676677   0.866083468023
0.937559824909   0.188001627746   0.292638092881
0.160946390386   0.747388069924   -0.644603008223
0.642585699853   -0.575083448785   -0.506333246377
-0.749123209906   -0.332717313913   -0.572821351845
-0.222926002778   0.426139518335   -0.876760579772
-0.909637823984   -0.414324218842   0.02990782254
-0.350518234201   0.804201815208   0.479996260901
0.949245328168   0.185722818869   0.253851022566
-0.0135995742954   0.830542755756   -0.556788813605
-0.314242515719   0.525076914297   0.790914582002
-0.0846987792737   -0.845869515288   -0.526622163001
-0.027819339383   0.530322799325   -0.847339260679
0.99601818448   -0.0571183108802   -0.0684492299209
0.923404516908   -0.105190089659   0.369132962034
-0.105505182163   0.855107285245   0.507602391783
-0.369043026163   -0.507667781767   0.778511830065
-0.961613752593   -0.266129549453   -0.06690209793
0.261279646447   -0.962486097706   0.0731798870532
-0.0838675989405   0.0528905702798   0.995072267746
0.205851972629   -0.160649645576   0.965306709011
0.243755128732   -0.946923606423   -0.209571148881
0.947738776405   0.278439078799   -0.155767302267
-0.338416174272   -0.242900431405   0.909106121363
0.837453379978   -0.518318764568   0.173255793791
0.429122821393   0.819966532331   0.378825185111
0.640245200757   0.491216777667   -0.590586263896
0.191224618658   -0.846536626893   -0.496798505928
-0.743988711597   0.205138215874   -0.63592373369
-0.327759735302   0.0862935008881   0.940811894086
0.812623684335   0.533681611195   0.23415101307
-0.481888302419   0.841271288567   -0.245043492952
0.764265405564   -0.261806186126   -0.589369086529
0.503916178061   -0.3278780448   0.799102325193
-0.402451096083   -0.907718878038   -0.118657483043
-0.99032921787   -0.0959564148818   0.100809703781
-0.069561831597   -0.286163085776   -0.95569388387
0.120546180023   -0.953405482743   0.276642390303
0.74403600673   0.612442854745   0.267065950193
0.247829589946   -0.624176820997   0.740934623682
0.620476402797   -0.48509521941   -0.616191517442
-0.493124697696   0.396980045584   0.774102652181
-0.86083263323   -0.094114644411   -0.5001096287
-0.125679156076   -0.91298921492   0.388143606973
0.38682469892   0.874093041783   -0.293816272397
-0.461146875257   -0.0925586770517   -0.882483111675
-0.79856759705   0.476858718341   0.36728129662
0.717226777115   0.674654414069   0.17443465635
0.592365910423   -0.722121364126   0.357274480018
0.366999531237   -0.152917780128   -0.917567097748
0.62281448186   -0.77528037464   0.105083346664
-0.738303321951   -0.537968837232   0.406814368135
-0.258863620163   -0.330953268641   -0.907446859146
0.473551474376   -0.840056251303   0.264678229705
-0.809535633341   -0.296746751206   0.506550683776
-0.346988658293   -0.454144284925   -0.820580331163
0.648817434838   -0.695196856397   -0.309414436392
0.027943979365   -0.384577186585   0.922669835549
-0.760430862478   -0.607290558357   -0.230093836052
-0.161706000166   -0.565024047193   -0.809072949453
0.352504790727   0.73270083475   -0.582142481631
0.921732924418   -0.379338005609   0.0806915530065
0.888918064082   0.451277575705   0.0785699169976
0.320372930977   -0.489904326735   -0.81077433822
-0.327392527844   0.745883631732   -0.580061925964
-0.22679050005   0.792803461565   0.565710980225
0.626106376661   0.563597953552   -0.538839691653
-0.746027510834   0.231991550551   -0.624197967183
0.108229420181   -0.0751514274453   0.991281355171
0.881669485214   -0.453423644143   -0.130637020504
0.459287906436   0.888121261561   0.0171848891209
0.0661912524949   -0.679595594173   -0.730594683753
0.968469853634   0.220000735159   -0.116901056881
0.240176822675   -0.69982107919   0.672729936083
0.148072422526   -0.514381279245   -0.844681263446
0.982596288427   -0.0203423513222   0.184636665477
-0.112156458675   -0.857320280777   0.502417011069
-0.404769815698   0.347599733432   0.845775369083
0.521793920358   0.84736205307   -0.0985325953968
-0.750927862252   0.401437408566   -0.524362011476
-0.114983158225   -0.993117086441   0.0223384851899
-0.964987568409   0.117005258282   0.234755392628
-0.235753150812   0.00543637478214   -0.971799296262
0.464516976082   0.185827480086   -0.865847639645
-0.229531137816   0.96958689867   0.0849511811715
0.855300791656   0.159277726172   0.493042766693
-0.809888128232   -0.369233095938   -0.455793982824
-0.380198413425   -0.261287832259   0.887230435126
-0.446688258568   0.891849538571   0.0712320677541
-0.697370759958   -0.143340588955   -0.702243050818
-0.331602753547   -0.804104768373   0.493430905558
-0.635398647074   0.576964401223   0.513211208901
0.0602313837902   -0.324008765559   -0.944134833444
0.672939893861   -0.685408617237   0.278149377804
-0.737240912546   -0.652099299926   0.176755234799
-0.900227845865   0.421430465682   0.109483961243
-0.43527588536   -0.864553547192   -0.251162511111
-0.0111928011816   -0.273759138585   0.96173315754
0.489267707397   -0.866411615256   0.0997399199505
-0.540907669905   -0.211748411979   0.813991136027
-0.684131589184   -0.452209674644   -0.572250352206
-0.587106269964   -0.192056595057   -0.786399973072
-0.432681156963   -0.746592724045   0.505362435405
-0.684176636375   0.636960311954   0.355226250663
-0.344711688589   -0.887823528369   -0.304865998105
0.93587856857   -0.350242658501   -0.0382286255031
-0.0728367985046   -0.298495402631   0.951627709203
0.646814997443   0.356005819753   -0.674455505911
-0.548524675652   -0.397259041792   -0.735734999555
-0.529859465662   0.845839917285   -0.0616751430079
0.761500495077   -0.584027365463   0.281122738956
-0.521256283538   -0.80959029463   -0.269930992217
0.385239983438   0.0590160154387   -0.920931600617
-0.691481311875   -0.345254922679   -0.634550043045
-0.625466222337   -0.153369975359   0.765029686621
-0.361450859009   0.925892788103   -0.109893396624
-0.89704203736   0.192916922251   0.397687175919
0.0961624234713   -0.793027162575   0.601592934126
0.431421855141   0.577879166597   0.692777015346
0.563935773679   0.15056128204   0.811977755609
-0.380840858816   -0.825026530935   0.417482953338
0.732759725633   -0.544667858811   -0.407922216288
-0.444889609541   -0.467210346148   0.764060248858
0.401209807709   -0.866715653222   -0.296369871773
0.800689866073   0.174696603141   0.573041826168
0.810370891019   0.130144436298   0.571280536663
0.170523915825   0.880425319329   -0.442462264554
-0.560553851116   0.45597553347   0.691278311591
-0.62199908325   0.531561576105   -0.57494339284
-0.0290711947757   -0.749436606436   -0.661437940788
-0.782478421297   -0.394699347209   0.481601595638
-0.589454611078   -0.383645177394   0.710886603532
-0.513520926743   0.857285451241   0.0368500203223
-0.623570078673   -0.343333721128   -0.702340690441
0.566197618047   0.485362845439   -0.666215614683
0.0384685722768   -0.82292887464   -0.566840869195
-0.82337142647   0.295315611356   -0.484611655239
0.928127615463   0.354581137894   0.113366363575
0.33735700488   -0.929907308761   0.146555082852
0.157384773721   -0.097777081674   -0.982693161601
0.682866106964   0.730521650728   -0.00565806165996
0.303729237731   -0.276854591816   0.911646943225
0.664411352997   -0.624251324998   -0.410935406015
0.202977234195   -0.161716437442   -0.965737058677
0.796723911064   0.600631837138   0.0668761609956
0.569237456761   -0.783000131054   0.250757933111
-0.316020148634   0.281205580653   -0.906120696155
-0.251445635138   0.896088759779   0.365786863421
0.914825878056   0.343436105107   -0.212474189504
-0.165675961638   0.0732673009059   -0.983459549429
-0.049821073828   -0.996592810696   -0.0658526499268
-0.984925704481   0.0380869205597   0.168752422192
0.554130486269   -0.832041269104   -0.0254309458779
0.286399597366   0.161875835324   0.944336533719
-0.781610310276   -0.530569076365   0.327996618218
0.170568160899   0.878320817897   -0.446608411134
0.39318731899   0.354931588607   0.848190616892
0.903498901069   -0.320275086834   -0.284804582668
-0.466729354051   -0.633698027138   0.616920410915
0.201962341066   -0.755495649963   -0.623247833809
0.861031472011   -0.166293294987   0.480594882309
0.167422113771   0.447911497813   -0.878262579541
0.813602235775   0.440343280975   0.379669881351
0.556795537371   -0.778121524565   -0.290698595156
0.25963237099   0.522294625687   -0.81228034681
0.371712937998   0.722269106307   0.583229656322
0.891302714885   -0.453360413211   -0.00661922929721
0.280902317982   0.250189565671   -0.926552362558
0.768789373887   -0.636568655924   0.0611859985658
-0.574505872842   -0.729510801189   -0.371156835386
0.948578902443   0.299896330259   -0.101292945101
0.234951303027   -0.881497717487   -0.409584909364
-0.212122499599   0.364724695996   -0.906631171896
0.754397161518   0.561167720758   0.340552091219
-0.0361353754469   -0.482513934798   0.87514263276
0.655422895767   -0.672511101924   -0.343729148233
0.605834991913   0.0464711283543   0.794232098957
0.334451073895   -0.920675255894   -0.201247792813
0.721877186199   0.387554678944   -0.573319821532
-0.736659365739   0.522877751109   -0.428872919436
-0.209888266208   0.426086746327   0.879998322812
0.642868601923   0.738274332372   -0.204134933794
-0.760514795135   -0.453734154233   -0.464481828277
0.399715100995   -0.890877058948   0.215793347055
-0.511708793705   -0.0215464121906   0.858888774581
0.0351053576088   -0.983099280297   -0.179675955151
0.928590001166   -0.0343748720999   0.369511853625
-0.369443166826   -0.179817144106   0.911689390038
-0.632603984811   0.558419786809   0.536637339407
-0.625257648112   0.0406379215031   -0.779359665377
-0.457017686553   -0.828562584384   0.323448476373
0.989586023652   -0.14181438089   0.0246613744586
0.00332733778616   -0.148745191143   -0.988869972062
0.143904241914   0.978653960395   -0.146724298026
-0.471847339263   -0.881206348348   0.0290691004447
-0.851274147439   0.446733523349   -0.275254565468
0.229569089537   -0.154622513047   -0.960938415514
0.108848284327   -0.982023893487   -0.154211430363
-0.0627413975116   0.148036899871   -0.986989682377
0.992076413222   0.117107594549   -0.0455000051954
0.344545661554   -0.28045113228   0.895899250078
-0.853902949315   0.302889852065   0.423210950374
-0.390048788023   -0.910826502562   -0.135118667318
0.366074478415   0.263513036822   -0.892496711184
0.440452554082   0.795779024836   0.415616769272
0.819750600885   -0.545249145549   0.175249401097
-0.425639961507   0.225298446121   0.876396773259
-0.89752450913   -0.228454725877   -0.377171386471
0.115240832666   -0.947126765241   0.299450289459
-0.769925272338   0.627894472749   0.113859379841
-0.623505819171   -0.778189199124   0.0752490381437
0.135852569891   -0.0130558559013   0.990643036488
-0.583420770789   -0.755924938294   -0.296981139223
0.778451682952   -0.624741247537   0.0609217437181
-0.231588615219   -0.195642452481   0.952937955595
0.0317247239986   -0.743089329046   0.668439843737
0.861676622587   -0.31854868336   -0.3950192152
0.506465175235   0.588510859158   0.630196800863
0.989547585218   0.141390161859   0.0283619285423
-0.0584165805108   0.213209841601   0.975258471891
0.131844908823   -0.966721472815   0.219240813461
-0.767403391127   0.103496578557   -0.6327564645
0.0310363332156   0.991725232689   0.124570502279
0.640413172226   0.0759573712327   -0.764265461738
0.744764795252   -0.550431681038   -0.377294121085
-0.420347136618   -0.826069473348   0.375394475653
-0.518299309311   -0.120986330316   -0.846600068293
0.0884440778247   0.927929307712   -0.362111867817
0.886258925689   0.092629937387   0.453833637393
0.454667924491   -0.361063780629   -0.814193062392
-0.415813228204   0.847548970615   -0.329790356315
0.905982026493   0.417673693718   -0.0688905077582
0.0793568168517   -0.327429498971   -0.941538412402
-0.961417005658   0.262843192351   -0.0812957375003
0.17902076317   0.37325878145   -0.910294053474
-0.208918900664   -0.889717457214   -0.405917213737
0.598294528159   0.728714172161   -0.333195631382
-0.799672420704   0.516727955424   -0.305804281827
-0.0506724091147   0.449408382777   0.89188811895
-0.643629170355   0.168175155645   -0.746631545381
-0.361305957312   0.793237742505   0.49013456946
0.674684780283   0.585227313095   -0.449788271378
-0.794095746971   0.473588965465   -0.381124047733
0.434458069135   0.00354812373848   -0.900725184046
-0.42519199679   -0.880779860579   -0.208629455841
-0.973935904993   -0.149059056703   0.170974852175
0.185632035669   -0.0906096341742   0.978433354468
-0.130352406173   0.984668715568   0.115916924995
-0.572726641714   0.51966012247   0.63398573214
0.694580025748   0.718377484904   0.0386321244918
-0.435365523754   0.46247941611   -0.772379474976
0.9341676486   0.356827414716   -0.00223625931833
-0.345079951799   0.901782261267   -0.26020872542
-0.090832987483   0.243850261483   0.965549801196
0.997480549239   -0.070778822011   -0.00478668051287
0.0225539231238   0.380377267771   -0.924556364297
0.0672597539939   0.922119031668   0.381015266044
-0.85178361488   -0.408972737716   0.327439440696
-0.512097803282   0.517999333737   -0.685153481247
0.110594427495   -0.751279410602   -0.650659343359
-0.344220275615   -0.795665470057   0.498426919093
-0.463169244223   -0.317870876522   -0.827304586411
0.81669283401   -0.515630766392   -0.259110451353
0.437083407157   0.307790738431   -0.845117133093
0.317310375062   0.826437776278   0.465096475537
0.841589111853   -0.471450386589   0.263557044406
0.155364473961   -0.41181875683   0.897923859211
-0.961912109625   -0.270019989742   0.0425957335149
0.224915625902   -0.870341665485   -0.438084988939
0.0337068759617   -0.600626640002   -0.798818813076
0.998380608877   0.0568837104488   -0.000642922281202
0.0458259383235   -0.797503537829   0.601571354679
-0.996009161285   0.0127575072611   -0.0885614531035
0.0884988020326   -0.00540568865779   -0.996071762751
-0.0131851054648   -0.999914116572   0.00423492722829
-0.561959988225   -0.137137767617   0.815717053415
0.336143422182   0.863196928619   0.376694400687
-0.755783486365   0.485885073323   -0.438984186215
-0.832966100817   0.545011251684   0.0955546222469
0.00411689326462   -0.166582825195   0.986019024212
0.553309137358   0.82171357568   0.136513816206
-0.929075516911   -0.013292090255   0.369653563337
0.269660526668   0.659706346655   0.701477758533
-0.253186960383   0.751406125671   -0.609332962809
-0.577422907189   0.16912843714   -0.798737476266
0.526148532131   -0.670989488321   -0.522440634311
-0.624302575982   -0.721922479213   0.298455440401
0.301468217503   -0.103789366973   0.947810519842
0.719483509469   -0.627535049801   -0.297562556049
0.625668038038   0.771639658431   -0.114507221943
-0.249123687441   -0.809947874093   -0.530963187805
-0.218395929479   0.581109845947   -0.783973590638
0.943525666603   -0.0793461661597   -0.321657557125
0.947894576746   -0.117527847933   0.296113285014
-0.234154840755   0.373241608346   0.897698294027
-0.216026348284   -0.920259703295   0.32627398179
0.999999739658   0.0003124069766   0.000650450999968
-0.000312202465129   0.999999901812   -0.000314492678851
-0.000650549185808   0.00031428952457   0.999999739004
0.897171123627   -0.403749510466   -0.179082037898
-0.276302799403   -0.829362803164   0.48560819975
-0.344587879273   -0.386192818965   -0.855637503533
0.865922981605   -0.500177222834   0.000370145483148
0.500177186384   0.865923060508   0.00019189417185
-0.000416498603326   1.8972751833e-05   0.999999913084
