-0.158981845955   -0.852476050036   0.498005388434
0.702920268399   0.25647066446   0.663419852769
-0.693273307627   0.455529789245   0.558448507837
0.784697652602   0.223641178342   -0.578129932952
0.255233204695   0.733354750188   0.630116516293
0.564894332815   -0.642008906662   0.518381096345
0.953769725028   -0.16656140556   0.250161169132
0.0608835784591   0.922200204826   0.381890001629
-0.294306816498   -0.349004414941   0.889707490071
-0.605839985056   0.740066858755   -0.291990171204
0.322709920631   -0.106868604729   -0.940445069115
-0.727197031507   -0.663987699787   -0.174081309445
0.572458694379   -0.705801620368   0.417294987918
0.54737161171   0.707889753247   0.446403864018
-0.610471418618   -0.0271323386661   0.791573419762
0.224100775886   -0.949117812258   -0.221256064883
-0.808700057608   -0.0544092371215   -0.585699484767
0.543859434613   0.310185505925   -0.779744782537
0.947359047673   -0.20095209782   0.249257009719
-0.113738678442   -0.938953274273   -0.324698433577
0.299289684985   0.279255822004   -0.912381881474
-0.996544203127   0.0685397867643   0.0473126902363
-0.0770468528784   -0.543004891526   -0.836204347714
-0.0316223890403   -0.836944577798   0.546380911621
-0.989106222022   0.0598816315845   -0.134428204826
0.0524168539062   0.996916114972   0.0584013213138
0.137510819503   0.0507191394191   -0.989194729754
-0.879557971477   -0.235952974214   -0.413164503721
-0.474057839169   0.360507194203   0.803308189499
-0.0405940672728   0.902419567691   -0.428942605655
0.884800699358   0.033736602973   -0.464746776796
-0.461087296147   0.20739140476   -0.862778840612
0.0672772640221   0.97767615502   0.199055577856
0.209328844   0.675015013233   0.707485795016
-0.362371940597   0.725550252564   -0.585032821156
-0.90822243691   -0.133908763982   0.396485100824
-0.466331724852   0.786748376714   0.404445963917
0.84848645054   0.268457100621   0.456079953261
0.250240462837   0.555846356698   -0.792737448234
-0.837109467227   0.535884738222   0.109888423913
-0.513973414644   -0.839260612304   0.177406686385
0.187294547193   0.0920290751647   0.977983335265
0.00973889456865   0.568652506332   -0.822520201018
0.496521885853   0.711240200303   0.497597622959
0.867969567963   -0.413245332154   -0.275421721515
0.723677563816   -0.686418249268   0.0715595699484
0.680855677467   0.693146467045   -0.236608375132
0.112811043077   0.219949912011   0.968966307421
-0.190613882418   -0.926659077541   0.323989077555
-0.958349615471   0.247163318903   0.143094613372
-0.212678120388   -0.283219010414   -0.935176129123
0.0940330753642   0.920415329103   0.37946625826
0.867927657728   -0.262510204701   0.421653529863
0.487709544869   0.289699396353   -0.823538798355
0.931876730336   0.00823479786884   -0.362681369785
-0.0388526852392   -0.991724241172   -0.122345747791
-0.360688309673   0.128102307774   -0.923844627981
0.814656200374   0.137170392696   0.56348873758
-0.567138772782   -0.0146212870491   0.823492455289
0.121197716233   -0.990439546302   0.0658833268693
0.199747601653   -0.680300353917   -0.705189596464
0.978813649265   0.105486388373   0.175489343828
-0.0449975389736   -0.725302763158   0.686957888091
-0.487709719597   0.367878733804   -0.791709766809
-0.838797570537   0.0539116060951   0.541767573148
0.241987093266   0.928309595376   0.282282638336
-0.269576202543   0.878329942453   0.394797846422
-0.168696721566   -0.446709419954   0.878630917049
0.948087677107   0.170256819106   0.268593488614
0.163037928008   0.745582273897   -0.646159343507
0.633650532659   -0.581123042959   -0.510662133366
-0.756241910246   -0.326183820636   -0.567181765269
-0.178034440549   0.433684028969   -0.883301688894
-0.915834121122   -0.401363089959   -0.0124699647655
-0.359932734235   0.806737751968   0.468639108505
0.945328124106   0.177887423458   0.273332769451
0.00248654468938   0.834177710628   -0.551490132029
-0.326111262264   0.522018786257   0.788129325291
-0.0841376550415   -0.84645093003   -0.525777173226
-0.0199002339847   0.528970292408   -0.848406973165
0.996255385692   -0.0609199021573   -0.0613508819499
0.927639776395   -0.102429206185   0.359155541155
-0.0970696459339   0.862482598497   0.496690296557
-0.360640997198   -0.495612776849   0.790130398036
-0.957068367412   -0.260384727847   -0.127352771588
0.249035756458   -0.963481777229   0.0984014625468
-0.148324397631   0.0624615828313   0.986964242366
0.200058293542   -0.138986411262   0.969875999095
0.268859756422   -0.94410191364   -0.190751148434
0.942173607948   0.298921974329   -0.15150756206
-0.329061829982   -0.246836907782   0.911476741878
0.85380282291   -0.490118874863   0.175511326779
0.40340928301   0.835975494374   0.372029464199
0.63334667326   0.502677052983   -0.588377163911
0.187324672707   -0.837279908122   -0.513684141479
-0.750853763127   0.215122547903   -0.624452191763
-0.332121869366   0.104387937958   0.937442387247
0.809500566597   0.541680330222   0.226475727123
-0.484152768946   0.834077682656   -0.264405980199
0.748532532248   -0.303564501109   -0.589531726015
0.49237717956   -0.341040258118   0.8007848218
-0.444143867862   -0.889685456464   -0.105811508825
-0.99169989646   -0.0576049207828   0.115810815323
-0.0958701118013   -0.27379259866   -0.957065256502
0.0868296810272   -0.960128458406   0.265870941959
0.731871890186   0.613215736339   0.297203665643
0.260352215955   -0.654676221855   0.709659004574
0.629746204286   -0.44200185501   -0.638791211313
-0.514176443227   0.391537963852   0.763099292109
-0.846221983924   -0.0866147456883   -0.525743457816
-0.139752855708   -0.916076335452   0.375863345644
0.372918531128   0.878962631027   -0.297248163485
-0.44489998122   -0.111742920202   -0.888581758311
-0.814245530628   0.46361430926   0.349379445173
0.728247784645   0.661610270427   0.178681861474
0.572529817508   -0.730652661456   0.371964417656
0.376649658992   -0.168581641953   -0.910887822004
0.608262037584   -0.790060394943   0.0763010926354
-0.747497969807   -0.537844896105   0.389832805959
-0.266953309644   -0.29415540758   -0.917719173514
0.473352677812   -0.843858466505   0.252666024719
-0.808695958017   -0.302594047229   0.50442805551
-0.349210651364   -0.443102363125   -0.825658633509
0.633546907181   -0.707877581002   -0.312294146774
0.0284601217192   -0.382040045677   0.923707408992
-0.773180655   -0.594099895867   -0.221893998183
-0.1656648122   -0.579854518381   -0.797699138987
0.340735703501   0.725406293811   -0.598067631075
0.925448193681   -0.37088333542   0.077402837855
0.893956181889   0.440971662823   0.0799145656615
0.315296342197   -0.492134474253   -0.811413507929
-0.318481650671   0.750564891825   -0.578983407912
-0.225860882554   0.800582375027   0.555026812939
0.632716979481   0.553773435548   -0.541298642821
-0.74071325502   0.228916704588   -0.63161781971
0.109926648082   -0.0538407314573   0.992480403437
0.8798532065   -0.459222575367   -0.122364343851
0.462357557072   0.886688148827   -0.00310889113733
0.0273288636613   -0.705690256875   -0.707993206964
0.969742186744   0.190601418481   -0.152548940759
0.242596807494   -0.682401897292   0.689546543223
0.113416376617   -0.507478433871   -0.854167640984
0.988031250215   -0.0328595045332   0.15071328688
-0.104551271379   -0.86103767943   0.497677750142
-0.374182244379   0.326616452816   0.867933908485
0.537460433128   0.839089623309   -0.0840528318059
-0.755727371193   0.435029066228   -0.489515857501
-0.106869792065   -0.994261420751   -0.00499806969457
-0.960075295949   0.101883878891   0.260531471845
-0.258526941734   0.0326412150525   -0.965454170766
0.46533452608   0.147314461847   -0.872789908297
-0.247433004002   0.968391848272   0.0315299300065
0.849847447031   0.201285064738   0.48707662181
-0.796981799431   -0.351488282667   -0.491194047919
-0.42922680615   -0.242564585267   0.87001363458
-0.424947001925   0.904220859426   0.0424539189839
-0.711371135069   -0.134218533411   -0.689892075719
-0.314502661004   -0.817051943231   0.483249088415
-0.628533027829   0.560737898239   0.539002013528
0.0621202551012   -0.303185893001   -0.950904545052
0.683027165232   -0.681784334566   0.262000248749
-0.727746543152   -0.665769143979   0.164731521834
-0.898642500379   0.42124970817   0.122438297606
-0.438634285694   -0.85869233874   -0.265043790489
-0.0065128155996   -0.291885132938   0.956431215869
0.482127995244   -0.871337325622   0.091235254379
-0.547475786258   -0.218343027617   0.807834519171
-0.683975781826   -0.439428733564   -0.582305375177
-0.594266080204   -0.181253731674   -0.783577194392
-0.441258609718   -0.741066871033   0.506072015812
-0.672411313236   0.646502227833   0.360412564715
-0.342245053988   -0.894144219756   -0.288746355182
0.938266592622   -0.341649883347   -0.0541403611077
-0.0502408650573   -0.289450327016   0.955873613161
0.647991450359   0.355338166784   -0.673677874978
-0.54422505634   -0.402781271811   -0.735925527445
-0.532847238954   0.843505827555   -0.0676148981269
0.761108401345   -0.573758719094   0.30251388392
-0.499668357498   -0.816026410057   -0.29056887985
0.413576172204   0.0699976691527   -0.907773545812
-0.697477411751   -0.378571705741   -0.608449496963
-0.617080258053   -0.114389931239   0.778542391588
-0.364334025123   0.918476871778   -0.153825742015
-0.897745775894   0.179377971136   0.402317479103
0.107365189039   -0.796671399412   0.594787000739
0.427210166901   0.57716756972   0.695964361484
0.573750145162   0.156118527713   0.804013526228
-0.369004293618   -0.827115624684   0.423928606949
0.731195306567   -0.5399135466   -0.416949277304
-0.439365126559   -0.477644630268   0.760797978018
0.420157156394   -0.857842676545   -0.295928168785
0.793993652437   0.189634185541   0.577592294703
0.787639747357   0.135817853875   0.600980149083
0.182713477082   0.880038843295   -0.438346232955
-0.588421119876   0.455066088851   0.668337819865
-0.625999088936   0.525140093441   -0.576500741371
-0.0376108793662   -0.758741694745   -0.650304967675
-0.778916326889   -0.385407591377   0.494722517844
-0.597306363904   -0.363046292214   0.715138245911
-0.516463968901   0.856302409534   0.00334237220921
-0.613588045745   -0.367346692288   -0.698975210421
0.572991697318   0.5111781073   -0.640607068792
0.0659482789424   -0.807869830386   -0.585659447776
-0.816903481737   0.293331053389   -0.496613986434
0.921667150442   0.374439808026   0.101610561671
0.359923275605   -0.922957449417   0.136418449834
0.14486238903   -0.0891604617684   -0.985429186097
0.686802260009   0.726379930736   -0.025977938505
0.302356898547   -0.253015864062   0.919001242714
0.660971227033   -0.639026739998   -0.393397850672
0.224776831881   -0.165699808654   -0.960218187134
0.787817553822   0.610819392877   0.0790137964707
0.573427323539   -0.774237206258   0.267839260987
-0.295516263983   0.270584727257   -0.916217239485
-0.303068225652   0.882959346432   0.358514214445
0.905991045847   0.383623118092   -0.17892321294
-0.168466783624   0.0883716000654   -0.981736978431
0.0136435386204   -0.995666959747   -0.0919668411409
-0.985611935992   -0.0288878229951   0.166533012112
0.556773070317   -0.827812427057   -0.0687774510305
0.336801296697   0.149287269252   0.929665641746
-0.759321169667   -0.540777130165   0.361927427163
0.183517479518   0.890768584023   -0.415755483381
0.355686929236   0.334110382908   0.872844216209
0.916410443314   -0.308060947079   -0.25551964106
-0.462845980747   -0.623539656216   0.630056958549
0.169442206806   -0.759900877875   -0.62756660596
0.870093565338   -0.183708474194   0.457371116261
0.188171951502   0.470249580817   -0.862239342038
0.800937967973   0.434621424092   0.411828378382
0.5684098193   -0.768094768581   -0.294857183917
0.248232740294   0.53436939733   -0.807978872022
0.35257529037   0.727037425834   0.589158083567
0.902258929053   -0.431121711364   -0.0079309529594
0.279937907878   0.247205958268   -0.927644202074
0.770496279499   -0.634274573104   0.0634882532383
-0.572686681112   -0.732519275663   -0.36802862
0.949761287842   0.299019938681   -0.0924150330041
0.243670663211   -0.891783945889   -0.381241024881
-0.196413008592   0.339569120259   -0.919844248177
0.749927829205   0.568903468665   0.337575312274
-0.02226604696   -0.488305822662   0.872388462576
0.661144818681   -0.66174485251   -0.35352689202
0.610390312797   0.021361940134   0.791812679096
0.346239034611   -0.90627405659   -0.242457816846
0.712419947906   0.422150363677   -0.560577228464
-0.739591877543   0.532516193018   -0.411619050965
-0.20649636127   0.40254403875   0.891805757944
0.640595809951   0.744570185606   -0.187755607009
-0.763922594633   -0.431452431826   -0.479865168839
0.391267142149   -0.901026555646   0.187244875319
-0.51315865448   -0.044714862518   0.857128191613
0.0261606738381   -0.978900315326   -0.202656957248
0.915491579015   -0.0579590144302   0.398140648872
-0.401485788563   -0.195946370691   0.894658698532
-0.627688727137   0.565542819213   0.534946853088
-0.633726237107   0.0278681784522   -0.773055233252
-0.452103829219   -0.824247934115   0.340906808607
0.992370426554   -0.123281554196   0.00161080940533
-0.0135155151299   -0.121762509012   -0.992467225819
0.122549039828   0.984873353213   -0.122499726631
-0.463235003268   -0.885268511511   0.041416440437
-0.862049522139   0.439254870029   -0.252837244877
0.205636281798   -0.152825762042   -0.966623574078
0.10113995995   -0.985983361558   -0.132693439319
-0.0396376597439   0.129277840494   -0.990815888329
0.994082287357   0.105470751242   -0.0260069296341
0.353966650783   -0.316822910752   0.879960698843
-0.85542547151   0.270691769659   0.441557701627
-0.378093706608   -0.909037504395   -0.17520252533
0.411753878143   0.240030502125   -0.879115522759
0.4444602627   0.789275257815   0.423673981323
0.795558809383   -0.565181321011   0.21830312829
-0.440724475118   0.192698126396   0.876715048511
-0.887751022617   -0.238161166401   -0.393925501691
0.132890804965   -0.951917334186   0.2760314768
-0.770075108608   0.629866279401   0.101257237595
-0.620659671984   -0.776408569293   0.109414518766
0.147533486586   0.0214111050148   0.988825281016
-0.599867338317   -0.748505882854   -0.282662356906
0.760717399483   -0.643035697778   0.0883969159498
-0.247927616052   -0.161999752961   0.955137672854
0.0388488824348   -0.737559829448   0.674163404692
0.845287646558   -0.335545971886   -0.415809743084
0.532897356738   0.58601573857   0.610414592776
0.991710549774   0.118853167478   0.0488273496665
-0.0749622948133   0.226530995119   0.971115011337
0.104359186713   -0.966725211975   0.233562683864
-0.758644642503   0.121311752892   -0.640110787891
0.0139108037789   0.985303601822   0.170244830291
0.651356163479   0.120250868241   -0.749182843135
0.727990146955   -0.56824677605   -0.383570102315
-0.398895257896   -0.806099719697   0.437134212109
-0.557595727306   -0.165225142387   -0.813503634623
0.0747980876851   0.913822397942   -0.399166464037
0.881856367344   0.126260605781   0.45429902267
0.465547622018   -0.385988185887   -0.796416048378
-0.386330254065   0.850171806151   -0.357711876652
0.916008652979   0.399078451985   -0.0408037918768
0.108064954259   -0.343430781659   -0.932940829346
-0.965828693481   0.249102134397   -0.0714033383728
0.170864556124   0.405033638615   -0.898190181567
-0.194822004795   -0.879709284618   -0.433748776706
0.598425330754   0.727489222454   -0.335628606906
-0.798313211037   0.506042764649   -0.32652219848
-0.0676989486125   0.463335904319   0.883593059145
-0.641828469527   0.19195681276   -0.742434319844
-0.364831631759   0.775139507295   0.515806760283
0.674502792964   0.601923014613   -0.427474675916
-0.79390478487   0.464859498502   -0.392411719255
0.448155952455   0.0105005741713   -0.894006670698
-0.411384920769   -0.885436238035   -0.216825868948
-0.97254424696   -0.134027224153   0.190247238212
0.203714985282   -0.0950903411438   0.974401262955
-0.112505614228   0.986404744344   0.119783128495
-0.582721413427   0.515397365523   0.628331987418
0.682732875777   0.729852984736   0.0345022151593
-0.440807612382   0.449088118446   -0.777179683046
0.927496899914   0.37360233743   -0.0130688453245
-0.366352044752   0.901428133737   -0.23068051463
-0.0744021542522   0.218743260447   0.972941779181
0.998153958355   -0.0537062223074   -0.0283604858944
-0.00507588693919   0.39155774251   -0.920139547829
0.0605219864717   0.918584886547   0.390562303886
-0.852429049481   -0.393394143772   0.344382444432
-0.515596361351   0.523269061769   -0.678489653263
0.0867099333907   -0.755929140243   -0.648881145414
-0.335775086534   -0.78470731931   0.521047010929
-0.426199566891   -0.366732513278   -0.826959295957
0.840005651027   -0.499742104499   -0.211302542439
0.440210208086   0.276482269373   -0.854267252871
0.356998488512   0.819083636187   0.449059105219
0.823873208574   -0.502652519642   0.261865225632
0.16897393898   -0.405803068155   0.898204687736
-0.954047335857   -0.296153835711   0.0456788836561
0.247470143936   -0.864648338542   -0.437197609266
0.0497655649729   -0.599220222284   -0.799035960967
0.998018854807   0.0606689704046   0.0166611880504
0.0384929495204   -0.798282127411   0.60105234234
-0.996365250671   0.0204941879617   -0.0823921509949
0.0817622642623   -0.0298664458529   -0.996191881269
-0.0228781648842   -0.999331436723   0.0281068362538
-0.587497881412   -0.133243498237   0.798180614336
0.321940767735   0.866448630664   0.381603069561
-0.742428626196   0.481157906311   -0.466140211403
-0.819785720814   0.5645981306   0.0958122972868
-0.00333718599053   -0.172014963262   0.98508857738
0.572660378041   0.807241966834   0.142899771157
-0.933791668746   -0.0114535193908   0.357632254621
0.263106543755   0.655401540712   0.707971447057
-0.242501462439   0.755193644113   -0.608994810949
-0.576711017285   0.16490078625   -0.800131217537
0.535621440976   -0.663209658503   -0.522743085982
-0.616856471596   -0.730039993883   0.294157662242
0.300176613465   -0.0984230758868   0.948792359875
0.737819465784   -0.606468609022   -0.29634162983
0.604579589413   0.788992283735   -0.109429268981
-0.242161537989   -0.82186605004   -0.515649090375
-0.235794543898   0.565386235453   -0.790404540417
0.941147555743   -0.069818337378   -0.330706330623
0.952437805086   -0.138087208476   0.271650786966
-0.204667161312   0.370589592872   0.905966171323
-0.225773294002   -0.918474427165   0.324701621455
0.999240102073   -0.0235481151566   0.0310596954547
0.0251701920107   0.998281955587   -0.0529112330699
-0.0297603737093   0.0536528044319   0.998116073778
0.888002109736   -0.403624783594   -0.220316343253
-0.237661804396   -0.813009346504   0.531538082241
-0.393661178892   -0.419646160723   -0.817880211179
0.854916303226   -0.518486909383   0.017013008383
0.518103249556   0.855022044665   0.0225017579879
-0.0262133640676   -0.0104226249595   0.999602035033
