-0.159166008011   -0.852444584947   0.498000456404
0.702876512427   0.25638013379   0.663501215462
-0.693275438238   0.455639642958   0.558356247318
0.784757291043   0.223642295476   -0.57804853955
0.255276372906   0.733230559217   0.630243536909
0.564791965096   -0.642150345366   0.518317433347
0.953787907374   -0.166434447937   0.250176340938
0.060692221202   0.922134117176   0.382079995562
-0.294287412763   -0.349239521336   0.889621646376
-0.605786381243   0.740174462895   -0.291829714499
0.322194000583   -0.107152219122   -0.940589920536
-0.727470854245   -0.663822368637   -0.173568395888
0.572236009623   -0.706030608793   0.417213046274
0.54752099357   0.707661945814   0.44658182919
-0.610546237507   -0.0271173009279   0.791516230101
0.224099103534   -0.949131054819   -0.221200768138
-0.808600051344   -0.0543847870478   -0.585839722299
0.544008727883   0.310149099684   -0.779654999961
0.947355582389   -0.20093031458   0.249287690686
-0.113672325829   -0.938923479977   -0.32480643658
0.299325819778   0.279370054919   -0.912334573885
-0.996537339678   0.0685239570254   0.0471637032401
-0.0769163085109   -0.54307633707   -0.836156138345
-0.031683261745   -0.836885699197   0.54646134404
-0.989138121869   0.0596222717787   -0.134405348648
0.0521671798553   0.996933655925   0.0583257435562
0.137470718275   0.0506802892985   -0.989215420221
-0.879433545489   -0.236155464951   -0.413313536929
-0.474275916521   0.360375268659   0.803238637087
-0.0407411149013   0.902419275877   -0.428929194684
0.884759017753   0.033677905626   -0.464830376247
-0.461150702261   0.207485169138   -0.862722395085
0.0673907249778   0.977658273555   0.199104964505
0.209456117298   0.674920632116   0.707538182098
-0.362270013817   0.725658826922   -0.584961285332
-0.908233767194   -0.133796145657   0.396497185967
-0.466552039861   0.786596918554   0.404478790879
0.848339522332   0.268527084549   0.45630861744
0.250315519691   0.556024088708   -0.792584303424
-0.837052973863   0.536046439535   0.109529087651
-0.514220839613   -0.839165779465   0.177137828303
0.186867157329   0.0919516001472   0.978072374513
0.00983583096082   0.56836369272   -0.822718618256
0.496365990598   0.711461182323   0.497437208586
0.868057610649   -0.413262248344   -0.275118595352
0.723505134246   -0.686558044134   0.0719608880321
0.681078934493   0.692933161006   -0.236590607695
0.112569100384   0.220185564228   0.968940924189
-0.19035937497   -0.926713502959   0.323984164425
-0.958322263316   0.24702593431   0.14351601622
-0.213030737213   -0.28316159823   -0.935113885256
0.0938084469853   0.920428015157   0.379495338197
0.867906130716   -0.262366655941   0.421792495885
0.487794414754   0.289796877542   -0.823458176444
0.931954712566   0.00842166684934   -0.36247693686
-0.0386769548767   -0.991717353065   -0.122482530641
-0.360505960268   0.128167674077   -0.923909976725
0.814654546325   0.137242424605   0.563473594553
-0.567129728081   -0.0146097218103   0.823498909157
0.121251170701   -0.990429754574   0.06593237927
0.199574134128   -0.680432149841   -0.705111502145
0.978849998043   0.105410079179   0.17533216968
-0.0449757971214   -0.725190166684   0.687078154534
-0.487551300545   0.3680237393   -0.791739994043
-0.838772370376   0.0543246180112   0.541765375516
0.242393484956   0.928228063962   0.282202128192
-0.269353152669   0.878452932531   0.394676181261
-0.168700257247   -0.446525105751   0.878723797126
0.948150339309   0.170105066819   0.268468209144
0.162857275697   0.745547058907   -0.646250521773
0.633673789826   -0.581089771943   -0.510683074726
-0.756265616054   -0.326342240108   -0.567069672756
-0.177669689521   0.43368214812   -0.883376035606
-0.915849144795   -0.401317707386   -0.0128209056921
-0.360074672614   0.806761319131   0.468489465224
0.945333999237   0.177724129177   0.273418661727
0.00265516562503   0.834218216609   -0.551428072875
-0.326092902051   0.522009677465   0.788142955882
-0.0842204849073   -0.846510324544   -0.525668259487
-0.0198259427314   0.528861700043   -0.848476403663
0.996249858513   -0.0610372510642   -0.0613238400697
0.927701434896   -0.102449196009   0.35899054311
-0.0969520980399   0.862499285827   0.496684278845
-0.360513992088   -0.495579604507   0.790209160563
-0.957045804641   -0.26033371401   -0.127618266898
0.248948606727   -0.963490412438   0.0985268617177
-0.148609070735   0.0625244641804   0.986917430012
0.199946806752   -0.138831702334   0.969920995626
0.269073041814   -0.944071228878   -0.19060035625
0.942136230859   0.299089545222   -0.151407865335
-0.329063084718   -0.246851525099   0.911472420204
0.853899368255   -0.489921287265   0.175593800406
0.403204063881   0.836087099771   0.372001237894
0.633294293545   0.502831119029   -0.588301880851
0.187361958353   -0.837169115282   -0.513851014939
-0.750888629451   0.215193482074   -0.624385767226
-0.332212633999   0.104491077132   0.937398721755
0.809448383517   0.541757353157   0.226477987568
-0.48417771858   0.83401473562   -0.264558767389
0.748381829705   -0.303825307157   -0.589588677811
0.492345493768   -0.341159225848   0.800753545339
-0.444432830738   -0.889550733988   -0.105730334438
-0.991687929966   -0.0572771212065   0.115937393665
-0.0960855899358   -0.273719242454   -0.957053915933
0.0865430948728   -0.960158304647   0.265834380118
0.731702131454   0.613303876829   0.297439642577
0.260485745382   -0.654843621275   0.709455411055
0.629888214497   -0.441631247184   -0.638907388566
-0.514276680566   0.391523680916   0.763039160498
-0.846146383056   -0.0865615928687   -0.525873968008
-0.139842238299   -0.916087517146   0.375802917705
0.372853610655   0.878988382082   -0.29725339491
-0.444805237789   -0.11183027988   -0.888618162422
-0.814326996394   0.463544347734   0.349282337314
0.728277667376   0.661559016859   0.178748974068
0.572403462087   -0.730673495472   0.372115324365
0.376783498986   -0.16868670739   -0.910811841868
0.60818644765   -0.79015077481   0.0759685159915
-0.747520042751   -0.537905501887   0.389707980775
-0.267064127207   -0.293803127385   -0.917800380638
0.473426298183   -0.843881760358   0.252450244505
-0.808631633043   -0.302745502497   0.504440353794
-0.349259836595   -0.442954583483   -0.82571716855
0.633454714341   -0.707908043591   -0.312412131487
0.0285160579257   -0.382116541817   0.923674094412
-0.773254144846   -0.594014477995   -0.221866787551
-0.165706557181   -0.579992166845   -0.797590434872
0.340649970683   0.725324903745   -0.598215178658
0.925472318805   -0.370827303339   0.077383204563
0.893961335185   0.440948224716   0.0799862083642
0.315322912387   -0.49208249911   -0.811434694804
-0.318440875724   0.750612727129   -0.578943806284
-0.225896762833   0.800611450508   0.554970282737
0.63275976403   0.553742671739   -0.541280107911
-0.740665775117   0.22888944823   -0.63168339043
0.109790581303   -0.0537069901045   0.992502692358
0.87985755362   -0.459262801567   -0.122181732236
0.462381574528   0.886675391317   -0.0031682342223
0.0269743571287   -0.705880771005   -0.707816885915
0.969740023291   0.190351377468   -0.152874652244
0.242645202074   -0.682274658181   0.689655424098
0.113144794274   -0.507453167151   -0.854218672625
0.988073027421   -0.0329142145144   0.150427222525
-0.104450706057   -0.861050486291   0.497676713526
-0.374047535453   0.326433551026   0.868060845226
0.53754497738   0.839051140128   -0.0838962916631
-0.755734008461   0.435240539501   -0.489317727768
-0.106771698592   -0.994269874081   -0.00509049814909
-0.960027065262   0.101760618069   0.260752274104
-0.258740274485   0.0327281527297   -0.965391119909
0.46532328866   0.146886341831   -0.872868053256
-0.247507370451   0.968389464131   0.0310152746244
0.849831946554   0.201609147291   0.486969622435
-0.796830925417   -0.351433903429   -0.491508913958
-0.429618090841   -0.242478287142   0.869856757955
-0.424870682681   0.904276890592   0.0422165874702
-0.711400786415   -0.134161127052   -0.689867833109
-0.314456162295   -0.81710875232   0.483175963584
-0.628517427892   0.560662538234   0.539096923033
0.0621952282323   -0.302870459402   -0.95100012925
0.683044963037   -0.681835968488   0.261819219818
-0.727723394898   -0.665859752664   0.164467191005
-0.898636157732   0.42127466241   0.122394425676
-0.438644826021   -0.858663385485   -0.265118076271
-0.00659190642373   -0.291932417816   0.956416228881
0.482134761848   -0.871342472211   0.0911501790045
-0.547509125845   -0.218448629615   0.807783339856
-0.683944307769   -0.439365978601   -0.582389631444
-0.594216062435   -0.181156151429   -0.783638504732
-0.441370942131   -0.741054243855   0.505993920067
-0.672382739771   0.646545129517   0.36038962349
-0.342278441264   -0.894154505999   -0.288674783332
0.938261790006   -0.341643126611   -0.0542653661741
-0.0501021411253   -0.289426391251   0.955888140742
0.647980869625   0.3553824852   -0.673664655197
-0.544220285606   -0.402758631303   -0.735941376235
-0.532864953983   0.843497906182   -0.0675735167531
0.761050423955   -0.573722818369   0.302729086042
-0.499536880726   -0.816051835196   -0.290733996145
0.413842574716   0.0700391276556   -0.907652462457
-0.697469052484   -0.378851818736   -0.608281322506
-0.617037075456   -0.11415678504   0.778609098621
-0.364417501476   0.918388904758   -0.15414379127
-0.897747973734   0.179311184832   0.402304528408
0.107406383999   -0.7966620024   0.59476793169
0.427159575873   0.57717633604   0.695984642038
0.573791469687   0.15622340136   0.803963647107
-0.368898391791   -0.827122362593   0.424007487641
0.731216297368   -0.539872783078   -0.416965143195
-0.441085194484   -0.464749683984   0.767757663056
0.421606163136   -0.862503772623   -0.279885341359
0.792270371243   0.200238089132   0.576378728825
0.787439834558   0.135793240967   0.601247623171
0.182867886725   0.880050106918   -0.438259222702
-0.588640675341   0.455051651998   0.668154287584
-0.626076691598   0.525110221312   -0.576443611753
-0.0377121951124   -0.758782132715   -0.650251852521
-0.778849004877   -0.385368572721   0.494858861262
-0.597346501053   -0.362921150266   0.715167927896
-0.516484739124   0.856290624968   0.00313991030752
-0.613531124438   -0.367497732611   -0.698945441278
0.573027898405   0.511415818759   -0.640384907694
0.066141458281   -0.807709873647   -0.585858192806
-0.816862459154   0.293357077475   -0.496666029358
0.920682473242   0.374908481513   0.108572504442
0.359698240434   -0.922980044976   0.136890273944
0.151530637364   -0.0869793180076   -0.984625535715
0.686710157825   0.726459291345   -0.0261927091522
0.302409884101   -0.252726034976   0.919063554199
0.66104267789   -0.639051212876   -0.3932380057
0.224863857321   -0.165785708446   -0.960182952943
0.787761262636   0.610892768815   0.0790075775141
0.573470485149   -0.774160902584   0.267967274967
-0.295334112798   0.270420883848   -0.916324338788
-0.303523893402   0.88286058979   0.358371907249
0.905897894031   0.383965784087   -0.178659648265
-0.168520737727   0.0884567061023   -0.981732802686
0.0141065688388   -0.99566664853   -0.0921326316454
-0.985608892735   -0.0293739381739   0.166519596436
0.556813883196   -0.827755464334   -0.0691316979774
0.337100433092   0.149124385292   0.929583356934
-0.75915848043   -0.540909244461   0.362071252894
0.183494957041   0.89084339733   -0.415605156129
0.355491375875   0.334034916314   0.872952781839
0.916490854317   -0.307926483231   -0.255393422891
-0.462876437164   -0.623454147458   0.630119615243
0.169195643186   -0.759928030737   -0.627600751389
0.870125644849   -0.183887995351   0.457238138823
0.188222876912   0.47036461487   -0.862165460833
0.800809904481   0.434706609556   0.411987455385
0.568573345892   -0.767976103527   -0.294850913853
0.2480833749   0.534417478323   -0.807992936408
0.352511374235   0.727084931572   0.589137699282
0.902324973309   -0.430981967771   -0.00801055589329
0.279879094903   0.247234979453   -0.927654300359
0.770502844634   -0.634273589109   0.063421234907
-0.572706733373   -0.732510581194   -0.368015134516
0.949758192948   0.299072465315   -0.0922768773626
0.243800184145   -0.891813676631   -0.381089667553
-0.196267245908   0.339445908791   -0.919921265145
0.749873997628   0.569041869424   0.337461641376
-0.0220521271162   -0.488301536512   0.872396376279
0.661213061159   -0.661629114005   -0.353616057652
0.610374928716   0.0212959477215   0.791826204728
0.346416584915   -0.906150928221   -0.242662549538
0.712346689175   0.42241691001   -0.560468897933
-0.73962306172   0.532552424305   -0.411516241106
-0.2064500866   0.402440906218   0.891863033248
0.640574791161   0.744600042773   -0.187709072762
-0.76398370861   -0.43119068434   -0.48000323695
0.39108033488   -0.901147060547   0.187055441552
-0.513210176647   -0.0448125014071   0.857092249166
0.026135098177   -0.97884563918   -0.202924012132
0.915398018409   -0.0581364958394   0.398329760008
-0.40170064468   -0.196166624255   0.894513971827
-0.627631260019   0.565595207799   0.534958859938
-0.633783759487   0.0278389442323   -0.773009114624
-0.452102938635   -0.824212961556   0.340992513516
0.992379538365   -0.123209587603   0.00149987166329
-0.0135992619457   -0.121615782432   -0.992484105466
0.122465963299   0.984900521399   -0.1223645736
-0.463078685892   -0.88534692239   0.0414823725637
-0.862160834782   0.439109459754   -0.25270987061
0.20552044956   -0.152788778219   -0.966653709101
0.101168280333   -0.986004945035   -0.132511348049
-0.0394107961611   0.129118183403   -0.990845756347
0.994088425716   0.105464553719   -0.0257965877185
0.354097646149   -0.316995343553   0.879845900525
-0.855428954946   0.270438755251   0.441705990619
-0.377963172208   -0.909052710944   -0.175405268722
0.41202669553   0.239863374871   -0.879033311973
0.444504717034   0.789230785904   0.423710187643
0.795392707219   -0.56531436208   0.218563751153
-0.440762163008   0.192586608851   0.8767206786
-0.887715376293   -0.23824557295   -0.393954930597
0.133004364165   -0.951918838316   0.275971704577
-0.770052512379   0.629909319709   0.10116065032
-0.620664971044   -0.776366228128   0.109683973075
0.147628662355   0.0216755432195   0.988805314261
-0.599959436946   -0.748462670767   -0.28258139464
0.760601109541   -0.643144000524   0.0886097356278
-0.248061617938   -0.161769476573   0.955141910124
0.0388499117271   -0.737506905605   0.674221229877
0.845190128277   -0.335685123289   -0.415895624476
0.533051920261   0.586002634449   0.610292200617
0.991723073653   0.11870144687   0.0489419223402
-0.0750396586271   0.226540882018   0.971106731836
0.104184427265   -0.966741538104   0.233573135813
-0.758624038804   0.12129919332   -0.640137250064
0.0136601944314   0.985261612146   0.17050792234
0.651385133625   0.120607040394   -0.749100111466
0.727916619668   -0.568309261984   -0.383617006943
-0.398702457136   -0.805995981794   0.437500891655
-0.557829522297   -0.165515142113   -0.813284184523
0.0746742511226   0.913742627852   -0.399372234724
0.881816293948   0.126501428716   0.454309835894
0.465643421032   -0.386098191278   -0.79630673828
-0.386140985755   0.850170572768   -0.357917917912
0.916063209544   0.398972608305   -0.0406090771523
0.108274811859   -0.34355625191   -0.932869661761
-0.965879189053   0.24896754926   -0.0713062500369
0.170745065864   0.405178146158   -0.898150533469
-0.194719142259   -0.879683703215   -0.433860835552
0.598483960819   0.727431345044   -0.335649486107
-0.798258674087   0.506003740645   -0.326715919685
-0.0678235100932   0.463469353009   0.88351351296
-0.64176474869   0.192112676811   -0.74244910737
-0.364849112916   0.775055131235   0.515921177642
0.67455398778   0.601981940047   -0.427310915151
-0.798557365246   0.47114293856   -0.374576295515
0.43176116628   0.0148080205887   -0.901859403521
-0.419363046785   -0.881925404936   -0.215236221239
-0.972542896928   -0.133970315204   0.190297417114
0.203755428447   -0.0950651806312   0.974395608778
-0.11244944506   0.986415243025   0.119751680134
-0.582854045004   0.515292731355   0.628295079193
0.682569829057   0.730005949974   0.0344929834566
-0.440885170975   0.448959617849   -0.777210195798
0.927484084072   0.373632309746   -0.0131213768912
-0.366407634903   0.90145570457   -0.23048439703
-0.0742880777982   0.218578382515   0.972987549794
0.998154671997   -0.0536394474541   -0.0284615603812
-0.00519214630849   0.391604628058   -0.920118931285
0.0605003500752   0.918568786629   0.390603485219
-0.85238145144   -0.39339294805   0.344510607018
-0.515690145631   0.523204032529   -0.678469703864
0.0866558920287   -0.755975828837   -0.648838225819
-0.335797118798   -0.784555462289   0.521260241189
-0.425979969191   -0.367081369473   -0.826916884064
0.840107480207   -0.499723117232   -0.210939608407
0.440168147344   0.276220214484   -0.854373692271
0.357233864186   0.819091207491   0.44885806621
0.823793650869   -0.502784238449   0.261862644695
0.169159797633   -0.405765345153   0.898186728957
-0.953991701659   -0.296313111827   0.0458071923549
0.247557566169   -0.864611444742   -0.437221018423
0.0498110269255   -0.599227730449   -0.799027510869
0.998019333664   0.0606396807363   0.0167395791743
0.0384219429023   -0.798278730106   0.601061405053
-0.996377509088   0.0205351968275   -0.0822712996586
0.0816364900188   -0.0300333907147   -0.996198783493
-0.0229291202111   -0.999327192879   0.0282695802289
-0.587666879038   -0.133267876823   0.798052196519
0.321774649302   0.866492282762   0.381644073255
-0.742366964801   0.481072548158   -0.466326590879
-0.819717423387   0.564706101819   0.0957628285341
-0.00342909219536   -0.172028489482   0.985086057125
0.572758013552   0.80716374868   0.14295108854
-0.933838481395   -0.0114547223968   0.357511461061
0.263010494858   0.6554130687   0.707996597942
-0.242427587229   0.755183747467   -0.609037226461
-0.57671412532   0.164955535789   -0.800119219195
0.53567613091   -0.663109561252   -0.52281649145
-0.616808054816   -0.730120313491   0.294061685605
0.300175157444   -0.098372398165   0.948798091405
0.737930917892   -0.606339604385   -0.296328213504
0.604444296354   0.789097789237   -0.109416113804
-0.242128599274   -0.821932244099   -0.515558965737
-0.235869812764   0.565294056495   -0.790447995121
0.941137127346   -0.069785296971   -0.330742851401
0.952464344621   -0.138270416271   0.271464479243
-0.204436772477   0.370555270537   0.90603222239
-0.225870045746   -0.918460708976   0.324673125279
0.999233457415   -0.0237281749032   0.0311363342313
0.0253655763336   0.998256748319   -0.053292138226
-0.0298175305964   0.0540410785902   0.998093420838
0.888002800958   -0.403513436586   -0.220517515602
-0.237295438916   -0.812885960008   0.531890949257
-0.393880620064   -0.419992873423   -0.817596927842
0.854835987268   -0.518617186922   0.017077654253
0.518231358152   0.854942885126   0.0225592680831
-0.0263000432148   -0.0104342981617   0.999599636426
