-0.159350991947   -0.852413381988   0.497994649559
0.702833030766   0.256288231502   0.663582747378
-0.693276983351   0.455749665894   0.558264507267
0.784816617033   0.223642755565   -0.577967816547
0.255320493397   0.733106314216   0.630370192433
0.564689582631   -0.642292029952   0.518253438752
0.953805933432   -0.166309085452   0.250190984489
0.0605026178424   0.922067837162   0.382269977476
-0.294268030642   -0.34947416291   0.889535909261
-0.605732061256   0.740282489521   -0.291667608629
0.321678860647   -0.107432362136   -0.940734099114
-0.727743683468   -0.663656364644   -0.173057756205
0.57201258504   -0.706260644234   0.417130079925
0.547671354973   0.707432942045   0.44676024723
-0.610620739996   -0.0271022871593   0.791459270741
0.224098090784   -0.94914451567   -0.221144089098
-0.808499488509   -0.0543615827776   -0.585980682405
0.544158613687   0.310112030474   -0.779565181505
0.947352078994   -0.200907657837   0.249319341126
-0.113604905998   -0.938895080633   -0.324914304268
0.299362566415   0.279484333742   -0.912288288938
-0.996542803564   0.0685093585224   0.0470150368351
-0.076786708477   -0.543157098037   -0.836113228975
-0.0317450357539   -0.836832120595   0.54653874201
-0.989146512957   0.0593604006593   -0.134383471804
0.0519149050837   0.996951256311   0.0582496785688
0.137431500358   0.0506411419379   -0.989212543384
-0.8793085698   -0.23635871887   -0.413463293675
-0.474494950769   0.360242806139   0.803168705032
-0.0408886401989   0.902418962047   -0.428915866393
0.884717894712   0.0336186743222   -0.464912927357
-0.461213040457   0.207577829919   -0.86266677553
0.0675039006201   0.977640639002   0.199153192365
0.209583485209   0.674825897447   0.707590829087
-0.362168142565   0.725767648598   -0.584889357416
-0.908245016383   -0.133683701484   0.396509352002
-0.466773440109   0.786444956774   0.404511280713
0.84819215011   0.268598170397   0.456537338347
0.250389941391   0.556201937051   -0.792431275318
-0.836996038492   0.536208911779   0.109169062256
-0.514468804953   -0.839070446006   0.176869684595
0.186439614772   0.0918751300758   0.978161149037
0.00993157387253   0.568073697625   -0.822917779609
0.496209688722   0.711683330081   0.497275368815
0.868145922497   -0.41327850377   -0.274815537165
0.723331029998   -0.686699266035   0.0723625557503
0.681303983134   0.692718763444   -0.23657049222
0.112325883099   0.220419675279   0.96891592142
-0.190103398298   -0.926767427426   0.323979508511
-0.958294350606   0.246888233255   0.143937720317
-0.213383514055   -0.283104689461   -0.935050281787
0.0935879168739   0.92043582926   0.379521862093
0.86787919531   -0.262215551622   0.421930616563
0.487877712074   0.289892440503   -0.823366867994
0.932032283784   0.00860949619599   -0.362273521257
-0.0385001440074   -0.991712765324   -0.122618990945
-0.360324807   0.128232424153   -0.923977251632
0.814653008807   0.13731467964   0.563458212469
-0.567120490057   -0.0145979004935   0.823505475748
0.121304691587   -0.990419909727   0.0659817425531
0.199399041998   -0.680563900603   -0.705033914001
0.978886690007   0.105332318205   0.175174124633
-0.0449543192998   -0.725077859963   0.687198089516
-0.487392325512   0.36816846648   -0.791770641443
-0.838747597543   0.0547367524384   0.541762296239
0.242798756126   0.928146485368   0.282122116408
-0.269129914875   0.878576171086   0.394554145784
-0.168704781248   -0.446340637292   0.878816648689
0.94821292922   0.169952689973   0.268343639234
0.162678552583   0.745507752547   -0.64633927754
0.633694445738   -0.581047596366   -0.510701615084
-0.756285409246   -0.326501119603   -0.566948400039
-0.177304424261   0.433679691137   -0.883450628323
-0.91586382073   -0.401272832015   -0.0131723935595
-0.360217363638   0.806784962409   0.468339034249
0.945340252295   0.177559407239   0.273504047771
0.0028245528672   0.83425901038   -0.551365509495
-0.326073349337   0.522000536456   0.788157097431
-0.0843046418314   -0.84657043258   -0.525558042648
-0.0197514783803   0.528751808111   -0.848546649209
0.996244263528   -0.0611558620546   -0.0612972553557
0.927763319321   -0.10246970647   0.358824723744
-0.0968339680975   0.862515570615   0.496679043925
-0.360386467194   -0.49554702028   0.790287760473
-0.957024350574   -0.260282957155   -0.127881091551
0.248862004679   -0.963499893651   0.0986511256847
-0.148890879468   0.062586933032   0.986870993427
0.199833691374   -0.138676640289   0.969966732332
0.269286978347   -0.94404139843   -0.190448918098
0.942099355528   0.299257508761   -0.151307639809
-0.329064917103   -0.246865933683   0.911467850283
0.853995645497   -0.489723610403   0.17567695386
0.402998596504   0.836198639937   0.371973167213
0.633241683139   0.502986180321   -0.58822616509
0.18740004553   -0.837058459804   -0.514018579335
-0.75092365912   0.215264440565   -0.624320058112
-0.33230400849   0.104593899856   0.937354913199
0.809395883987   0.541834645375   0.226480781869
-0.484202870881   0.833951651887   -0.264711710688
0.748230703987   -0.304085649991   -0.589646274062
0.492314330792   -0.341278674368   0.800721832131
-0.444721722814   -0.889415971424   -0.105649457016
-0.992181710114   -0.0486166925006   0.115210545902
-0.0982142762117   -0.267340190841   -0.958604383811
0.0774016060871   -0.962395358428   0.26043623572
0.731531089994   0.613393131714   0.297676253443
0.260619673948   -0.655010546955   0.709252212984
0.63003148449   -0.441259767073   -0.639022908764
-0.514376259844   0.391509621947   0.76297926345
-0.846071124465   -0.0865084793864   -0.526003793471
-0.139931386326   -0.916098550551   0.375742843753
0.384469339409   0.865543423638   -0.320964034112
-0.446028979077   -0.130237998339   -0.885492076709
-0.808233554872   0.483603815005   0.335984930346
0.728306527073   0.661509292572   0.178816628735
0.572278159111   -0.73069610316   0.372267382915
0.376918611209   -0.168792036598   -0.910738116791
0.608111211932   -0.790240569564   0.0756344688642
-0.747541292163   -0.537965669548   0.389582935488
-0.267175498832   -0.293449636782   -0.917880411422
0.473500631361   -0.843905044659   0.252232869422
-0.808566702469   -0.302898136164   0.504452761657
-0.349309364999   -0.442805800193   -0.825775977844
0.633362260436   -0.707937937576   -0.312531806533
0.0285728104672   -0.382194476708   0.923640081946
-0.773327775304   -0.593928685125   -0.221839785851
-0.165747952367   -0.580130216709   -0.797481371618
0.34056365765   0.725243458013   -0.598363033092
0.925496624254   -0.370770624435   0.0773636525748
0.893965967172   0.440925677729   0.0800587279075
0.315350492907   -0.492029584788   -0.81145610218
-0.318400565041   0.750660699558   -0.57890383378
-0.22593343022   0.800640315254   0.554913687567
0.632802218636   0.553712448794   -0.54126138514
-0.740618300577   0.22886157507   -0.631749121228
0.109652579385   -0.0535729896779   0.992525173868
0.879862036878   -0.459303185913   -0.121997283169
0.46240575477   0.88666254901   -0.00322691968924
0.0266187853044   -0.706071469811   -0.707640110018
0.969737555954   0.190100899753   -0.153201583142
0.24269428992   -0.682147148366   0.689764272324
0.112872834505   -0.507428432814   -0.854269335989
0.988114808687   -0.0329685205756   0.150140565489
-0.104349593643   -0.861062976862   0.497676306749
-0.373914065589   0.326250174945   0.868187247896
0.537629375165   0.83901280207   -0.0837387199279
-0.755739987707   0.435451882077   -0.489120365648
-0.106675591625   -0.994280850286   -0.00518251243238
-0.959981238241   0.101634492076   0.260973606031
-0.258954223573   0.0328145024885   -0.965332898424
0.465311632125   0.146456405346   -0.87294649819
-0.247581854637   0.968386830311   0.0304987064034
0.849816622939   0.201934314001   0.486861605876
-0.796634916585   -0.35137081864   -0.491814236078
-0.43000078919   -0.242363448049   0.869677213803
-0.424784670505   0.904310611859   0.0420028964786
-0.711436200979   -0.134104563379   -0.689846428344
-0.314411772871   -0.817171251123   0.483105392355
-0.628504069755   0.560590357679   0.539188970714
0.0622705748841   -0.302553189113   -0.951096135567
0.683062243149   -0.681888389288   0.26163724042
-0.727700668763   -0.665950179329   0.164201158077
-0.898631066375   0.421299938316   0.122349448662
-0.438655342703   -0.858635666625   -0.265192541618
-0.00667202596415   -0.29197937562   0.956401352514
0.482142341258   -0.871347219017   0.0910646039962
-0.547542304066   -0.218555239985   0.807731994231
-0.683912394571   -0.439303509156   -0.58247419539
-0.594163738061   -0.181057701558   -0.783700048772
-0.441483611912   -0.741040527434   0.505914219146
-0.672353982774   0.646587260489   0.360366919059
-0.342312264464   -0.894164561663   -0.288603785658
0.938256919947   -0.341636822209   -0.0543905200153
-0.0499635927619   -0.289403028944   0.955902468535
0.64796987835   0.355427665703   -0.673651414677
-0.544215725668   -0.402735589362   -0.735957442996
-0.532883005902   0.843489945653   -0.067531222712
0.760992558609   -0.573685918115   0.302943701935
-0.499404255412   -0.81607222895   -0.290898980474
0.414108450604   0.0700806287174   -0.90752611114
-0.697464452339   -0.379133349829   -0.608114706959
-0.616995221549   -0.113927609808   0.778677646268
-0.364503073181   0.918302718747   -0.15446410828
-0.897816478074   0.179249737987   0.402305081649
0.107451830634   -0.796714849818   0.594769649832
0.42712287621   0.577205651133   0.695994525237
0.573832441095   0.156329444756   0.803913778066
-0.368791692744   -0.827129202005   0.424086858101
0.731237953901   -0.539831529789   -0.416980498192
-0.441116521002   -0.464753767699   0.767737148122
0.421721378118   -0.862475994484   -0.27979719192
0.792191562966   0.200348009167   0.576448831372
0.787239190542   0.135768080007   0.601515987274
0.183023268234   0.88006134909   -0.438171774288
-0.588860711697   0.455037414889   0.667970066364
-0.626155282757   0.525080318465   -0.576385745533
-0.0378142903609   -0.758822814482   -0.65019869832
-0.778781065471   -0.385329634228   0.494996182076
-0.597386673452   -0.362796608503   0.715197789875
-0.516505781705   0.856278665728   0.0029381401832
-0.613474559578   -0.367648576852   -0.698916010802
0.573063766414   0.511653867094   -0.640162685812
0.0663347360769   -0.80754985004   -0.586057203498
-0.816821673811   0.293383133922   -0.496718003945
0.921520412613   0.374864951425   0.101374140584
0.360402808242   -0.922804291407   0.136197916611
0.144603817367   -0.0889737313549   -0.985485404698
0.68661666165   0.726539856178   -0.0264084118563
0.302463537437   -0.252434682928   0.919125979886
0.661115251188   -0.639074796691   -0.393077676164
0.224950045533   -0.165872448385   -0.960147804297
0.787705189288   0.610966038   0.0790002169852
0.573513740026   -0.774084511137   0.268095426917
-0.295151463599   0.27025544425   -0.916431969773
-0.30398127655   0.882761596172   0.358228060065
0.905804031718   0.384309711514   -0.178395777379
-0.168539739615   0.0885400621233   -0.98169886944
0.0145687934024   -0.995605816519   -0.0922965382454
-0.98557585356   -0.0298589703855   0.166531505302
0.556854536299   -0.827698407324   -0.0694864612345
0.337399008123   0.148960555569   0.929501293838
-0.758996002031   -0.541041673481   0.362213985437
0.183471493036   0.890917920872   -0.415455750766
0.355296814247   0.333960260998   0.873060551796
0.916570999083   -0.307791831579   -0.255268112919
-0.462906953697   -0.623368247646   0.630181573626
0.168948636156   -0.759954240375   -0.627634824238
0.870156966445   -0.184068308196   0.45710565132
0.188272442942   0.470478941472   -0.862092247852
0.800681699784   0.434793100219   0.412145325497
0.568737455955   -0.767857095643   -0.29484431896
0.247933562703   0.534464937264   -0.808007528613
0.352448296363   0.727132612718   0.589116590487
0.90239078777   -0.430842650664   -0.0080906772299
0.279819544508   0.247264489658   -0.927664369815
0.770509332545   -0.634272414112   0.0633531358088
-0.572727054828   -0.732501551882   -0.36800133844
0.949754881787   0.299125868872   -0.0921378731799
0.243930656507   -0.891842881255   -0.38093888361
-0.196121156223   0.33932331603   -0.919998101718
0.74982014732   0.569180854592   0.3373468414
-0.0218368591779   -0.488296707126   0.872404388849
0.661281247442   -0.661512978609   -0.353705578986
0.610358740947   0.0212318117862   0.791840684595
0.346595844546   -0.906029026155   -0.24286613248
0.712273669423   0.422684099454   -0.560361831428
-0.739654164605   0.532588391406   -0.411413747421
-0.206403584378   0.402338592294   0.891919951643
0.640553843626   0.744629602636   -0.187663245682
-0.764045473073   -0.430927368016   -0.480141434231
0.39089175859   -0.90126822604   0.186865917344
-0.513261947194   -0.0449092584365   0.857056186024
0.0261096134643   -0.97879063318   -0.203192376908
0.915304489635   -0.0583145047133   0.398518586347
-0.401915335473   -0.196388056686   0.894368933773
-0.627573796146   0.565647276044   0.53497132447
-0.633841304182   0.0278103490425   -0.772963002108
-0.452102156613   -0.824178233527   0.341077543835
0.992388553815   -0.123138246358   0.0013893748867
-0.0136827251393   -0.121469441115   -0.99250084719
0.12238358187   0.98492746988   -0.1222297497
-0.462926881436   -0.885429370052   0.0415479675288
-0.862275945789   0.438960809653   -0.252583593305
0.205405930465   -0.152751788672   -0.966691454794
0.101197643203   -0.986026421086   -0.132328851112
-0.0391830987199   0.128958205514   -0.99087560127
0.994094418399   0.105459325514   -0.0255853003632
0.354229598861   -0.317166912153   0.879730951294
-0.855432110622   0.270185623799   0.441854771466
-0.377832371489   -0.909068140893   -0.175607016804
0.41229919165   0.239695757821   -0.878951255816
0.444549501136   0.789186367745   0.423745931385
0.795226450426   -0.565447448494   0.218824272068
-0.440798693141   0.192476163315   0.876726458818
-0.88768017788   -0.238329518191   -0.39398326013
0.133117462546   -0.951920077537   0.275912720266
-0.770029339939   0.629952962481   0.101063950367
-0.620670859731   -0.776323219765   0.109953549919
0.147723867006   0.0219400164165   0.988785261718
-0.60005133065   -0.748419290179   -0.282500966686
0.76048474968   -0.643252157104   0.0888224790625
-0.248195841211   -0.161539634056   0.955145939768
0.0388502665921   -0.737453755487   0.674279346723
0.845092955481   -0.335824483409   -0.415980580885
0.53320594098   0.58598968045   0.610170081107
0.991735578185   0.118549832719   0.0490558855492
-0.0751163571897   0.226549954378   0.97109867194
0.104009978499   -0.966758002254   0.233582681774
-0.758604372421   0.121284186419   -0.640163490041
0.0134076937545   0.985219768052   0.170769552958
0.651413372295   0.120963434947   -0.749018163279
0.727843526454   -0.568371296119   -0.38366381124
-0.398509592008   -0.805892782232   0.437866710094
-0.558062680516   -0.165804766151   -0.813065281894
0.0745500043767   0.913662909181   -0.399577727009
0.881775854738   0.126742792339   0.454321012839
0.465739856075   -0.386207624332   -0.796197216928
-0.385952133438   0.850169112063   -0.358123877924
0.916117538786   0.3988671447   -0.0404146492154
0.108484497387   -0.343681785432   -0.932798445857
-0.965929524747   0.248831929132   -0.0712082527723
0.170624033973   0.405321864494   -0.898111341599
-0.194615989193   -0.879658578042   -0.433971295905
0.598543441547   0.727373057087   -0.335669731097
-0.7982034748   0.505965551977   -0.326909855012
-0.0679481079143   0.46360249817   0.883434079978
-0.641700321249   0.192268303026   -0.742464534518
-0.364866697799   0.774971256127   0.516034730733
0.674605794671   0.602040239633   -0.427147001547
-0.798636121364   0.471153304671   -0.374517202567
0.431743846034   0.0148873995964   -0.901894109105
-0.419339746426   -0.881946878289   -0.215336901401
-0.972541588463   -0.133913334311   0.190346504082
0.20379469186   -0.0950392189209   0.974390179525
-0.112393488656   0.986425728212   0.119719469326
-0.582987275213   0.515187035666   0.628257933218
0.682405482398   0.730159978829   0.034483933579
-0.440963116329   0.44883037148   -0.777240431152
0.927471701232   0.373661219645   -0.0131732828324
-0.366462022495   0.901483709657   -0.230288310555
-0.074174311698   0.218413398954   0.973033277068
0.998155359314   -0.0535732658348   -0.0285619307854
-0.005307593546   0.391650458617   -0.920098776014
0.0604789893529   0.918553119509   0.39064365912
-0.852328688184   -0.393391895393   0.344638412805
-0.515783655743   0.523138739453   -0.6784484582
0.0866027679162   -0.756021101956   -0.648790716638
-0.335821602615   -0.784403297829   0.521474819839
-0.425761524367   -0.36743177866   -0.826874657014
0.840209286868   -0.499705953935   -0.210577589463
0.440125284415   0.275957583629   -0.854480631005
0.357468306266   0.819099775154   0.448655735763
0.823714845527   -0.502914477078   0.261860431477
0.16934657528   -0.405727778211   0.898168501818
-0.953936014905   -0.296472328942   0.0459364774219
0.24764443692   -0.864574490995   -0.437244892787
0.0498559713741   -0.599235543384   -0.799018864963
0.99801986538   0.0606094297253   0.0168180327928
0.0383501150872   -0.798275179037   0.601070717624
-0.996414840745   0.0205758495302   -0.0821492046434
0.0815094711305   -0.0302130115753   -0.996218252649
-0.0229796327967   -0.999335396756   0.0284201590266
-0.587835904412   -0.133293152865   0.797923515988
0.321607737724   0.866535977356   0.381685560895
-0.742305506515   0.480986839486   -0.466512854818
-0.819649283078   0.564814088753   0.0957126948339
-0.00352161412214   -0.17204178469   0.985083626929
0.572855542908   0.807085620586   0.14300250056
-0.933884930861   -0.0114561798231   0.357390042782
0.262913663481   0.655425179242   0.708021349402
-0.242353651285   0.755173212977   -0.609079703484
-0.576715951741   0.16501074575   -0.800106362506
0.535730253086   -0.663007712351   -0.522889947572
-0.616759137317   -0.730200147309   0.293965853943
0.300173674676   -0.0983216765803   0.948803735753
0.738042041333   -0.606210695036   -0.296314606001
0.604309214135   0.789202919672   -0.109402889278
-0.242096613174   -0.821997913209   -0.515469384745
-0.235944735495   0.565202592897   -0.790491062498
0.941126632139   -0.0697529123189   -0.330779717336
0.952490814685   -0.138453943466   0.27127800203
-0.2042061666   0.370520713594   0.90609836901
-0.225967011684   -0.918447014443   0.324644427287
0.999226813825   -0.0239090741044   0.0312110670651
0.0255617286647   0.998231364592   -0.0536725327164
-0.0298726055031   0.0544288426846   0.998070703167
0.888004312703   -0.403400583341   -0.220717734268
-0.236927626803   -0.812761646532   0.532244247452
-0.394098526409   -0.420341062292   -0.817312594134
0.854755456358   -0.518747802205   0.0171413936728
0.518359844261   0.854863506306   0.0226154214515
-0.026385252077   -0.0104452447222   0.999597276574
