-0.159723630782   -0.852351863262   0.497980592393
0.702746849182   0.256100360026   0.663746545249
-0.693278612948   0.455970296794   0.558082302267
0.784934313382   0.223641593365   -0.577808412989
0.255411628989   0.732857764096   0.630622231043
0.564484742204   -0.642576015913   0.518124542196
0.95384151493   -0.16606320692   0.250218655778
0.0601287310039   0.921934687254   0.382649928968
-0.294229332494   -0.349942057688   0.889364748656
-0.60562258413   0.740500804733   -0.29133982166
0.320651587795   -0.107984804898   -0.941021351589
-0.728287644231   -0.663322834744   -0.172044265157
0.571563674409   -0.706723820303   0.416960923344
0.547974992659   0.706971374589   0.447118424415
-0.610768677324   -0.0270724924512   0.7913461346
0.224098184992   -0.949171778655   -0.221027178135
-0.808296856379   -0.0543185206732   -0.586264268667
0.544459613595   0.310036345213   -0.779385249215
0.947345184051   -0.200859163463   0.249384727553
-0.113466349005   -0.938838471369   -0.32512969531
0.299437027649   0.279713295326   -0.912194893247
-0.996557848913   0.068482946479   0.0467204558168
-0.076531361914   -0.543321610757   -0.836029174023
-0.0318695088412   -0.836726905995   0.546692306961
-0.989188326819   0.0588316196279   -0.134342592907
0.0514050783293   0.9969865037   0.0580984798268
0.137355777669   0.0505643744961   -0.98923165744
-0.879057738298   -0.236767565155   -0.413765057916
-0.474935983563   0.35997606256   0.803028042588
-0.0411851257033   0.902418608937   -0.428890024084
0.884637363817   0.033498601983   -0.465074804543
-0.461334427824   0.207759967141   -0.862558004811
0.0677294312727   0.97760606055   0.199246290047
0.209838592457   0.674635393957   0.707696858688
-0.361964420935   0.725986046528   -0.584744402245
-0.908267315582   -0.13345914431   0.396533901768
-0.467216874624   0.786138472933   0.404574254122
0.847894964594   0.268745422296   0.456993289762
0.250535735455   0.556556411558   -0.792123259556
-0.836880258048   0.536536086664   0.108446934177
-0.514966260329   -0.838877691971   0.176335603527
0.185584106399   0.0917252530971   0.978337886751
0.0101200585176   0.567489840187   -0.823318183745
0.495895512498   0.712131309645   0.496947309697
0.868323206579   -0.413308927095   -0.27420885455
0.722977761782   -0.686985991801   0.0731669843125
0.681759454404   0.692286651961   -0.23652323968
0.11183562427   0.220883325867   0.968867044547
-0.189589732299   -0.92687583562   0.323971067054
-0.958238905631   0.246610287233   0.144781826214
-0.21408938946   -0.282992513701   -0.934923265848
0.0832163903311   0.920747842805   0.38118706773
0.866630282418   -0.255709045403   0.428452885984
0.491967604858   0.294691927075   -0.819228136742
0.932186985626   0.00898682193217   -0.361865565672
-0.0381444733838   -0.991687282623   -0.122890677242
-0.359961733713   0.128360260339   -0.924095207798
0.814650360168   0.137459864391   0.563426644415
-0.567101339327   -0.0145736249855   0.82351910738
0.121411980003   -0.990400138817   0.0660812591349
0.199044267242   -0.680827130954   -0.704879986375
0.978960821946   0.105172862707   0.174855298855
-0.0449119864694   -0.724853836439   0.68743714505
-0.487072512886   0.368457050165   -0.79183316792
-0.838699280182   0.0555585875518   0.541753411169
0.243605995527   0.927983105058   0.281963603949
-0.268682743168   0.878823172849   0.394308780466
-0.168717089492   -0.445970911254   0.879001985202
0.948337559734   0.169646034847   0.268097175737
0.162311736923   0.74542988457   -0.646521540707
0.633740972656   -0.580964389257   -0.510739156058
-0.756325455731   -0.326827772906   -0.566707264671
-0.176572459523   0.433673125732   -0.883600451703
-0.915892201436   -0.401184342659   -0.0138767735871
-0.360504665132   0.806832516396   0.468035964544
0.945353871879   0.17722574726   0.273673329546
0.00316568591909   0.834341288466   -0.551239142668
-0.326030727432   0.521982421625   0.788186726477
-0.0844763326707   -0.846692641673   -0.52533354367
-0.0196018306884   0.528528168861   -0.848689429841
0.996232668507   -0.0613966662497   -0.0612448500423
0.927887734184   -0.102512298875   0.35849069745
-0.0965959865384   0.862546940738   0.4966709053
-0.360129930669   -0.495483603529   0.790444449827
-0.956984351179   -0.260182075218   -0.12839857726
0.248690299674   -0.963520938671   0.0988963636837
-0.149445781993   0.0627107936225   0.986779263212
0.199604551948   -0.138365819586   0.970058305359
0.269716352689   -0.943980210622   -0.190144470763
0.942025108433   0.299594276714   -0.151103414871
-0.329070767927   -0.24689409777   0.911458035977
0.854187541758   -0.489328079926   0.175845650887
0.40258674887   0.836421756004   0.371917415334
0.633136141673   0.503298964823   -0.588072131779
0.187478181446   -0.836833598994   -0.514355645191
-0.750993083622   0.215406476844   -0.624187213434
-0.332488161115   0.104798106782   0.937266715758
0.809289677374   0.541990173129   0.226488061001
-0.48425381542   0.833824909975   -0.265017325654
0.747927256681   -0.304604831651   -0.589763270705
0.492253598257   -0.341518459983   0.800656941325
-0.445299016326   -0.889146241754   -0.105488140672
-0.992184672162   -0.0478291468319   0.115476891903
-0.098693373948   -0.267138783734   -0.958608458064
0.0766952266369   -0.962487885973   0.260297093813
0.731185298906   0.613574858906   0.29815092417
0.260888721945   -0.655342054951   0.708846953663
0.630321470225   -0.440514269319   -0.639251248963
-0.514573318402   0.391481900617   0.762860508118
-0.845921879605   -0.0864025826765   -0.526261075435
-0.14010855421   -0.916120334564   0.375623612367
0.384351019318   0.865512208846   -0.321189809026
-0.445916844699   -0.13058635654   -0.885497227622
-0.808351683797   0.483565702724   0.335755488793
0.728363083062   0.661409978404   0.178952037217
0.572026137843   -0.73073457301   0.372574325808
0.37719105077   -0.169004056445   -0.910583843442
0.607960919007   -0.790420208759   0.0749620303301
-0.747583244629   -0.538088529145   0.389332250481
-0.267399896702   -0.292739137287   -0.918041699298
0.473650943199   -0.843951821622   0.251793767557
-0.808435559568   -0.303206843315   0.504477494848
-0.349409107818   -0.44250527631   -0.825894870463
0.633176569886   -0.707996069294   -0.312776266812
0.0286886088281   -0.382354988776   0.923570035633
-0.773475527047   -0.593756021324   -0.221786795019
-0.165830250477   -0.580407500158   -0.797262490109
0.340389430632   0.725080377708   -0.598659740781
0.925545990153   -0.37065561304   0.0773243142298
0.893973688263   0.440883166392   0.0802064955852
0.315408713419   -0.491920745613   -0.8114994608
-0.318321208594   0.750756994621   -0.578822595898
-0.226008906543   0.800697510326   0.554800377511
0.632885997379   0.553653516696   -0.541223699886
-0.740523650028   0.228804012102   -0.631880868132
0.109371319517   -0.0533039432133   0.992570686754
0.879871363554   -0.459384488251   -0.121623257329
0.462454605516   0.886636635135   -0.00334284730507
0.0259043190427   -0.706453611075   -0.707285124307
0.969731758417   0.189598598291   -0.153859273711
0.242794704193   -0.681891233841   0.689981936128
0.11232754319   -0.507380740165   -0.854369528112
0.988198442936   -0.0330760846303   0.149565337687
-0.104145779726   -0.861086951108   0.497677515652
-0.37365148896   0.325882130281   0.868438507239
0.53779798092   0.838936463853   -0.0834202966634
-0.755749915918   0.435874352699   -0.488728611196
-0.106478774946   -0.99430121383   -0.00536476248101
-0.95988745889   0.101381703376   0.261417223739
-0.259383404955   0.0329847658449   -0.965212290577
0.465286842362   0.145591052936   -0.873104465666
-0.247731206252   0.968380797211   0.0294598291646
0.849786686239   0.202587949766   0.486642290089
-0.796311571355   -0.351262297568   -0.492444923633
-0.430783983407   -0.242182127194   0.869351775102
-0.424632033819   0.904412598066   0.0415346503542
-0.711493795121   -0.133988551023   -0.68980071708
-0.314323953512   -0.817283205493   0.48295970976
-0.628473080838   0.560443304177   0.539374880115
0.0624222074752   -0.301913120124   -0.951289607294
0.683095507053   -0.681995804557   0.261270390185
-0.727656496771   -0.666130735246   0.163663830303
-0.898619084064   0.421351438215   0.122256395631
-0.438676351854   -0.858578522869   -0.265341099536
-0.00683513587268   -0.292071577346   0.956372036795
0.482159930484   -0.871355555962   0.0908917774698
-0.547608040283   -0.218771604033   0.807628914449
-0.683847391115   -0.439179376032   -0.58264421256
-0.594055554364   -0.180858942424   -0.783825826062
-0.441710683261   -0.741014155608   0.50575103182
-0.672297965898   0.646670299952   0.360320573018
-0.342380309231   -0.894183761642   -0.288463328529
0.938246720269   -0.341624635981   -0.0546412632801
-0.0496868533378   -0.289357868675   0.955930562007
0.64794711666   0.355520096129   -0.673624513558
-0.544207158977   -0.402687447336   -0.735990046168
-0.532919404916   0.843473912572   -0.0674435791883
0.760875261511   -0.573613762271   0.303374337729
-0.499140262019   -0.816114985103   -0.291229420369
0.414641695793   0.0701628690307   -0.90727539557
-0.697447413563   -0.379696203626   -0.607780618179
-0.616910590089   -0.113467432892   0.778810670085
-0.364674938429   0.918126096435   -0.155100739808
-0.897858522255   0.179122190319   0.4022861542
0.107534739517   -0.796730358533   0.594745477162
0.427030664851   0.577235778295   0.696027795809
0.573913259709   0.156544280284   0.80381438601
-0.368576588995   -0.827143571099   0.424246716167
0.731283103109   -0.539747965669   -0.417010212769
-0.439473323301   -0.477939425199   0.760550615172
0.420423002751   -0.857674845849   -0.296038056439
0.793793317656   0.189652149851   0.577861808985
0.786835890358   0.135716048887   0.60205517888
0.183336896708   0.880083749351   -0.437995636909
-0.589302016497   0.455009614976   0.66759972127
-0.626314758145   0.525020444506   -0.576266554241
-0.0380204490186   -0.758902829067   -0.65009284638
-0.778642443065   -0.385252899156   0.495273745327
-0.597465124238   -0.362549133751   0.715257788777
-0.516548432562   0.85625422297   0.00253698125234
-0.613362287403   -0.367949514298   -0.698856224506
0.573134961338   0.512131350884   -0.639716952913
0.0667223211617   -0.807228123236   -0.58645615564
-0.816740125292   0.293435120719   -0.496821238123
0.921371631125   0.375295009042   0.101134879096
0.360887463714   -0.922647067535   0.135976924341
0.144342807634   -0.0887870576566   -0.985540126565
0.68642543745   0.726704595435   -0.026842863861
0.302572993386   -0.251847107237   0.919251095463
0.661263708394   -0.639119256329   -0.392755442625
0.225120313191   -0.166048545214   -0.960077471777
0.787593539981   0.611112301659   0.0789821744903
0.573600285009   -0.773931294586   0.268352546863
-0.294784733047   0.269919704023   -0.916648922064
-0.304901142297   0.882562946394   0.35793565468
0.905614259145   0.385001289408   -0.177867250291
-0.168651410441   0.0887062122316   -0.98169154149
0.0154955220611   -0.995606596932   -0.0926242855377
-0.985569360075   -0.0308314350433   0.166505619758
0.556935448706   -0.82758397249   -0.0701974420763
0.337994303429   0.148630066417   0.929337918385
-0.758671709797   -0.541307568924   0.36249601628
0.18342148356   0.891066240179   -0.415159625733
0.354910569297   0.333813345692   0.873273804669
0.91673062948   -0.307521715875   -0.255020287464
-0.462971245181   -0.623196189143   0.630305131304
0.168452347778   -0.760007670349   -0.627704274249
0.870219429362   -0.184432532978   0.456840171647
0.188367608882   0.47070549799   -0.861947787118
0.800424892435   0.434969878428   0.412457516765
0.56906734674   -0.76761809888   -0.294830162148
0.247632600225   0.534557947777   -0.808038312823
0.352324673794   0.72722852228   0.589072158216
0.902521710962   -0.430565307261   -0.00825246486037
0.279697640981   0.247325286683   -0.927684941242
0.770522326645   -0.634270630832   0.0632133291649
-0.572769143532   -0.732482616456   -0.367973598371
0.949747569615   0.299235250217   -0.0918574771372
0.244194264871   -0.891898053618   -0.380639146152
-0.195828220853   0.339080025372   -0.920149535698
0.749712159137   0.569461030458   0.33711394179
-0.0214018919125   -0.488286307029   0.872421011144
0.66141789663   -0.661279514617   -0.353886635422
0.610325502213   0.0211083972763   0.79186948645
0.346958740608   -0.905781205333   -0.243270151026
0.712125326274   0.423220001452   -0.560145174866
-0.739716479881   0.532659328927   -0.411209925791
-0.206310011994   0.40213656048   0.892032722207
0.640512094119   0.744688013764   -0.18757409977
-0.764171259149   -0.430396091071   -0.480418070793
0.390509147319   -0.901512760264   0.186486950315
-0.513366266727   -0.0450996847975   0.856983720471
0.0260588537692   -0.978679607262   -0.20373304291
0.915117492329   -0.0586721743444   0.39889540064
-0.402344257667   -0.196834427241   0.89407790797
-0.627458464304   0.565750653119   0.534997269835
-0.633956318526   0.0277550391221   -0.772870653337
-0.452100947175   -0.824109130567   0.341246064251
0.992406297772   -0.122997447618   0.00116973233927
-0.0138487934624   -0.121178379742   -0.992534154756
0.122220911934   0.984980946677   -0.121961553571
-0.462604668235   -0.885587921957   0.0416764570239
-0.862498930315   0.438664724689   -0.252331423248
0.205179165101   -0.152674766864   -0.966747101614
0.101259254097   -0.986069222595   -0.131962463052
-0.0387251504321   0.12863698407   -0.990935380225
0.994106114119   0.105451663371   -0.0251600104798
0.354496132231   -0.317507407897   0.879500733487
-0.855437509054   0.269679170866   0.442153610427
-0.377570076116   -0.909099660675   -0.176007523418
0.412843040393   0.23935917353   -0.878787702766
0.444640162938   0.789097623725   0.423816082346
0.794893556389   -0.565713825357   0.219344759983
-0.440869444486   0.192258646074   0.876738709973
-0.88761138421   -0.238496844443   -0.3940371844
0.133342353271   -0.951922205371   0.275796920966
-0.769981913816   0.630042085305   0.100870275318
-0.62068443571   -0.776235854262   0.110493072588
0.147914410948   0.022469057981   0.988744895511
-0.600235052538   -0.74833196569   -0.282341992876
0.760251818414   -0.643468630687   0.0892476329121
-0.248465096971   -0.161081459233   0.955153314855
0.0388491198986   -0.737346830318   0.674396345391
0.844899413635   -0.336103880246   -0.416148060622
0.533512661233   0.585964059768   0.609926531925
0.991760526745   0.118246979296   0.0492819375471
-0.0752677179574   0.226565479955   0.971083335113
0.103662086196   -0.966791458893   0.23359888013
-0.758567024014   0.121246657713   -0.640215291871
0.012896852946   0.985136532763   0.171288311191
0.651467607127   0.12167687685   -0.74885579033
0.727698521809   -0.568493622336   -0.383757319481
-0.398123073372   -0.805686398512   0.438595754349
-0.558527257473   -0.166382747447   -0.812627140448
0.0743001538729   0.9135037597   -0.399987930611
0.88169413169   0.127226901893   0.454344309317
0.465934460803   -0.386424862398   -0.795977925786
-0.385577178567   0.850165989237   -0.358536195037
0.916226293879   0.398656785153   -0.040027754818
0.10890266669   -0.343934053992   -0.932657395325
-0.966001206025   0.248557783129   -0.0710095299293
0.17037748492   0.405614850679   -0.898021469254
-0.194408944051   -0.879596541065   -0.434167830424
0.598665046188   0.727255187772   -0.335708291614
-0.798091031767   0.505891830348   -0.327298280406
-0.0681972888944   0.46386781652   0.883275596503
-0.641569340281   0.192578751361   -0.742497223449
-0.364902463044   0.77480475948   0.516259398241
0.674710971283   0.602155294199   -0.426818507058
-0.802369509987   0.462919983185   -0.376866530887
0.426817449845   0.00347724972009   -0.90436783945
-0.417313020936   -0.886430715674   -0.200425632792
-0.972537685583   -0.133800363864   0.190440025245
0.203868427549   -0.0949838812494   0.974379517283
-0.112283591116   0.986445762362   0.119653356314
-0.583257071273   0.5149729013   0.628183247702
0.682073509649   0.730470935378   0.0344667350843
-0.441120175464   0.448570105244   -0.777301714798
0.927448247334   0.373715822056   -0.0132752290805
-0.366567160532   0.901541024013   -0.229896275037
-0.0739477124875   0.218083160287   0.973124591504
0.998156658141   -0.0534426829718   -0.0287604848624
-0.00553597453381   0.391739159314   -0.920059671248
0.0604370651066   0.918522904073   0.390721192782
-0.852225483554   -0.39339430944   0.344894810689
-0.515973943629   0.52300352492   -0.678408540491
0.0865008822802   -0.756113864187   -0.648698106216
-0.335870861934   -0.784095044701   0.521905169026
-0.425325419275   -0.368131091821   -0.826787185467
0.840409621731   -0.499673616684   -0.209850644136
0.440037018419   0.275430585105   -0.854696103053
0.357934440334   0.819119915856   0.448247146324
0.823559574171   -0.503170508429   0.261856993138
0.169722988579   -0.405653082689   0.898131129092
-0.953824394306   -0.296790365469   0.0461980093118
0.247816410607   -0.864500322581   -0.437293887819
0.049944441753   -0.599252046647   -0.799000980112
0.998021064697   0.0605460357356   0.0169752922764
0.0382038748237   -0.798267618481   0.601090080906
-0.996426515896   0.0206545312205   -0.0818996379365
0.0812500901768   -0.0305396646051   -0.996225743536
-0.0230777641972   -0.999320118669   0.0287523686726
-0.588174182427   -0.133346255791   0.797665350855
0.321271810758   0.866623357962   0.381770071961
-0.742183036387   0.480814663149   -0.466885100385
-0.819512358814   0.565029674944   0.0956099070377
-0.00370872738934   -0.172066455052   0.985078458734
0.573049765057   0.806929235406   0.143105954938
-0.933979135036   -0.0114597330628   0.357145287929
0.26271758817   0.655451087026   0.708070292114
-0.242205596628   0.755150808929   -0.609167157432
-0.576719411842   0.165124607361   -0.80008031055
0.535838675774   -0.662802098365   -0.523039393183
-0.616661619391   -0.730360977408   0.293770750236
0.300169835666   -0.0982195488039   0.94881557871
0.738263952094   -0.605954404501   -0.296286390494
0.604040080797   0.789412571718   -0.109377292358
-0.242034957989   -0.822127390075   -0.515291704816
-0.236093524265   0.565021974288   -0.790575729428
0.941105113345   -0.0696899608952   -0.330854009831
0.952543544495   -0.138821864492   0.270904569464
-0.203744316465   0.370451159912   0.906230760528
-0.226161555809   -0.9184195271   0.324586695034
0.999213527872   -0.0242734589047   0.0313548226889
0.0259563941144   0.998180070154   -0.0544317291741
-0.0299765127663   0.0552027782734   0.998025080818
0.888009599219   -0.403170848404   -0.221115774175
-0.236188123141   -0.812512520962   0.532952191115
-0.394530213138   -0.421041725396   -0.816743068164
0.854593788834   -0.519009955863   0.0172661304062
0.518617860337   0.85470412854   0.0227236673014
-0.0265512425864   -0.0104649812205   0.999592674882
