-0.160862686006   -0.852173946245   0.497918407112
0.702494420664   0.255504019828   0.664243382376
-0.693271060795   0.456636887949   0.557546393274
0.785279887942   0.223621316252   -0.577346520144
0.255708552895   0.732111220609   0.631368589968
0.5638693407   -0.64343349877   0.517730334106
0.951126028403   -0.17121279554   0.256993107042
0.0657062052047   0.925372679799   0.373320369901
-0.301731624165   -0.338188679037   0.891395784757
-0.605290064679   0.741172112195   -0.290323583216
0.317592300145   -0.109573829466   -0.941875081395
-0.729903427691   -0.662312190865   -0.169066579237
0.570199670181   -0.708138305514   0.416428242405
0.548909347684   0.705557931317   0.448203677794
-0.611204441111   -0.0269842366515   0.791012632274
0.22411609441   -0.949256414701   -0.220645068044
-0.807674283315   -0.0542163850006   -0.587131033225
0.545375319367   0.309794863181   -0.778840759238
0.947325264574   -0.200688037327   0.249597936734
-0.113020572117   -0.938667907021   -0.325772926451
0.299668431148   0.280403211473   -0.911905681497
-0.996593574288   0.0684287039261   0.0458547201549
-0.07579425595   -0.543805625774   -0.835774024236
-0.0322548236156   -0.83640929054   0.547152147321
-0.989295797314   0.0571990496755   -0.134242478048
0.0498276463986   0.997092882671   0.0576453592694
0.13714947995   0.0503393534637   -0.989269891605
-0.878283540611   -0.23801144785   -0.414687371398
-0.476281358066   0.359166272658   0.802592454286
-0.0420848341237   0.902412948938   -0.428809382998
0.884409719111   0.0331255415665   -0.465534257083
-0.461671922894   0.208281098553   -0.862251703951
0.0683994271464   0.977507884291   0.199498961596
0.21060722222   0.674055263923   0.708021249137
-0.361353620364   0.726647639906   -0.584300235361
-0.908332620301   -0.132788196653   0.396609553797
-0.46860207539   0.785228059924   0.404765254737
0.847014413513   0.269190381564   0.458373285644
0.250967330218   0.557634629123   -0.791243479159
-0.836518530105   0.537535667407   0.10626396422
-0.516471147549   -0.838283715888   0.174750794966
0.183014145836   0.0913000156475   0.978861649125
0.0106599087781   0.565707874212   -0.824536836078
0.494941812668   0.713504047252   0.495928003189
0.868860745499   -0.413384304646   -0.272386592693
0.721876960216   -0.687880762095   0.0755891417258
0.683168999677   0.690963174462   -0.236326082105
0.110334849834   0.222238512283   0.968729201246
-0.188029271981   -0.927200249054   0.323952525412
-0.958070388652   0.245760780653   0.147319777315
-0.216209784592   -0.282668860251   -0.93453332542
0.0817191587014   0.920827125993   0.381316091532
0.866506134954   -0.254679964247   0.429311957705
0.492434437985   0.295328703273   -0.81871508368
0.932643010196   0.010135648565   -0.360658023541
-0.0370572546706   -0.991626877446   -0.123696003803
-0.358892325347   0.128729212336   -0.92445820255
0.814645964665   0.137901362981   0.563325092469
-0.567038062011   -0.0144959209737   0.823564004022
0.121736526762   -0.990339864177   0.0663862827836
0.197942384327   -0.681614296749   -0.704429399176
0.979189796135   0.104661802756   0.173877161979
-0.0447903014257   -0.724187734486   0.6881467577
-0.486099303336   0.369315391883   -0.792031400252
-0.838564747468   0.0580045034523   0.541705385355
0.246001548719   0.927492157129   0.281498844623
-0.267335082811   0.879568403505   0.39356239744
-0.168779114343   -0.444855079365   0.879555313926
0.948707303484   0.168710886579   0.267378158418
0.161157068989   0.745185710352   -0.647090772578
0.633904494207   -0.580690014292   -0.510846204644
-0.756434599349   -0.327867365962   -0.565958775729
-0.174364435331   0.433641048526   -0.884054614057
-0.915969786788   -0.400928155909   -0.0160016888351
-0.36138133501   0.806977165344   0.467109644265
0.945403609485   0.176190745625   0.274169358312
0.00420790871582   0.834594230472   -0.550849131897
-0.32587468356   0.521928437397   0.788287003315
-0.0850206899276   -0.847075717215   -0.524627690527
-0.0191474162684   0.527825957724   -0.849136700248
0.996195192125   -0.0621489224483   -0.0610954389311
0.928266197685   -0.102652744067   0.357469269299
-0.095867992056   0.862631507266   0.496665085522
-0.359348288513   -0.495307271512   0.790910556801
-0.956863299153   -0.259882202202   -0.129886116322
0.248185197062   -0.963576560833   0.099603428594
-0.151040624317   0.0630711979188   0.986513421055
0.198887932435   -0.137427180458   0.970338969415
0.271017075133   -0.943794140636   -0.189217406296
0.941803424543   0.300611463405   -0.150464506222
-0.329106310188   -0.246973121195   0.911423821226
0.854758283468   -0.488141033034   0.176370872688
0.401344467178   0.837091802192   0.371752559456
0.632815100099   0.504261014806   -0.58759325704
0.187730951058   -0.836143967461   -0.515383492262
-0.751200437158   0.215832998006   -0.623789894964
-0.333053794441   0.105400609765   0.936998355497
0.808962258491   0.54246410507   0.226523225422
-0.484412294518   0.833440711016   -0.265934851092
0.747007246738   -0.306150485695   -0.590128847843
0.492084185659   -0.342245357888   0.800450678351
-0.447027215247   -0.888335530279   -0.105007953577
-0.991702321285   -0.0542907934935   0.117094411336
-0.0980485078247   -0.273156988768   -0.957003752692
0.0839349839907   -0.960480193599   0.26548338507
0.730118565862   0.614145205688   0.299587353139
0.261704431247   -0.65631964557   0.707640823253
0.631219222217   -0.438258383147   -0.639915699248
-0.515149472666   0.391402288881   0.762512464318
-0.84548445085   -0.0860889928566   -0.527014915269
-0.140630911794   -0.916183893006   0.375273255613
0.383988853396   0.865430953287   -0.321841299807
-0.44558709643   -0.131603850657   -0.885512597271
-0.808705568586   0.48343529611   0.335090456819
0.728516390736   0.661129458781   0.179365024523
0.571275218364   -0.730840403128   0.373520546402
0.378032535867   -0.169649086152   -0.910116106431
0.607512621216   -0.790956763558   0.0729113106722
-0.747702447705   -0.538471464416   0.388574955312
-0.268085267664   -0.290580185803   -0.918528522834
0.474116687973   -0.844092284746   0.250442619091
-0.808031057424   -0.304160802878   0.504551116186
-0.349712883467   -0.441581513924   -0.826260493607
0.632612592564   -0.708157462737   -0.313551173514
0.029055195191   -0.38287367045   0.923343724517
-0.773923204249   -0.593229168149   -0.221635068324
-0.1660719918   -0.581248778566   -0.796598988162
0.339852344529   0.724590152143   -0.599557749198
0.925699991597   -0.370295784638   0.0772046310156
0.893984214334   0.4407769455   0.0806716362494
0.315608264355   -0.491570565742   -0.811634067458
-0.318093778704   0.751048680382   -0.578569173105
-0.226253208378   0.800864860263   0.554459096764
0.633128449168   0.553488964849   -0.541108405662
-0.740241704609   0.228616306113   -0.632278979893
0.108484128547   -0.0524890442292   0.99271150805
0.879902092655   -0.459632454422   -0.120459065363
0.462605172172   0.886556811109   -0.00367763975852
0.0237339943853   -0.707605421085   -0.706209072272
0.969707310658   0.188080820886   -0.155863166449
0.243114000757   -0.681116849777   0.690634067973
0.110680615927   -0.507251396605   -0.8546612387
0.988449797204   -0.0333908793608   0.147824424253
-0.103522030025   -0.861151021971   0.497696808199
-0.378592169864   0.337908853509   0.861676087157
0.545003433444   0.833851244358   -0.0875406893695
-0.748090455755   0.436474193374   -0.499851038984
-0.105866521091   -0.994362646398   -0.00589412227399
-0.959603661356   0.100608791752   0.262751412458
-0.26067724554   0.0334726617408   -0.96484513045
0.465201423104   0.142950401348   -0.873586187382
-0.248182340819   0.968356353219   0.0262963754903
0.849701812248   0.204575551845   0.485958518421
-0.821782543216   -0.364937178021   -0.438463600105
-0.380744896059   -0.221901630266   0.897942129042
-0.424809129661   0.904481950667   0.0429739474153
-0.711673365978   -0.133634734451   -0.689681660361
-0.314086500107   -0.817627276933   0.482527924899
-0.628385793395   0.560022575978   0.539912470153
0.0628833391901   -0.299949785241   -0.951880158698
0.683185050718   -0.682336029752   0.260145676548
-0.727532746112   -0.666669117992   0.16201361792
-0.898583875115   0.421514110794   0.121952819144
-0.4387398491   -0.858408335536   -0.265785813629
-0.00734714281811   -0.292336464226   0.956287301151
0.482233082088   -0.871370341798   0.0903605525689
-0.547800090333   -0.219445011567   0.807315960307
-0.683641984562   -0.438813999515   -0.583160403291
-0.593713448835   -0.18025021393   -0.784226551533
-0.442408697197   -0.740949499328   0.50523776352
-0.672142818451   0.646916156407   0.360169886477
-0.342590387929   -0.894234981335   -0.288054910495
0.938213501179   -0.341594149393   -0.0553973871735
-0.0488595897402   -0.289235617545   0.956010197786
0.64787166142   0.355815063575   -0.673541352754
-0.544186104676   -0.402528968059   -0.736092334785
-0.533032641416   0.84342520853   -0.0671575008101
0.760513929479   -0.573404372438   0.304674218506
-0.498352349504   -0.816243560674   -0.292223113955
0.416249792188   0.0704048169844   -0.906522135665
-0.697389233956   -0.381393955355   -0.60678473188
-0.616661207085   -0.112108133393   0.779205524013
-0.365209550396   0.917589746997   -0.157008242819
-0.89793753379   0.178746205364   0.402199565278
0.107763600145   -0.796720241685   0.594667996935
0.426733760939   0.577315177492   0.696136858317
0.574148387089   0.157212399273   0.803515923046
-0.367915130825   -0.827186704092   0.424735668034
0.731431496167   -0.539486971765   -0.417087039973
-0.441405244943   -0.464785883593   0.767551849951
0.422618737054   -0.862263558605   -0.279097493831
0.791552375426   0.201186705287   0.577034530457
0.785610081554   0.13554592621   0.603692056429
0.184301065323   0.880150087304   -0.43745735753
-0.590635178793   0.45493199956   0.66647352327
-0.626814709312   0.524840161803   -0.575886452297
-0.038655850438   -0.759140827579   -0.649776835217
-0.778208279709   -0.385028589739   0.496129593851
-0.597687810845   -0.361820014743   0.71544104448
-0.516681584148   0.856176582901   0.00135249405438
-0.613033238738   -0.368846805014   -0.698672050355
0.573342754041   0.513573096798   -0.638373449119
0.0678918303113   -0.80625519697   -0.587658772578
-0.81649781731   0.293589522729   -0.497127906324
0.920912660765   0.376616378285   0.100398372736
0.362373997427   -0.922156397653   0.135311576514
0.143543776002   -0.0882283421466   -0.985701470386
0.685818797286   0.727226932422   -0.028170088812
0.302918274775   -0.250047127441   0.919628677532
0.661734904588   -0.639231862858   -0.391777344613
0.225613755911   -0.166597926875   -0.959866421808
0.787262683849   0.611548916414   0.0789010857406
0.573860508811   -0.773468192929   0.269130183507
-0.293673630782   0.268873434152   -0.917312870436
-0.307701636467   0.881961342579   0.357020861576
0.905027916021   0.387106276224   -0.176275996475
-0.168907959571   0.0891832733261   -0.981592654168
0.0182779418039   -0.995449900457   -0.0935871069986
-0.985466240823   -0.0337486816306   0.166501653991
0.557173708586   -0.827238845306   -0.0723420089872
0.339766306204   0.147616053237   0.928853264431
-0.75770464603   -0.542112001797   0.363315659503
0.183247731103   0.89150506009   -0.414293386388
0.35377523054   0.333391847997   0.87389528701
0.917204104018   -0.306706071404   -0.254299110288
-0.463179620314   -0.622674726928   0.630667205319
0.166947490488   -0.760162835191   -0.62791827527
0.870398457512   -0.185550557646   0.456045641664
0.188620490914   0.471367367362   -0.861530652384
0.799651899194   0.435530788091   0.413363928857
0.570069381853   -0.766893540559   -0.294779776953
0.246719430784   0.534821507926   -0.808143217637
0.351973650451   0.72752084558   0.588921015514
0.902908663676   -0.429743374335   -0.00874954938852
0.279310623   0.247521226512   -0.927749299407
0.770561223136   -0.634267845938   0.0627660304198
-0.572905682921   -0.732418879878   -0.367887968069
0.949719788545   0.299586092791   -0.0909972018762
0.245008876285   -0.892051990428   -0.379754775902
-0.194943500237   0.338365501026   -0.920600678477
0.749385989279   0.570318041464   0.336389610096
-0.0200632697889   -0.488247343378   0.872474636712
0.661829361244   -0.660569343886   -0.35444327303
0.610213869488   0.0207802481545   0.791964175812
0.348085673113   -0.90502932426   -0.244455490374
0.711670878044   0.424841504431   -0.559494791294
-0.739902789069   0.532864884455   -0.410607789111
-0.206023960393   0.401552234267   0.892361972085
0.640388842273   0.744856211892   -0.187326644163
-0.76456468549   -0.428764907698   -0.48125000489
0.389318080564   -0.902262174202   0.185349611041
-0.513685064437   -0.0456475639377   0.856763654861
0.0259085733038   -0.978337826268   -0.205386975312
0.914556501373   -0.0597583606432   0.400019133609
-0.403627449179   -0.198201915104   0.893196999213
-0.62711009454   0.566054027338   0.535084753044
-0.634302277307   0.0276032306286   -0.772592155103
-0.45209896683   -0.823905853395   0.341739138504
0.992457263822   -0.122589997226   0.000521853137404
-0.0143398020651   -0.120316922712   -0.992631979764
0.121749537277   0.985137335479   -0.121167320319
-0.461612801795   -0.886084108857   0.0420492493811
-0.863181620148   0.437742492022   -0.251592596099
0.204525494695   -0.15243456237   -0.966919046424
0.10146724727   -0.986195677322   -0.130852818268
-0.0373320219929   0.127664491481   -0.991114561857
0.994138166529   0.105450654922   -0.0238629043326
0.355317611786   -0.318508622621   0.878806954702
-0.855446038221   0.268157673721   0.443061565521
-0.376777762095   -0.909199500916   -0.177185796939
0.414466273136   0.238337592124   -0.878301144174
0.444920868515   0.78883234724   0.424015269107
0.79389113135   -0.566514536315   0.220903034613
-0.441058800489   0.191631885641   0.876780628629
-0.88741720987   -0.23899130522   -0.394174808024
0.134006514616   -0.951924526452   0.275466708801
-0.769827150916   0.630324568935   0.100286274552
-0.620740029626   -0.775959048736   0.112114283193
0.148486412465   0.0240569048865   0.988621794314
-0.600784866207   -0.748065043884   -0.28187984224
0.759550879997   -0.644118441841   0.0905201893195
-0.249278992373   -0.159718922164   0.955170063479
0.0388305479959   -0.737020958106   0.674753478639
0.844325732548   -0.336947036136   -0.416630169407
0.534421375863   0.585889706358   0.609201960913
0.991834824498   0.117342347749   0.0499445135009
-0.0757052577062   0.226591962757   0.971043153028
0.102627457143   -0.966895477553   0.233625232205
-0.758467798876   0.12107328561   -0.640365257622
0.0113176857384   0.984890614069   0.172807368585
0.651612088322   0.123821388134   -0.748378084192
0.727271609649   -0.568849711257   -0.384038984652
-0.396960614759   -0.805077605684   0.440762810815
-0.559909105177   -0.168105892431   -0.811320983032
0.0735389578902   0.913028423684   -0.40121205657
0.88144100179   0.128692217763   0.454422786468
0.46653378994   -0.387062535054   -0.795316796845
-0.384461702308   0.850148538128   -0.35977222164
0.916545370594   0.398036251666   -0.0388775036593
0.11015067856   -0.344694560107   -0.932229389872
-0.966259031854   0.247729082937   -0.0704015363595
0.169618164535   0.406458381472   -0.897783942494
-0.193793067767   -0.879441089902   -0.434758454173
0.59905145666   0.7268908131   -0.335808126301
-0.797736812842   0.505692607913   -0.328467598443
-0.068944392771   0.464655497785   0.882803454322
-0.641160536563   0.193503101569   -0.742610066957
-0.365013803143   0.774316182827   0.516913311795
0.675039321357   0.602487342671   -0.425829675623
-0.794355125963   0.464080771845   -0.392614310347
0.448396763247   0.0109600215452   -0.893926844152
-0.410435503088   -0.885885939153   -0.217024132404
-0.972536076318   -0.133465009597   0.190687872134
0.204055381152   -0.0948027313252   0.97435850987
-0.11196506057   0.986509095522   0.119432668407
-0.584089804899   0.514307035798   0.627955161371
0.681049003   0.731428395689   0.0344210746771
-0.44160125371   0.447773187894   -0.777488170304
0.927388634979   0.373853288193   -0.0135660138718
-0.366852887373   0.901723684797   -0.228721124404
-0.0732753495492   0.21709010256   0.973397457274
0.998159996348   -0.0530653858827   -0.0293374587339
-0.0061999324048   0.391979763646   -0.919952942816
0.0603173482675   0.918442116292   0.390929517649
-0.851891408899   -0.393433361271   0.345669180284
-0.516567169646   0.522566501372   -0.678293130221
0.0862284825544   -0.756395003619   -0.648403929071
-0.336043421979   -0.783147593444   0.523216614037
-0.424031188195   -0.370239415103   -0.826511531247
0.840995439797   -0.499603449477   -0.207663022861
0.439752107328   0.273835645374   -0.855354968247
0.359310613331   0.819204469467   0.44698984306
0.82311236507   -0.503902843784   0.261854838094
0.170873079127   -0.405432526002   0.898012733541
-0.953488025794   -0.297743497036   0.0470043964408
0.248320332251   -0.864276168523   -0.437451411891
0.0501983089699   -0.599308502311   -0.798942688638
0.998025823003   0.0603316569097   0.0174504726902
0.0377433078651   -0.798241430543   0.601153931246
-0.996508614277   0.0208838997602   -0.081121988063
0.0804428780644   -0.0315421547237   -0.996272038461
-0.0233635952969   -0.999296199323   0.0297281906772
-0.589190902827   -0.133526694533   0.796884279449
0.320247191433   0.866885049173   0.382036694026
-0.741819162171   0.48029253695   -0.467999224099
-0.819104481198   0.565675883502   0.0952833127864
-0.00428564805121   -0.172131548793   0.985064736208
0.573628580261   0.806462457975   0.143417854654
-0.934264467954   -0.0114754315054   0.35639585204
0.26211067405   0.655542255694   0.708210637631
-0.241759557058   0.755071272912   -0.609441966447
-0.576726059618   0.165491373281   -0.800000790849
0.536163077693   -0.662174570494   -0.523503282967
-0.616374735132   -0.730848232212   0.293161675782
0.300152918633   -0.0979108182811   0.948852849749
0.738924566088   -0.605193478977   -0.296194893936
0.6032402046   0.790034430405   -0.109301908654
-0.241872318612   -0.822501239203   -0.51477129694
-0.236532014631   0.564498958944   -0.790818265916
0.941036865749   -0.0695171573173   -0.331084546523
0.952700029926   -0.139932512695   0.269780550666
-0.202353879267   0.370238306736   0.90662920336
-0.226749997072   -0.918336810071   0.324410159117
0.999173642089   -0.0253883959912   0.031740546658
0.0271601689793   0.998022015358   -0.0566955207819
-0.0302383560098   0.0575107486015   0.997886845096
0.888043504888   -0.402449130437   -0.222291286913
-0.233938067576   -0.811760384209   0.535086743338
-0.395792495337   -0.423177905576   -0.815026701507
0.854103352011   -0.519804831096   0.0176181012591
0.519401316098   0.854220423991   0.0230159925397
-0.0270135661761   -0.0105071712185   0.999579845027
