-0.162432584458   -0.851952059643   0.497788458201
0.702169375045   0.254632813463   0.664921275499
-0.693234325317   0.457536689164   0.556853975818
0.785722516046   0.223554716441   -0.576769815369
0.256160498593   0.731113639842   0.632340611416
0.563047005253   -0.644589899581   0.517186560983
0.951314522351   -0.169830263402   0.257212677182
0.0640361748674   0.925198592276   0.374041352422
-0.301496348201   -0.339360054582   0.89103013732
-0.604834269856   0.742104742254   -0.288886075354
0.313563379968   -0.111525928062   -0.942994886313
-0.73201954875   -0.660940164003   -0.165241736448
0.568339680929   -0.710082700877   0.415659188575
0.55021042523   0.703605465654   0.449675253887
-0.611766696625   -0.0268682694844   0.79058181302
0.224181809159   -0.949376385005   -0.220061216716
-0.806809346469   -0.0541453227691   -0.588325492489
0.546627055641   0.30943930949   -0.778104135252
0.947300021521   -0.200400398346   0.249924678997
-0.112355762395   -0.938452094486   -0.326624688705
0.299998079137   0.2813310949   -0.911511825521
-0.996662725378   0.0684137717569   0.0447477859923
-0.074882991544   -0.544462847709   -0.835444641374
-0.0327924700907   -0.835999262594   0.547753850023
-0.989434845788   0.0549153663786   -0.134158792341
0.0476145238252   0.997236003268   0.0570368721541
0.136920181667   0.050046480393   -0.989314816934
-0.877219957264   -0.239712461603   -0.415957870745
-0.47812892474   0.358058211941   0.801988976912
-0.043309881204   0.902403193431   -0.428708651637
0.884139943226   0.0325978865358   -0.466083621354
-0.462057502803   0.208918989939   -0.861890795692
0.0692779070429   0.977389511601   0.199775720337
0.211642419376   0.673260518436   0.708468607542
-0.360539696093   0.727545906062   -0.583684918954
-0.908415445211   -0.13189856477   0.396716716375
-0.470474093473   0.783976464071   0.404999529818
0.845806865492   0.269846431333   0.460204823724
0.251504396895   0.559069438687   -0.790046977252
-0.83600273798   0.538911102155   0.103316449533
-0.518507721087   -0.837455884325   0.172677235604
0.179580644678   0.0907882618911   0.979544937221
0.0113219126761   0.563260745213   -0.826201628856
0.49364374201   0.715400755939   0.494487219112
0.869590509721   -0.413447804195   -0.269950437081
0.720312414231   -0.689154741478   0.0788401246246
0.685148480224   0.689133462827   -0.23593776124
0.108266259747   0.223966089911   0.968564715049
-0.185904535002   -0.927631352426   0.323944577131
-0.957841728212   0.244590660082   0.150714824487
-0.21904163703   -0.282269035886   -0.933994532258
0.0898521626467   0.920656841149   0.379893602099
0.867480497708   -0.25973741602   0.424283215073
0.48929107305   0.29142690566   -0.821990125146
0.933234383906   0.0117072533354   -0.359076811059
-0.0355588285715   -0.991545928453   -0.124744716505
-0.35750354646   0.129184421679   -0.924928089172
0.814648632174   0.138507220719   0.563172583675
-0.56693893316   -0.0143833653202   0.823634252457
0.12217960248   -0.990256979557   0.0668077448383
0.196384272506   -0.682656232813   -0.703856291201
0.979510362646   0.103903680403   0.172520918305
-0.0446392241382   -0.723314928357   0.689073908598
-0.484767283381   0.370442285427   -0.792321364043
-0.838410422912   0.0612224562836   0.541590012696
0.249135692956   0.9268356339   0.280904058195
-0.265525727287   0.880571087344   0.392543746557
-0.168918679015   -0.443352456816   0.880286894041
0.94919045123   0.167430869537   0.266466431569
0.159486976314   0.744839797938   -0.647904614927
0.634176324332   -0.580277285337   -0.510983312277
-0.75656269026   -0.3293891789   -0.564907865753
-0.171392053569   0.433572232963   -0.884669364461
-0.916057586431   -0.400603020158   -0.018860555212
-0.36257863141   0.807175532957   0.465837306136
0.945490448109   0.174731005466   0.27480336492
0.00564183436206   0.8349457453   -0.550303348586
-0.325600957228   0.521856955007   0.788447423398
-0.0858163234627   -0.847624187061   -0.523611289556
-0.0185293077315   0.526816987752   -0.849776747299
0.996138649886   -0.0632225672135   -0.060915383313
0.928782819858   -0.10287002069   0.356062118746
-0.0948635373741   0.862722660756   0.496699627488
-0.358278359436   -0.495103392751   0.791523371561
-0.956724011274   -0.259479947053   -0.131727697397
0.247525863685   -0.963658377168   0.100480605085
-0.153012992884   0.0635260755018   0.98618024821
0.197863091203   -0.136158395506   0.970727248866
0.272782322072   -0.943539507049   -0.187946104204
0.941509588439   0.301984808648   -0.149550341919
-0.32919531732   -0.247067011565   0.911366169752
0.855507605105   -0.486556017224   0.177115599407
0.399671291412   0.837986330283   0.371539702335
0.632377864546   0.505598040411   -0.586914670662
0.188109206149   -0.835188342544   -0.516793210703
-0.751473975376   0.216404523057   -0.623262245025
-0.333837107902   0.106178849623   0.936631658083
0.808504797206   0.543113197352   0.226601095628
-0.48463677525   0.832919033003   -0.267157453382
0.745758456886   -0.308182856364   -0.590650194363
0.491888502316   -0.343231275977   0.800148735021
-0.449321740345   -0.887251725222   -0.104376024112
-0.991663669066   -0.0515844400518   0.118156775373
-0.099834701746   -0.272662202691   -0.956922345544
0.0815782467904   -0.960732214833   0.265227337776
0.728627663725   0.614963822058   0.301531469902
0.26281040161   -0.657582251762   0.706056858879
0.63248116382   -0.435206953901   -0.64075150999
-0.515881491465   0.391303977452   0.762067841293
-0.844925531663   -0.0856808753071   -0.527976864664
-0.141304789184   -0.916264110891   0.374823957123
0.383493504357   0.865349593373   -0.322649688735
-0.445161787061   -0.132894873688   -0.885533709744
-0.809174717679   0.483227740308   0.334256243324
0.728683981119   0.660791574862   0.17992847563
0.570280789282   -0.73094063068   0.374841690091
0.379209154856   -0.170531421873   -0.909461487731
0.606921641247   -0.791663829073   0.0701035151992
-0.747844640001   -0.539009441418   0.387552854956
-0.269025120625   -0.287640752851   -0.919178046083
0.474771177786   -0.844279466477   0.24856483151
-0.807466922608   -0.305496435137   0.504647409698
-0.35012777935   -0.440299922446   -0.826768644802
0.631844148663   -0.708341832511   -0.314682103728
0.0295891358929   -0.383652283584   0.923003484274
-0.774530477857   -0.592505525088   -0.221449232294
-0.166382461987   -0.582391525123   -0.795699058854
0.339097534803   0.723936856051   -0.600773078122
0.925921024001   -0.369777691283   0.0770371330344
0.893968501693   0.440685117369   0.0813446063907
0.315933668738   -0.491047284162   -0.811824166403
-0.317814780363   0.751444733515   -0.578208070743
-0.226618142935   0.801079255498   0.554000155278
0.633429211534   0.5532968038   -0.540952913649
-0.739872677974   0.228330127709   -0.632814094172
0.107201743323   -0.0513827127316   0.992908658196
0.879948966493   -0.459971949482   -0.118809186553
0.462814869096   0.886445499326   -0.0040956302481
0.0207772016543   -0.709152798486   -0.704748617469
0.969657440352   0.186032338656   -0.158607740335
0.243583155812   -0.680069316558   0.691500520682
0.108456432336   -0.507111208237   -0.855029447988
0.988785846435   -0.0337946583506   0.14546612078
-0.102662964777   -0.861217780172   0.497759191339
-0.378237433772   0.337398217564   0.862031810409
0.546468333846   0.833024663754   -0.08626855923
-0.747200615281   0.43844309436   -0.499458552146
-0.10500048654   -0.994449462192   -0.00656152136536
-0.959223951595   0.0995375682796   0.264537261279
-0.262416076305   0.0340707948815   -0.964351196606
0.465060880998   0.139323294543   -0.874246762971
-0.248791396238   0.968307949965   0.0219671470358
0.84960062625   0.207289010776   0.484984584976
-0.805666412503   -0.411849892666   -0.42578841144
-0.329613990118   -0.285565998826   0.899898317877
-0.492210039438   0.865356591764   0.0943106880501
-0.711899045366   -0.133142280424   -0.689553876937
-0.313827398265   -0.818074865606   0.481952558654
-0.628270467341   0.559498916762   0.540592557231
0.063506140519   -0.297235352152   -0.952690017141
0.683282124645   -0.682830942993   0.258587928465
-0.727387559332   -0.667377946922   0.159731499593
-0.898534016888   0.421752738305   0.121494129791
-0.438829017333   -0.858180307143   -0.266374244909
-0.00808018489989   -0.292661532382   0.95618195354
0.482381389901   -0.871364454583   0.0896223319078
-0.548044065789   -0.220402527884   0.806889324175
-0.683341698596   -0.438345373882   -0.583864193295
-0.593200952913   -0.179405892722   -0.784808025141
-0.443375299207   -0.740880132349   0.504492042826
-0.671958670397   0.647230563925   0.359948788721
-0.342883431777   -0.894288309553   -0.287540278594
0.938162974379   -0.341566310308   -0.0564156833887
-0.047762180875   -0.289103640974   0.956105569573
0.647756553354   0.356248297988   -0.673423048081
-0.544167450369   -0.402283976666   -0.736240044876
-0.533191557946   0.843359216408   -0.066723358006
0.760015548069   -0.573134446415   0.306420772174
-0.497305059704   -0.816406118883   -0.293550472284
0.418407051661   0.0707185160872   -0.905504134946
-0.69728078734   -0.383673586464   -0.60546854065
-0.616334833717   -0.110338385538   0.779715045089
-0.365963041049   0.916852636927   -0.159533623258
-0.898063428319   0.178273290149   0.402050326822
0.108035191647   -0.796700616287   0.594595056938
0.426326434372   0.577437025474   0.696278143013
0.574443024128   0.15815901897   0.803119549137
-0.366992621207   -0.827251245699   0.425408166208
0.731663653236   -0.539111692152   -0.417165586476
-0.439929636101   -0.478966123894   0.759640174563
0.421271197959   -0.857114270891   -0.296454856187
0.793090360815   0.189595242948   0.578844774479
0.783941114112   0.135284013286   0.605916302307
0.18564157857   0.88023604436   -0.436716968462
-0.592430193321   0.454843645647   0.664938887515
-0.627532102755   0.524599028816   -0.575325532837
-0.0395421329235   -0.759451962381   -0.649360684409
-0.777586027069   -0.384745029463   0.497324118724
-0.597952470422   -0.360879858674   0.715694550574
-0.516873111666   0.856062009535   -0.000181619819379
-0.612613376081   -0.370031855592   -0.698413490546
0.573605846108   0.515517109512   -0.636567788651
0.0694725825183   -0.804942460656   -0.589272132267
-0.816180127194   0.293785968672   -0.49753409773
0.920269381802   0.378455948011   0.0993752061084
0.364436428921   -0.921476330153   0.134421648102
0.142444464441   -0.0874882027342   -0.985929593718
0.684935015187   0.727986425633   -0.0299968076944
0.303418398376   -0.247560606048   0.920136456569
0.662420802742   -0.639335269849   -0.390447408071
0.226229481476   -0.167381189099   -0.959585191622
0.786832698354   0.612124273293   0.0787284522147
0.574207721338   -0.772843711188   0.270181554995
-0.292168055283   0.267385371056   -0.918228141889
-0.311531148824   0.881145424714   0.35571208379
0.904204733744   0.389984367105   -0.174143676062
-0.169290442067   0.0897738376144   -0.981471155501
0.0220012088749   -0.995254023243   -0.0948292417915
-0.985322748041   -0.037646996835   0.166507649437
0.557477885826   -0.826776326942   -0.0752283345776
0.342097728206   0.14621065857   0.92821956937
-0.756430790933   -0.543197321251   0.364347519247
0.182962357035   0.892075277014   -0.413190599384
0.352313495322   0.332875871206   0.874682143183
0.917823497353   -0.305606529264   -0.253386404286
-0.463497577568   -0.621965435254   0.631133094444
0.164901855481   -0.760363056922   -0.628216035817
0.870618954315   -0.187101595257   0.454989698458
0.188879530903   0.472208260064   -0.861013272063
0.798618076806   0.436347695482   0.41449950193
0.571431240781   -0.765911240829   -0.294696903125
0.245477287041   0.53513603856   -0.808313243001
0.351552957791   0.727921672058   0.588676947854
0.903410978705   -0.428671729066   -0.00944041967968
0.278746392381   0.247814612312   -0.927840641579
0.770613582654   -0.634269101544   0.0621060600192
-0.573109975895   -0.732318492451   -0.367769454422
0.94966881453   0.30010732408   -0.0898041414523
0.246150994258   -0.892224459722   -0.378611900813
-0.193749523392   0.337450555556   -0.921189471157
0.748945084965   0.571499342732   0.335365104213
-0.0182007302716   -0.488177323278   0.872554633239
0.662382053867   -0.659599390408   -0.355216295478
0.61003634093   0.0204403238344   0.792109530933
0.349677416121   -0.904002894762   -0.245973122761
0.711042207249   0.427035438374   -0.558621810653
-0.740150123239   0.533121697407   -0.409827823259
-0.205630012054   0.400825539337   0.892779431994
0.640229558132   0.745063803847   -0.187045183035
-0.765128460038   -0.426503826325   -0.482362611163
0.387629758175   -0.903299249476   0.18383269314
-0.514122916329   -0.0463225066264   0.856464777046
0.0257091663448   -0.977861324852   -0.207668629143
0.913808008129   -0.0612420668641   0.401502583011
-0.40533190653   -0.200091552154   0.892003035506
-0.626639169165   0.566444724824   0.535222923954
-0.634766489242   0.0274318520732   -0.772216879963
-0.452100330393   -0.823642992614   0.342370344102
0.992520079198   -0.122081091623   -0.000315380355986
-0.0149767082136   -0.119196078598   -0.992757772166
0.12115936038   0.985336746018   -0.120132874262
-0.460214827788   -0.886782982901   0.0425189020797
-0.864113250331   0.436438919975   -0.250649849936
0.203715994464   -0.152095357939   -0.967136386457
0.101795666151   -0.986360287309   -0.129348371993
-0.0354334470041   0.126346285401   -0.99135314749
0.994174073566   0.105498700576   -0.0220886303975
0.356463638588   -0.319798192466   0.877874037127
-0.855438730205   0.266124910299   0.444299617874
-0.375710377594   -0.909344097508   -0.178703911182
0.416610497589   0.236945656146   -0.877663072317
0.445317548718   0.788480699295   0.424252842767
0.792545262606   -0.567586953537   0.222973277404
-0.441259264078   0.190854585998   0.876849352342
-0.887187325127   -0.239631707324   -0.39430355453
0.134866266471   -0.951919728751   0.275063481934
-0.769590508695   0.630737939396   0.0994988120649
-0.620850345573   -0.775554221449   0.114282153334
0.149248819754   0.0261765921228   0.988453122438
-0.601517374761   -0.747694559585   -0.281300256906
0.758608810414   -0.644988734143   0.0922081912326
-0.250379036127   -0.157932021244   0.955179469463
0.038770491815   -0.736575646856   0.675243043967
0.843576447508   -0.338083227055   -0.417227171901
0.535607719489   0.585795230624   0.60825021153
0.991932373028   0.116149171754   0.0507891433939
-0.0762488399301   0.226581753096   0.971002991178
0.101273301493   -0.967041914484   0.233610015782
-0.75836897134   0.120697562838   -0.640553294257
0.0091028644462   0.984572024808   0.17474285431
0.651761890814   0.126688695623   -0.747767566633
0.726720561282   -0.569299433597   -0.384415649672
-0.395404760011   -0.804282236681   0.443604815261
-0.561722629566   -0.170376968129   -0.809592149778
0.0724945966001   0.912399427401   -0.402829786144
0.881083683478   0.130679490042   0.454548601041
0.467371473708   -0.387879069914   -0.794426691407
-0.383003566765   0.850109152331   -0.361417813805
0.916956953539   0.39723204903   -0.0373725197629
0.111796030197   -0.345718366595   -0.931654792832
-0.966619804655   0.246611056441   -0.0695608093168
0.168558684701   0.407524288011   -0.897504766803
-0.192986240866   -0.879266639572   -0.435492215712
0.59961860648   0.726379209454   -0.335902918006
-0.797224110668   0.505481086062   -0.330034223031
-0.0699374264724   0.465684566069   0.882182884187
-0.640580431998   0.194715814524   -0.742793573331
-0.365173040099   0.773689928224   0.517737889688
0.675503657867   0.602901006143   -0.424505639706
-0.804491468209   0.453485259905   -0.383880911192
0.428470859423   -0.00492017564769   -0.903609987001
-0.411614088138   -0.891318913202   -0.190445651136
-0.972545153342   -0.133028719074   0.190938147748
0.2042212156   -0.0945187960708   0.974350467435
-0.11156931237   0.98659439396   0.119092141241
-0.585254686986   0.513362613249   0.627642980804
0.679615226316   0.732762939414   0.0343745171574
-0.442266919623   0.446673583939   -0.77774199174
0.927334946751   0.373973490049   -0.0139185323818
-0.367163060854   0.901992959453   -0.227156307867
-0.0723960188656   0.215760353633   0.973758844042
0.998163368095   -0.0525963834635   -0.0300584599329
-0.00703166491902   0.392235401803   -0.919837994675
0.0601701442199   0.918359951874   0.39114516961
-0.851411871774   -0.393561262886   0.346717867593
-0.517414529125   0.521906320552   -0.678157450052
0.0859415638844   -0.756785870882   -0.647992642885
-0.336321070794   -0.781825955585   0.525010488788
-0.422334309296   -0.373068808026   -0.826107189333
0.841737232963   -0.499567345058   -0.204720855514
0.439323879329   0.271675595898   -0.856263333548
0.361094513792   0.819373854642   0.445238405111
0.822560197125   -0.504795855639   0.261869933241
0.172454662054   -0.405145081637   0.89784010218
-0.953033867237   -0.299015414179   0.0481271735545
0.248969544633   -0.863971781809   -0.437683584781
0.0505101472718   -0.599399612104   -0.798854685675
0.998035206641   0.059985507306   0.018095419938
0.0370733073847   -0.798199112331   0.601251809184
-0.996573069258   0.0211689872791   -0.0800097733075
0.0792911676813   -0.0328520318516   -0.99631198524
-0.023719202661   -0.999237977252   0.0310570291936
-0.59055276869   -0.133817513209   0.795826854825
0.318844120282   0.867230514881   0.382426029307
-0.741340634704   0.479587441546   -0.469478460946
-0.81856504095   0.566537258298   0.0948022359646
-0.00509346128566   -0.172194113421   0.985050083148
0.574391839806   0.805844367492   0.143837332537
-0.934658519644   -0.0115089816273   0.355360623845
0.261257469724   0.65569228608   0.70838703557
-0.241160038462   0.754940528116   -0.60984160481
-0.576721002296   0.166038826088   -0.799889385523
0.53659093378   -0.661309349635   -0.524155604233
-0.616004943671   -0.73150532185   0.292296836267
0.300114116678   -0.0974939078221   0.948908016833
0.739795120048   -0.604197661183   -0.29605455016
0.602191553267   0.790847680818   -0.10920270411
-0.241712834804   -0.822963857449   -0.51410630377
-0.237101354993   0.563847725705   -0.79111228875
0.940934508722   -0.0693267285001   -0.331415063486
0.952904419552   -0.141428373333   0.268274451619
-0.200489602562   0.369946979265   0.907162134415
-0.227545787567   -0.918225045437   0.324169193195
0.999120204042   -0.0269300429426   0.0321495047577
0.0288148043402   0.997801720575   -0.0596777467201
-0.0304717068753   0.0605516241719   0.997699842575
0.888130271972   -0.401410620334   -0.223817113031
-0.230863716127   -0.810742969511   0.537956536161
-0.397399711598   -0.426104217423   -0.81271650491
0.853435614814   -0.520886175052   0.0180345930037
0.520469852074   0.853561263314   0.023330353322
-0.0275460884098   -0.0105244925892   0.999565129482
