-0.162633077983   -0.851925546577   0.497768435351
0.702129488537   0.25451781951   0.665007447994
-0.693227764496   0.45765007118   0.556768987679
0.785776313943   0.223543205708   -0.576700982464
0.256221601218   0.730988748131   0.632460232449
0.562944117176   -0.644735519218   0.517117045929
0.951338616463   -0.169659211401   0.25723644377
0.063830756482   0.92517662625   0.374130783982
-0.301463879335   -0.339505465322   0.890985727529
-0.60477686087   0.742224656214   -0.288699743111
0.313064031472   -0.111756748879   -0.943133799852
-0.732281294424   -0.660766987623   -0.164775963517
0.56810377598   -0.710330441436   0.415558380788
0.550377532998   0.703355912507   0.449861127869
-0.611835496718   -0.02685381101   0.790529063226
0.224193484603   -0.9493919937   -0.219982128825
-0.806698354899   -0.0541418844834   -0.588478069721
0.546786118065   0.309392172875   -0.778011217661
0.947296966596   -0.200359660167   0.249968941293
-0.112266967971   -0.938426040982   -0.326730754778
0.300040985427   0.281447801187   -0.911461919561
-0.996640359171   0.0684167427399   0.0446130017726
-0.0747747736595   -0.544520723579   -0.835390584914
-0.0328618903668   -0.835935311762   0.547835661019
-0.989456897495   0.054621483144   -0.134152084426
0.0473293056159   0.997253974616   0.0569601103858
0.136894941493   0.0500101082222   -0.989325024397
-0.877085271511   -0.239928332892   -0.416119799562
-0.478363973823   0.357917380048   0.801912097287
-0.0434649405854   0.902402071309   -0.428697094293
0.884109010664   0.0325294964715   -0.466147071061
-0.462100385805   0.208994293704   -0.861849544477
0.0693865508466   0.977375688124   0.199805629851
0.211772832494   0.673159375197   0.708525740341
-0.360437945121   0.727659583903   -0.583606047147
-0.908425427242   -0.131787655466   0.396730712609
-0.470720784366   0.783822547368   0.405029541231
0.845658790044   0.269928343624   0.460437041194
0.251570916153   0.559252422721   -0.789907975222
-0.835935578362   0.539086460979   0.102945216
-0.518764734356   -0.837349589798   0.172421101096
0.179150998592   0.0907285693907   0.979629138426
0.0114001234157   0.562949157779   -0.826412895157
0.493479318445   0.715643108188   0.494300618239
0.869682809876   -0.413452759914   -0.269645346929
0.720108997955   -0.689320492954   0.0792482614892
0.685403895168   0.688899404018   -0.235879438035
0.1080024511   0.224175972827   0.968545612517
-0.185635459013   -0.927685062323   0.323945101817
-0.957812885676   0.244441366224   0.151139771938
-0.219395715277   -0.282221862674   -0.933925693379
0.0896095409086   0.920672423107   0.379912373064
0.867453462345   -0.259573582945   0.424437766664
0.489382889508   0.291522240036   -0.821900940284
0.933306883803   0.0119069771272   -0.358882080266
-0.0353674503612   -0.99154002987   -0.124873622029
-0.357333551595   0.129238159687   -0.924989879164
0.814649698256   0.138584544058   0.56315201271
-0.566925222878   -0.0143686707459   0.823643922968
0.122236070518   -0.990246355371   0.0668616430158
0.196182281307   -0.682785761872   -0.703786977589
0.979551660499   0.103802696105   0.172347143686
-0.0446211928725   -0.723207160437   0.689188181773
-0.484598036845   0.37058171215   -0.79235975375
-0.838393215514   0.0616213234113   0.541571468288
0.249522746302   0.926753491336   0.280831596774
-0.265298570128   0.880697034518   0.392414571022
-0.168940610965   -0.44316341955   0.880377770039
0.949249984001   0.167268291685   0.266356277796
0.159271702023   0.744792003558   -0.648007277063
0.634211261198   -0.580214814488   -0.510998426835
-0.756574276498   -0.329587905566   -0.564765257893
-0.171018316212   0.433561761894   -0.884746887307
-0.916067491255   -0.400563468939   -0.0192198565639
-0.362730213027   0.807200873416   0.465675420735
0.945502940244   0.174542114636   0.274880412524
0.005824635303   0.834990840898   -0.550233016286
-0.325561460549   0.521848013129   0.788469650912
-0.0859214776244   -0.847695728633   -0.523478227328
-0.0184511168477   0.526685056003   -0.849860229356
0.996131045152   -0.0633624874182   -0.0608944919166
0.928848349245   -0.102899624712   0.355882580253
-0.0947351965375   0.862732360188   0.496707274386
-0.358142410544   -0.495080338052   0.791599312431
-0.956706541395   -0.259428793138   -0.131947091945
0.247443890626   -0.963667439721   0.100584936132
-0.153247690924   0.0635807335279   0.9861402744
0.197729580116   -0.135998291103   0.970776524812
0.273005532892   -0.943506264454   -0.187784179723
0.94147255686   0.302157879198   -0.149430396864
-0.329209839156   -0.247077913144   0.911357998968
0.855600385806   -0.486357697358   0.177212266849
0.399460733057   0.838098271416   0.37151368426
0.632322592246   0.505769447978   -0.586826529544
0.188159690793   -0.835065932419   -0.516972604964
-0.751507844966   0.216476347472   -0.623196455133
-0.333937324021   0.106274093316   0.936585126769
0.808445962892   0.543195677047   0.226613300619
-0.484665872205   0.832853096304   -0.267310176235
0.745600603397   -0.308434567209   -0.590718093129
0.491866507773   -0.343355816678   0.800108843683
-0.449607702705   -0.887116080882   -0.104297678002
-0.991678979608   -0.0512432660567   0.118292632519
-0.100061362575   -0.272615692042   -0.956921072921
0.0812818734038   -0.960772784671   0.265190431356
0.728435908358   0.615070646411   0.301776754064
0.26294991911   -0.657736721609   0.705860917555
0.632644014758   -0.434822256578   -0.640851813402
-0.515970229067   0.391292256086   0.762013897713
-0.844857680829   -0.0856308404   -0.528093666701
-0.141387089673   -0.916273862987   0.374769175456
0.383430929033   0.865341415395   -0.322745948395
-0.445109704743   -0.133050914819   -0.885536439657
-0.809233009181   0.483199410201   0.334156035046
0.7287018605   0.660752380497   0.179999855072
0.570157135136   -0.730949686264   0.375011686825
0.379360642941   -0.170643533922   -0.909377090479
0.606848233121   -0.791751624202   0.0697470395744
-0.747861326789   -0.539079117144   0.387424036503
-0.269144421917   -0.287268713474   -0.919259630938
0.47485567328   -0.844302800017   0.248324173735
-0.807394471484   -0.305668517625   0.504659275139
-0.350180354668   -0.440135886347   -0.82683384282
0.63174671736   -0.708362392332   -0.314831384742
0.0296595383476   -0.383756634215   0.9229578198
-0.77460724982   -0.592413324018   -0.221427288489
-0.166420321601   -0.582535996167   -0.795585396726
0.338999734195   0.723855400037   -0.600926408177
0.925950047534   -0.369709590083   0.0770152918749
0.893964128604   0.440677670907   0.0814330631524
0.315979210805   -0.490977458655   -0.811848820556
-0.317781830427   0.751494883191   -0.578161220143
-0.226666662294   0.801105478895   0.55394236402
0.633464912069   0.553274799343   -0.54093360742
-0.739827233987   0.228291423718   -0.632881162305
0.10703354589   -0.0512426860504   0.992934014882
0.879955292506   -0.460015003017   -0.118595107965
0.462841715898   0.886431217618   -0.00414572693177
0.0204024903216   -0.709347093353   -0.70456401768
0.969649767628   0.185774315247   -0.158956738742
0.243645402167   -0.679937216075   0.691608491178
0.10817592536   -0.507096282871   -0.855073852588
0.988827951519   -0.0338440711755   0.145168246407
-0.102553477634   -0.861224649769   0.497769893381
-0.378201409448   0.337334234072   0.862072643655
0.546654332234   0.832919765865   -0.0861028265744
-0.747082772834   0.438691543362   -0.499416648784
-0.104889150003   -0.994461661821   -0.0066419826828
-0.959177381044   0.0993994054334   0.264760995652
-0.26263446929   0.0341414160982   -0.96429104862
0.46504116528   0.138861243463   -0.874330750378
-0.24886811819   0.968300559406   0.0214169533864
0.849588939277   0.207633285405   0.484857757252
-0.805575383848   -0.412026307691   -0.425779247719
-0.329424671042   -0.28584011138   0.899877004558
-0.49247642799   0.865178339416   0.0945308910229
-0.71192583111   -0.133078672063   -0.68954005411
-0.313799507987   -0.818129522856   0.481880293669
-0.628255750445   0.559436158718   0.540675134631
0.0635841481247   -0.29688862012   -0.952792900808
0.683292597074   -0.682895934429   0.258388398503
-0.727370876081   -0.667465718176   0.159440337005
-0.898527582678   0.421784487343   0.12143266374
-0.438840749883   -0.858151785494   -0.266447320575
-0.00817568520323   -0.292699888343   0.956169404635
0.482404168418   -0.871361610742   0.08952756141
-0.548073587271   -0.220527299056   0.806835241348
-0.683301971213   -0.438288383453   -0.583953575495
-0.593131559222   -0.179297532759   -0.784883986019
-0.443498846016   -0.740871725371   0.504393664005
-0.671936939263   0.647268560532   0.359919937736
-0.342921087992   -0.894293802793   -0.28747828808
0.938156169836   -0.341563809213   -0.0565438733214
-0.0476253381031   -0.289089610499   0.956116638138
0.647741138313   0.356305603488   -0.673407539443
-0.544165756003   -0.402250589988   -0.736259472818
-0.533211990908   0.84335087493   -0.0666649269583
0.759952220702   -0.573100976001   0.306639947099
-0.497173986684   -0.816425098819   -0.293716398818
0.418677456779   0.0707571005396   -0.905375015384
-0.697266603306   -0.383960226816   -0.605305519391
-0.61629501943   -0.110121977729   0.779778312258
-0.36606102853   0.916759680322   -0.159848856096
-0.898125292954   0.178219854407   0.4020390192
0.108069866471   -0.796740094201   0.594601908636
0.426284638974   0.577467063379   0.696288355827
0.57447841416   0.158281866052   0.803069975831
-0.366873827241   -0.82725966439   0.425493797687
0.731695380666   -0.539062359902   -0.417173329953
-0.439966904786   -0.479039081776   0.759572681209
0.421327194727   -0.857075991147   -0.29648627455
0.793040033599   0.189584477594   0.578917286235
0.783729914488   0.135248307283   0.606197420567
0.185813594754   0.880246537894   -0.436622649915
-0.592655654937   0.454833954088   0.664744569718
-0.627625511677   0.524568791377   -0.575250917133
-0.0396560962619   -0.759489982291   -0.649308989232
-0.777504616436   -0.384710738843   0.497477800993
-0.597982844738   -0.360764983286   0.715727093549
-0.516898307194   0.856046736398   -0.000369691775156
-0.612562474875   -0.370179177543   -0.698380073562
0.573637607171   0.515761685451   -0.636340963406
0.0696720898949   -0.804777048128   -0.58947424162
-0.816140758557   0.293809403295   -0.497584611052
0.917028956534   0.388670534721   0.0894064039212
0.37157836639   -0.914079791531   0.162470935687
0.144871692381   -0.115769178764   -0.982659234181
0.684818775126   0.728086120062   -0.0302298083814
0.303484058551   -0.247242862993   0.92020017951
0.662510879719   -0.639344622202   -0.39027908373
0.226302968742   -0.167483275365   -0.959550068258
0.786779949833   0.612195536772   0.0787016051648
0.574251070143   -0.772765154875   0.270314146314
-0.291977957005   0.267191806323   -0.91834490737
-0.312017491572   0.881042275855   0.355541262315
0.904098399076   0.390349898026   -0.173876402675
-0.169342268439   0.0898436118998   -0.981457674836
0.0224676278569   -0.995232257827   -0.0949807672722
-0.985305154656   -0.0381348377985   0.166508494856
0.557514553112   -0.82671850205   -0.0755912894492
0.342386759514   0.146030599611   0.928141354526
-0.756272987473   -0.543333769833   0.364471652232
0.182922524559   0.892145345853   -0.413056948886
0.352134804175   0.332815075471   0.874777236972
0.917900016798   -0.305468192305   -0.253276054416
-0.463540589555   -0.621875539043   0.631190079202
0.164642870805   -0.76038763591   -0.628254203775
0.870645063867   -0.187300382832   0.454857925094
0.188905515835   0.472309989788   -0.860951785473
0.798488808729   0.436455171891   0.414635386057
0.571603293987   -0.765787277632   -0.294685451578
0.245320023936   0.535172311439   -0.808336982992
0.351504264249   0.727972690584   0.588642941205
0.90347265217   -0.428539796384   -0.00952907164491
0.278672092323   0.247853874069   -0.927852520894
0.77062024067   -0.634269727291   0.0620186174393
-0.573137233208   -0.73230480085   -0.367754469337
0.949661323947   0.300176680416   -0.0896511931678
0.246298149556   -0.892242306559   -0.378472082631
-0.193599063601   0.337339378579   -0.921260972347
0.748889381565   0.571650147746   0.335232460983
-0.0179617718505   -0.488167164015   0.872565295856
0.662451559789   -0.659476253827   -0.355315356131
0.610011487433   0.0204057335075   0.792129813466
0.349883647185   -0.903873919374   -0.246157705738
0.710962353978   0.427312284754   -0.558513153745
-0.740180960638   0.533152485683   -0.409732203984
-0.205579643653   0.400739055448   0.892829875924
0.640210170246   0.745088319757   -0.187014090034
-0.765201574435   -0.426214376276   -0.482501652084
0.387410750801   -0.903431300584   0.183643085089
-0.51417842134   -0.0464023489983   0.856427096772
0.0256840328326   -0.97780006102   -0.207960103053
0.91371435949   -0.0614307403517   0.401686905086
-0.405544612903   -0.200333075464   0.891852134337
-0.626579821566   0.566492577607   0.535241890302
-0.634824851935   0.027412704016   -0.772169636597
-0.452100795159   -0.82361076962   0.342447322846
0.992527529969   -0.122020193931   -0.000417847013541
-0.0150548318367   -0.119058230713   -0.992773136263
0.121088621932   0.985360959406   -0.120005565182
-0.460043681183   -0.886879006892   0.042576395839
-0.86423710969   0.436266367022   -0.250536819748
0.203620579958   -0.152052974156   -0.967175476734
0.101840621563   -0.986380545844   -0.129158341716
-0.0351931289326   0.126179799161   -0.991382909581
0.994178003242   0.10550852342   -0.0218635762969
0.356610977571   -0.319955881024   0.87775669853
-0.855436201478   0.265870611879   0.444456630761
-0.375576214392   -0.909362977927   -0.178889461135
0.416876904947   0.236769096712   -0.877584214976
0.445369036654   0.78843691747   0.424280158888
0.792376224229   -0.567721434225   0.223231517183
-0.441280161719   0.190761890189   0.876859062531
-0.887160960658   -0.239710140119   -0.394315306172
0.134971642115   -0.951918605789   0.275015766408
-0.769558383197   0.630792634311   0.0993995418961
-0.620867116627   -0.7755006141   0.11455366282
0.14934403209   0.02644183567   0.988431680788
-0.601608966908   -0.747646859582   -0.281230837548
0.758490273062   -0.645097914502   0.0924183151598
-0.250517696584   -0.15771116848   0.955179600864
0.0387602380004   -0.73651914608   0.675305238984
0.843483996277   -0.338226137014   -0.41729820586
0.535754016659   0.585783741705   0.608132412512
0.99194442522   0.116001372785   0.0508914417947
-0.0763135202219   0.226576876684   0.970999058434
0.101106399241   -0.967060807995   0.233604142761
-0.758359554605   0.120638838295   -0.64057594589
0.00881724178464   0.984532976238   0.174977367738
0.651777207338   0.127047603944   -0.74769369477
0.72665297267   -0.569353710634   -0.384462995096
-0.395209830028   -0.804183993241   0.443956300688
-0.561947179599   -0.170658603239   -0.809376865159
0.0723615252305   0.91232120971   -0.403030827051
0.881037294667   0.130930819026   0.454566201853
0.467479542489   -0.387978294206   -0.794314656741
-0.382822855849   0.850102375358   -0.361623187671
0.917006741374   0.397133753953   -0.0371868064997
0.112000065734   -0.34584703803   -0.931581461811
-0.966653769316   0.246468823442   -0.0694521477573
0.168420892248   0.407656947219   -0.897467103543
-0.192885678088   -0.879241672101   -0.435570765155
0.599693722546   0.726313186619   -0.335911584761
-0.797156738308   0.505459133345   -0.33023052172
-0.0700612046979   0.465811354358   0.882106121373
-0.640505418547   0.194865573784   -0.742819085967
-0.365193899134   0.773613644085   0.517837177709
0.675563618291   0.602950524285   -0.424340009168
-0.804583667738   0.453359250009   -0.383843724489
0.428382132232   -0.0049575872307   -0.903653554281
-0.41153294301   -0.891384534201   -0.190323373619
-0.972548851878   -0.132974991731   0.190963005678
0.20423526115   -0.0944808935748   0.974351881615
-0.111522087796   0.98660594093   0.119045196735
-0.585404677052   0.513239866268   0.627603416229
0.679430490505   0.732934438903   0.0343699085657
-0.442352141355   0.446533225769   -0.777774058923
0.927330350424   0.373983351484   -0.0139597611369
-0.367196055159   0.902028728719   -0.22696085764
-0.0722874760495   0.215593660941   0.973803827527
0.998163720633   -0.0525404769803   -0.0301444034102
-0.0071310792925   0.39226178432   -0.919825977565
0.0601525933472   0.918351882218   0.391166811798
-0.851341952317   -0.393581198956   0.346849555254
-0.5175230675   0.521819453349   -0.678139185996
0.0859107022288   -0.756833350749   -0.64793301756
-0.33635992954   -0.781656037717   0.525238704003
-0.422124486117   -0.373424596392   -0.826053778407
0.841827046193   -0.499567578313   -0.204351003275
0.439266392394   0.271402860571   -0.856379308991
0.361313427378   0.819399602701   0.445013367609
0.822494766422   -0.50490075998   0.261873209662
0.172656069249   -0.40510960022   0.897817382962
-0.952976540719   -0.299174793535   0.0482710295617
0.249049300701   -0.863933209956   -0.437714272478
0.0505470493097   -0.599412261599   -0.798842856395
0.998036623841   0.059937122134   0.0181772355752
0.0369846730358   -0.798193244187   0.601265055907
-0.995794381475   0.0568541953266   -0.0758394326701
0.0756860630512   -0.00499715494133   -0.99726826055
-0.0570582065418   -0.998518885206   0.0003770389806
-0.590723524676   -0.133857950991   0.795693332602
0.318665951068   0.867273253007   0.38247761463
-0.741281216692   0.479498866546   -0.469662750643
-0.818497432055   0.566644969317   0.09473824189
-0.00519770764307   -0.172199609297   0.985048331418
0.574486587801   0.805767156281   0.14389025041
-0.934708744328   -0.0115142343938   0.35522827926
0.261147279255   0.655713173069   0.708408327839
-0.241084645959   0.754922302505   -0.609893950677
-0.576721538096   0.166112551684   -0.799876173764
0.536644527907   -0.661201544208   -0.524240722697
-0.615960975915   -0.731588890593   0.292183368133
0.300107566127   -0.0974414045938   0.948915525292
0.739903294014   -0.604074776293   -0.296035303592
0.602061971043   0.790948138715   -0.109190239635
-0.241698003068   -0.823018738311   -0.514025492059
-0.237171554249   0.563770148921   -0.791146550383
0.940920668257   -0.0693063252225   -0.331458749007
0.952929597343   -0.141616486089   0.268085721294
-0.200255848543   0.369910080842   0.90722882178
-0.227646168907   -0.918210929368   0.324138734792
0.999113486336   -0.0271274653179   0.0321922670157
0.0290258563208   0.997773428718   -0.0600473532507
-0.0304916561542   0.0609285285642   0.997676286846
0.888144329535   -0.401274840975   -0.224004856503
-0.230473529244   -0.810615189151   0.538317149121
-0.397594801342   -0.426476145547   -0.812426524194
0.853350944577   -0.521023220704   0.0180823761876
0.520605497672   0.853477628024   0.0233635978675
-0.0276058804337   -0.0105235640058   0.999563489718
