-0.13808860425   -0.862453328799   0.486935136334
0.711700273325   0.255502006106   0.654371047687
-0.688777389511   0.436913037967   0.57852633262
0.769928489407   0.217742108219   -0.599832060411
0.259011336081   0.752438070186   0.605598946415
0.583200869486   -0.621631185211   0.522925832374
0.949735480932   -0.197720053779   0.242712372822
0.103486296547   0.930008720103   0.352667500661
-0.295454060751   -0.309823433473   0.903723595337
-0.609803752568   0.730927109804   -0.306408980783
0.405438810673   -0.0444993338104   -0.913038973057
-0.680999467071   -0.681003932201   -0.269211011253
0.599298489455   -0.6826726264   0.418090196251
0.53456132946   0.730037521184   0.425780937912
-0.595890520216   -0.0316750249841   0.802440766608
0.228800169706   -0.949270233253   -0.215723354332
-0.819685086349   -0.0683228332387   -0.568725268833
0.525135126002   0.306949664362   -0.793734930704
0.947316998762   -0.19521703709   0.253930832206
-0.112696775683   -0.945253374075   -0.306263833805
0.299816603719   0.261511773304   -0.917454962245
-0.993730327725   0.0820286931079   0.0760388496161
-0.108070620747   -0.528900652284   -0.841779634024
-0.0288332113235   -0.84471504357   0.534441400932
-0.986035676152   0.075613907019   -0.148397391574
0.0646724760927   0.994913871734   0.077226116156
0.153481984599   0.0665502760762   -0.985910718174
-0.890267273778   -0.221048821286   -0.398200370045
-0.454583604411   0.377668657383   0.806672652842
-0.0279260218608   0.89916874993   -0.436711766563
0.894956829278   0.0353277724749   -0.444751867744
-0.443480965816   0.17937344618   -0.878151360864
0.0487535468311   0.983146544581   0.176198684511
0.19280590736   0.685372340205   0.70220413271
-0.376420838115   0.712541929901   -0.592107551991
-0.90616402563   -0.150162431299   0.395370722036
-0.442159232488   0.80388037957   0.39784519517
0.865257904899   0.265427748413   0.425301752121
0.236290545697   0.532286725074   -0.812926349364
-0.839702156233   0.520588332937   0.154559524502
-0.483799194767   -0.84642214719   0.222504966593
0.246656032051   0.112062074876   0.962602152926
-0.0175585136544   0.599304719227   -0.800328441151
0.516320867794   0.69089953782   0.506034197296
0.856215230934   -0.404341069971   -0.321564701827
0.73288245725   -0.680203090497   0.0143896789171
0.66672961872   0.713832478488   -0.214277417711
0.135480340651   0.166634185859   0.976666844779
-0.217547568502   -0.918833962628   0.329268938686
-0.962256184766   0.258414815032   0.085354106162
-0.163514279936   -0.298272421922   -0.940371184377
0.116115108667   0.922196393346   0.368886328019
0.869550948476   -0.27387713968   0.41095151786
0.48000464467   0.273045443336   -0.833699127638
0.916843251071   -0.012042658598   -0.399066779307
-0.0576271062799   -0.993080143248   -0.102429126302
-0.395067635468   0.116908441385   -0.911193671062
0.816288841368   0.12747773286   0.563402130206
-0.566408755816   -0.0147911555133   0.823991730532
0.113373956581   -0.991731152216   0.0601306451803
0.209737517362   -0.660268967242   -0.72114842435
0.9762783598   0.100862173192   0.191591673634
-0.0537654464474   -0.744225568035   0.665760898827
-0.505619204103   0.343060885711   -0.791617684561
-0.845881278472   -0.0165289750608   0.533115118485
0.169806338352   0.939167767506   0.298546081684
-0.299639348695   0.863670960653   0.405325526575
-0.176745712172   -0.467743806952   0.866011974985
0.937537873367   0.187851694996   0.29280454902
0.161202651022   0.747233764465   -0.644718062213
0.642626361187   -0.57527636816   -0.50606291893
-0.749033402732   -0.332731151609   -0.572931185581
-0.222767693177   0.426221067383   -0.876761227311
-0.909715419338   -0.414161434917   0.0298038477643
-0.350417613448   0.804242510219   0.480001583896
0.949162353067   0.185827744371   0.254084391431
-0.0135299133227   0.830500217928   -0.556853960109
-0.314496057197   0.52510707562   0.790793774233
-0.0846620847098   -0.845871631287   -0.526624647736
-0.0277934560999   0.530321287756   -0.847341051544
0.996022017837   -0.0571009388521   -0.0684078029144
0.923420154948   -0.104875692824   0.369183296904
-0.105751583079   0.855170949917   0.507443838779
-0.368933354869   -0.507625586327   0.778591320537
-0.961732199407   -0.265738426445   -0.0667629833182
0.260932148697   -0.962613956169   0.0727448770313
-0.0835979725083   0.052540385118   0.995113508336
0.206280397058   -0.160431189203   0.965251407576
0.243813263512   -0.946926187769   -0.209489871921
0.947630486441   0.278554747639   -0.156217106604
-0.338534253716   -0.243120298577   0.909003410445
0.837447746801   -0.518328501319   0.173254070753
0.429040733681   0.819895250672   0.379072397792
0.640105687743   0.491415026689   -0.590572781245
0.191507580781   -0.846480923988   -0.496785739805
-0.744036144892   0.20489630625   -0.635947139113
-0.327715263629   0.0862439253916   0.940831961301
0.812590067982   0.533747304463   0.234117977375
-0.481975285145   0.841234706396   -0.244998114001
0.764468181033   -0.261672985369   -0.58916522617
0.503691333717   -0.327945568909   0.799216383517
-0.402347431132   -0.907732910096   -0.118901551523
-0.99054273478   -0.0956474029163   0.100713497021
-0.069539905403   -0.286397667594   -0.955741640591
0.120232423761   -0.953482803368   0.276738551786
0.744220450535   0.612346332894   0.26677314081
0.247981738673   -0.624163160245   0.740895085495
0.62019432225   -0.485234416563   -0.616365706447
-0.492971530192   0.396812962597   0.774285869145
-0.860952747757   -0.0941607383422   -0.499894157204
-0.12545716629   -0.913057103905   0.388055731407
0.386806088432   0.874126373119   -0.293741614411
-0.461220087224   -0.0924482353458   -0.882456434597
-0.798534334491   0.476819055448   0.367405099774
0.717393801838   0.674441008962   0.174572886867
0.591862886346   -0.722205887565   0.357936317869
0.367484273357   -0.153458167962   -0.917282665911
0.622819452617   -0.775301799957   0.104896038834
-0.738378093425   -0.538171945331   0.406410237019
-0.2586384564   -0.330573151644   -0.907649822619
0.473295431915   -0.840151997872   0.264832343518
-0.809736284085   -0.296551439217   0.50634442688
-0.346869860233   -0.454094867696   -0.820657998618
0.648622579123   -0.695484827503   -0.309175718048
0.0275338187375   -0.384509594643   0.922710322645
-0.760612029055   -0.60700354645   -0.230252266236
-0.161669062865   -0.565040405468   -0.809068916339
0.35247442536   0.732712501671   -0.582146186534
0.921751024228   -0.379291106168   0.0807053362054
0.88889652039   0.4513559014   0.0783634539875
0.320329752603   -0.490108281986   -0.810668109253
-0.327493252215   0.745702208683   -0.580238271138
-0.227096639825   0.792946088271   0.565388093181
0.626205372767   0.56352194568   -0.538804116377
-0.745851208977   0.231688467136   -0.624521042372
0.108316072612   -0.0751083223414   0.991275164667
0.881658148925   -0.453429183525   -0.130694378162
0.45928925592   0.888122092938   0.0171061321001
0.0662569846657   -0.679746211456   -0.730448569147
0.96836054237   0.220325383946   -0.117194689883
0.240599011095   -0.699572600497   0.672837496547
0.14810828768   -0.514374007106   -0.844679435504
0.982598434568   -0.0202678131815   0.184633614089
-0.112090518487   -0.857326446507   0.502421236573
-0.40445566474   0.347496225397   0.845968107574
0.522038533251   0.847223709848   -0.0984264230781
-0.750927050717   0.401818820233   -0.524070849162
-0.114521429108   -0.993173417436   0.0221816340268
-0.96505129038   0.116520700789   0.234732665964
-0.235714804214   0.00547543904191   -0.971807412525
0.464566088767   0.185782898062   -0.865830852334
-0.22953197003   0.969592013067   0.0848905352895
0.855273888763   0.159298597092   0.493082683751
-0.809924310298   -0.369236615659   -0.455726801162
-0.380162743093   -0.261211480386   0.887268189538
-0.446652979846   0.89187043513   0.0711915328718
-0.697673383543   -0.14294683705   -0.702020379087
-0.331377086741   -0.804390109798   0.493113834662
-0.635181578179   0.576661277813   0.513819329526
0.0601342734373   -0.324153784508   -0.944091266902
0.672824647432   -0.685493157337   0.278219972276
-0.737354046615   -0.651938404418   0.176876900959
-0.900190918027   0.421478439223   0.109603802648
-0.435359191049   -0.864624956871   -0.250772410237
-0.0109290005894   -0.273459964597   0.961821303529
0.489270385747   -0.866401622981   0.0998134887329
-0.541020880431   -0.211756223311   0.813913843662
-0.684040139008   -0.45222512719   -0.572347420171
-0.587087342835   -0.191684438583   -0.786505530237
-0.432846500274   -0.746690187534   0.505077852831
-0.684089014886   0.636959030256   0.355397826853
-0.344703246459   -0.887864174087   -0.304757234812
0.935887037079   -0.350217489209   -0.0382525342134
-0.072768245995   -0.298404106739   0.951661586259
0.646420035519   0.355957638572   -0.674859482935
-0.548941660573   -0.397333360316   -0.735383811921
-0.529909629515   0.845825311214   -0.0614442915505
0.761209874456   -0.584244864772   0.281456818517
-0.521476822684   -0.809455547585   -0.26990228664
0.385515143808   0.0586792886643   -0.920835838406
-0.691641853869   -0.345313755963   -0.634343660934
-0.625395415518   -0.152986374943   0.765164724001
-0.361267275674   0.925934603819   -0.110146846401
-0.89689699977   0.192905608504   0.39803843127
0.0964275709681   -0.793006745487   0.601589153608
0.431681468351   0.577923189005   0.692580297186
0.563707994841   0.150360622562   0.812173052102
-0.381240821324   -0.824919247366   0.417329647461
0.732726974755   -0.544885567506   -0.407690052526
-0.444800374487   -0.467113803326   0.764171096368
0.401189108194   -0.866749924251   -0.29629723749
0.800749692007   0.174784004475   0.572931518402
0.81042524832   0.1299689968   0.571243361271
0.170540701307   0.880513284204   -0.442280709722
-0.560470148289   0.455855697415   0.691425193137
-0.621625379552   0.531540762225   -0.575367607814
-0.0288975000736   -0.749590731515   -0.661271784377
-0.782782473308   -0.394436124635   0.481323433834
-0.589462708549   -0.383508473596   0.710953722043
-0.513418644628   0.857349078514   0.0367950196367
-0.623646726565   -0.343327582349   -0.702275712859
0.566168195475   0.485383212976   -0.666225769965
0.0384710137167   -0.822921365338   -0.566851552966
-0.823391535728   0.295302960632   -0.48458514703
0.928055244466   0.354691271078   0.113612473031
0.337457899343   -0.929880377046   0.146460855892
0.15759396555   -0.0975844165779   -0.982673762321
0.682874801835   0.730515425547   -0.00540747632101
0.303442960127   -0.276905099311   0.911726947885
0.664533217914   -0.624236229795   -0.410761284537
0.203244284609   -0.1616294613   -0.965695439702
0.796712524641   0.600615962194   0.0671537129813
0.569158078307   -0.783030258245   0.250843976538
-0.31596162457   0.281247438657   -0.90612812129
-0.251514552367   0.896054859064   0.365822529138
0.9148271552   0.343490278066   -0.212381128659
-0.165611621959   0.0735417280725   -0.983451183188
-0.0501257393131   -0.996564574042   -0.0660811215217
-0.98492234503   0.0383525565689   0.168717185848
0.554127170723   -0.832042770968   -0.0254541965095
0.286422563209   0.161863450317   0.944331699065
-0.781604250324   -0.530570513555   0.328008751946
0.170693161581   0.878343188993   -0.446516630787
0.393096977702   0.354836944722   0.84827207909
0.903514596086   -0.320318585774   -0.284705814712
-0.466437540375   -0.633849140719   0.616985869507
0.201863843485   -0.755380884223   -0.62341883044
0.861212682823   -0.166238732741   0.480288971658
0.167516957242   0.447798870292   -0.87830190892
0.813585869756   0.440357536492   0.379688390931
0.556790897896   -0.778178265849   -0.290555478898
0.259741530729   0.522358174781   -0.812204594494
0.37158524559   0.722248547654   0.583336482231
0.89132416737   -0.453319957073   -0.0065026475519
0.281070796184   0.250137955869   -0.92651519881
0.768785090173   -0.636556518078   0.0613656798419
-0.574429191215   -0.729539076794   -0.371219917313
0.948611079801   0.2997732922   -0.101355946842
0.234913916843   -0.881707813044   -0.409155325344
-0.212020061198   0.364319367955   -0.906818727886
0.754445099922   0.560923198753   0.340848616402
-0.0363315245579   -0.482814391615   0.874968812272
0.655356875699   -0.672499492362   -0.343877774961
0.606044564151   0.0464258374475   0.794075016511
0.334661784937   -0.920522720073   -0.201598284602
0.721603755487   0.387923987746   -0.573415218306
-0.736652202564   0.522934405692   -0.428816014916
-0.209864453785   0.426014560898   0.880038928944
0.642884498447   0.738275837857   -0.204079232296
-0.760542160451   -0.453696077117   -0.464474097945
0.39970606064   -0.890895598825   0.215733271621
-0.511675075747   -0.02157890185   0.858908041424
0.0346421569136   -0.98316449243   -0.179408773838
0.928653594671   -0.0346731581484   0.36932408533
-0.369326993882   -0.17940278628   0.911818080784
-0.632643948522   0.558392044769   0.53661912825
-0.625233534111   0.040616759645   -0.779380127466
-0.456995396353   -0.828582331217   0.323429408074
0.989599538501   -0.141732853759   0.0245876381686
0.00327330206862   -0.148694621745   -0.988877766784
0.143812514334   0.9786734646   -0.146684194844
-0.472077018422   -0.881090677312   0.0287878168801
-0.851137972406   0.447033434832   -0.275186483687
0.229594581766   -0.154410709566   -0.960964079269
0.108788196044   -0.982022266313   -0.154264045571
-0.0624146344512   0.148131120389   -0.986996242909
0.992103593733   0.11700187424   -0.045177642975
0.344516832502   -0.280557040985   0.895877175514
-0.853899990137   0.302878529815   0.42322502134
-0.390080727156   -0.910797649644   -0.135220905247
0.366288119365   0.263547101804   -0.892398980747
0.440623322317   0.795583314397   0.415810387509
0.819563361515   -0.545518208367   0.175287716423
-0.425683922331   0.225126168391   0.876419723638
-0.897464209536   -0.228720485681   -0.377153867956
0.115547896036   -0.947103614088   0.299405226291
-0.769965583074   0.627854709786   0.113807126468
-0.623427147705   -0.778225702609   0.0755244850771
0.135985992437   -0.0127992086454   0.990628080202
-0.583505793262   -0.756011952742   -0.296592409766
0.778421114103   -0.624763941539   0.0610797113169
-0.231477211273   -0.195233422668   0.953048905101
0.0319504326831   -0.742874407233   0.66866793285
0.861721075116   -0.318468964305   -0.394986498535
0.506375333172   0.588825237572   0.629975292376
0.989553782636   0.141320454247   0.0284928153668
-0.0585453451503   0.213322482271   0.975226109416
0.131741238332   -0.966706807226   0.219367723988
-0.767292774022   0.104186096719   -0.632777554125
0.0315172164948   0.991648866884   0.125056753727
0.640522318751   0.076011734875   -0.764168666917
0.744440647936   -0.550746658458   -0.37747392451
-0.420527258529   -0.825872592703   0.37562427875
-0.518618617407   -0.120892068182   -0.846417259329
0.0886202573614   0.927801688029   -0.362395544183
0.886049766852   0.0927806306659   0.454210983753
0.455041001905   -0.361352784396   -0.813856226132
-0.415539870211   0.847685164947   -0.329783958725
0.906097716826   0.417459291035   -0.0686663821038
0.0794639909944   -0.327349974185   -0.941556591767
-0.961459867521   0.262788520237   -0.0809319535394
0.178673611065   0.373348571477   -0.910324499729
-0.209006048193   -0.889694974545   -0.405916918667
0.598319854926   0.728768609005   -0.333031035676
-0.799633779091   0.516642011296   -0.306050416615
-0.0509821099187   0.44941890559   0.89186516532
-0.643618771232   0.167977609018   -0.746685078069
-0.361278287789   0.79339735631   0.489896580534
0.674709627703   0.585067674475   -0.449958793632
-0.793738165017   0.47395478439   -0.381371374577
0.4345613296   0.00298435280083   -0.900667396376
-0.425715531557   -0.880574909041   -0.208374238296
-0.973938146311   -0.148960668802   0.171046644655
0.185696091294   -0.0906364908574   0.978418598653
-0.130242839249   0.984681020261   0.115934784197
-0.572777990079   0.519634020137   0.633960693112
0.694463085936   0.718496754159   0.0385161063343
-0.435484440097   0.462323429313   -0.772405779747
0.934085838413   0.357042645564   -0.0020484012615
-0.345250750433   0.901743868313   -0.260115196818
-0.0910250845894   0.243677133804   0.965575418366
0.997485670296   -0.0707002796956   -0.00487934891722
0.0224413133434   0.380423415776   -0.924540113867
0.0672214627207   0.922106016218   0.381053512987
-0.851839994005   -0.409255215728   0.326932443912
-0.511883476579   0.51797723337   -0.685329454828
0.111130377884   -0.751140016008   -0.650725818202
-0.344214323408   -0.795815114143   0.498192133417
-0.46297768152   -0.317749675318   -0.827458395698
0.816803993692   -0.515474571921   -0.259070959086
0.437138675287   0.307750629011   -0.845103146243
0.317367689434   0.826410698936   0.465105478404
0.841538785291   -0.471524025561   0.263585972125
0.155486177631   -0.411755634724   0.897931786346
-0.961858315646   -0.270202971502   0.0426515656234
0.225061716604   -0.87031481241   -0.438063467424
0.0339485274014   -0.60033684049   -0.799026437555
0.998376736303   0.0569545748801   -0.000373572889393
0.0457325088935   -0.79771669476   0.601295802782
-0.996021762907   0.0131587498923   -0.0883673683091
0.0883069644784   -0.0051142937571   -0.996090618028
-0.0135581895991   -0.999910739316   0.0039111969254
-0.562008469133   -0.13661376454   0.815771642313
0.336563251242   0.863154435902   0.376416811936
-0.755560633554   0.486108133786   -0.439120948051
-0.833110757443   0.544877126097   0.095057476043
0.00337774654032   -0.166845988926   0.985977358175
0.553096372365   0.821749157262   0.137160416336
-0.929032782416   -0.0130157890397   0.369769584469
0.269998732894   0.659464529505   0.70157492233
-0.252981502482   0.751623094804   -0.609150068643
-0.577517278824   0.169267613376   -0.798638824906
0.526563230837   -0.670345353895   -0.52284804264
-0.623864297356   -0.722486945781   0.298004547537
0.301072366018   -0.104462032958   0.947862440393
0.719534846202   -0.627413790875   -0.297694060926
0.625799590394   0.77164747941   -0.113732961322
-0.248920499774   -0.810029598836   -0.530933836319
-0.217908251051   0.580973374261   -0.784210410328
0.943692049168   -0.0795111473515   -0.321128330402
0.947921799352   -0.117715607729   0.295951513481
-0.233944113698   0.373218087737   0.897763005768
-0.216135175991   -0.920245238269   0.326242687744
0.999999502849   0.000341559383115   0.00093682389044
-0.000341051547993   0.999999794858   -0.000542187937796
-0.000937008887634   0.000541868163012   0.999999414196
0.897160795885   -0.403640358532   -0.179379511403
-0.276257811869   -0.82963904453   0.485161232173
-0.344650793599   -0.385712666095   -0.855828443303
0.865909322892   -0.50020083387   0.000411354617736
0.500200782227   0.865909420556   0.000227466951267
-0.000469974997631   8.79414879162e-06   0.999999889523
