-0.163036805154   -0.851873246303   0.497725786531
0.702050062546   0.254283852582   0.665180744711
-0.693213312065   0.457877369705   0.556600047627
0.785882970314   0.223518015528   -0.576565394628
0.256346853161   0.730738814426   0.6326982509
0.562738170397   -0.645027505268   0.516977050099
0.951387145209   -0.16931844761   0.257281485879
0.0634223047891   0.925132531673   0.374309243411
-0.301396932519   -0.33979561761   0.890897764477
-0.604660582599   0.742465742821   -0.288321593727
0.312067189211   -0.11220791072   -0.943410228206
-0.732802012886   -0.660419116927   -0.163851081015
0.567629644421   -0.710829016548   0.415353696986
0.550714734215   0.70285314018   0.450234098223
-0.611972112016   -0.0268248190606   0.790424292409
0.224219209922   -0.949423441831   -0.219819919497
-0.806474218313   -0.054138288569   -0.588785424654
0.547106026381   0.309296086605   -0.777824369803
0.947290942131   -0.200274836065   0.250059750242
-0.11208540553   -0.938374148955   -0.326942608443
0.300127890272   0.28168173066   -0.911361231236
-0.996674678808   0.0684250776157   0.0443474196628
-0.0745630155816   -0.544697465956   -0.835315549697
-0.0330006300673   -0.835840726222   0.547981111876
-0.989485110814   0.0540275956663   -0.1341410894
0.0467526774081   0.99728998967   0.0568054129241
0.136846629897   0.0499368269799   -0.989329526083
-0.876811687493   -0.240361957616   -0.416445604596
-0.478836565084   0.357634912936   0.801755984163
-0.0437762058117   0.90239860568   -0.428672434243
0.884049057511   0.0323910966118   -0.466270397533
-0.46218251888   0.209141992666   -0.861769670809
0.0696030602568   0.977348690665   0.199862378817
0.212034362967   0.672955878419   0.708640809388
-0.360234461385   0.727887873465   -0.58344697301
-0.908445124297   -0.131566041156   0.396759145146
-0.471201780981   0.783506392001   0.405085153187
0.845354376792   0.270101808313   0.460895481917
0.251698679531   0.559612724396   -0.789614040964
-0.835799371433   0.539439442966   0.102201034239
-0.519280370858   -0.837135066892   0.171910819724
0.178291504195   0.090611924544   0.97979672624
0.0115536791556   0.562322200175   -0.826837479673
0.493149132367   0.71613119483   0.493923105507
0.86986804048   -0.413460813256   -0.269034755006
0.719696901868   -0.689656314977   0.0800657684455
0.685920002333   0.688427654222   -0.235756452464
0.107471440221   0.224591900326   0.968508320455
-0.185094906839   -0.927792280382   0.323946945372
-0.957754820055   0.244140986868   0.151990299848
-0.220104165372   -0.282129103514   -0.933786782562
0.0891207083833   0.920704762651   0.379948516315
0.867399255945   -0.259243597907   0.424749533875
0.489567835754   0.291712831003   -0.821722720728
0.933451417239   0.0123088318529   -0.358492066068
-0.0349817047221   -0.991517688781   -0.125129913278
-0.356993486089   0.129343370609   -0.925102625393
0.814652275113   0.138740302718   0.563109930466
-0.566896973454   -0.0143390632523   0.82366387801
0.12234985442   -0.990224969818   0.0669701109933
0.195773461013   -0.683044306897   -0.703649927456
0.979635067321   0.103596592121   0.171996726355
-0.0445856531744   -0.722992540637   0.689415624464
-0.484257418089   0.370859654081   -0.792437878872
-0.838360129464   0.0624169992493   0.541531496939
0.250293763851   0.926589005885   0.280688097516
-0.26484408001   0.88094947503   0.392155088252
-0.168987206956   -0.442784875117   0.880559397544
0.949368692702   0.16694175979   0.266138161692
0.158825662189   0.744702650825   -0.648222622466
0.63429070882   -0.580104102793   -0.511033166654
-0.756604191852   -0.329996306903   -0.564493491045
-0.170269135697   0.433539703637   -0.884902107788
-0.916086509675   -0.400484589213   -0.0199397316511
-0.363034325911   0.807251764617   0.46535004437
0.945528990899   0.174160063462   0.275033088279
0.00619261824476   0.835081816635   -0.550090911538
-0.325478999066   0.521830079406   0.788515560616
-0.0861356615891   -0.84784074167   -0.523208132522
-0.0182940889361   0.526417368685   -0.850029464971
0.996115454896   -0.0636462235561   -0.0608537880817
0.928980027681   -0.102960479874   0.355521095156
-0.0944766304081   0.862750655941   0.496724747304
-0.357869076372   -0.495035804626   0.791750769035
-0.956673652748   -0.259325585242   -0.132379267378
0.247279890899   -0.963686932486   0.100790147422
-0.153709743185   0.063688610433   0.986061390137
0.19745790064   -0.13567687434   0.970876883554
0.273453758537   -0.943441520971   -0.187458146582
0.941399585294   0.302505042185   -0.149188391889
-0.329241058152   -0.247099052284   0.911341024676
0.855785344626   -0.48596083428   0.177408004567
0.399038655797   0.838322261736   0.371461941713
0.632211511909   0.506114951564   -0.586648280769
0.188262528969   -0.834819172059   -0.517333448892
-0.751575524955   0.216620250577   -0.623064728585
-0.334139411067   0.106463273874   0.936491615136
0.808327233305   0.543361486826   0.226639404298
-0.484724723737   0.832720785738   -0.267615674339
0.745283721098   -0.30893651847   -0.590855647464
0.491824138125   -0.343605584808   0.800027615182
-0.450179059644   -0.886844628699   -0.104141205616
-0.992143679842   -0.041005459458   0.117800238732
-0.10284158665   -0.265458787056   -0.958590858898
0.0705829441584   -0.963219278774   0.259214669369
0.728048699087   0.615287375844   0.302268929289
0.263229769862   -0.658043500416   0.705470516154
0.632973260687   -0.434050695232   -0.64104965215
-0.516145443476   0.391269204072   0.761907008084
-0.844723257371   -0.0855312531083   -0.528324731254
-0.141550335495   -0.916292973422   0.374660764545
0.383305433751   0.865326387977   -0.322935253593
-0.445006238128   -0.13335942501   -0.885542035011
-0.809349358293   0.483141273352   0.333958256078
0.728735489354   0.660676240206   0.180143363356
0.569910465956   -0.730966206292   0.375354970874
0.37966667819   -0.17086895269   -0.909207343809
0.606701512039   -0.791926987717   0.0690301474378
-0.747893996784   -0.539219871651   0.387165905311
-0.269384640808   -0.286521403716   -0.91942295545
0.475026423523   -0.844349241811   0.247839118464
-0.807248211461   -0.306015619409   0.504682772317
-0.350285877364   -0.439805335841   -0.826964920431
0.631550931677   -0.708401853691   -0.315135247784
0.0298027764005   -0.383970092286   0.922864413242
-0.774761385995   -0.592227780838   -0.221384320274
-0.16649533515   -0.582825951358   -0.7953572922
0.338801629762   0.72369274887   -0.601233950228
0.926009053683   -0.369570991368   0.0769709135342
0.893953763253   0.440665385895   0.0816129841354
0.316073498898   -0.490834104003   -0.81189858846
-0.317717177376   0.751595497806   -0.57806564409
-0.226765869031   0.801157549308   0.55382656123
0.63353504269   0.553232211243   -0.540895076702
-0.739736864311   0.228211996843   -0.63301556599
0.106691886526   -0.0509613981455   0.992985305447
0.879968318531   -0.460101742235   -0.118161795331
0.46289592709   0.886402497398   -0.00424473693009
0.0196497992918   -0.709736211288   -0.704193432669
0.969633417141   0.185257035447   -0.159658582269
0.243772263785   -0.67967222756   0.691824215297
0.107613232716   -0.507068263724   -0.855161474169
0.988912177847   -0.0339422177082   0.144570418278
-0.102333159269   -0.861237294396   0.497793366111
-0.378134982087   0.337206259923   0.862151911007
0.547028229193   0.832708920951   -0.0857669795569
-0.746842751755   0.439189932245   -0.499337716883
-0.104661145799   -0.994484382376   -0.00680041651462
-0.959082322821   0.0991223915547   0.265208126493
-0.263071341098   0.0342792286355   -0.964166643071
0.465000233281   0.137931342485   -0.874499696682
-0.249021966693   0.968284845369   0.0203105352186
0.849566262772   0.208325232502   0.484600613552
-0.805403961742   -0.412377662827   -0.425771035464
-0.329053886105   -0.286401448075   0.899836760862
-0.493011005433   0.864827913148   0.0949672100179
-0.711960732872   -0.132948073187   -0.689506904334
-0.313744830527   -0.818218498864   0.481730903724
-0.62821902439   0.559307868817   0.540842877587
0.063740100463   -0.296190321806   -0.952999744155
0.683312564728   -0.683027928719   0.257986089789
-0.727338406779   -0.667640754379   0.15885428113
-0.898513808557   0.421849350377   0.121307219506
-0.438864757375   -0.858094014241   -0.266592912025
-0.00836902937201   -0.292774967499   0.956144739793
0.482452669581   -0.871354341234   0.0893365990184
-0.548132002081   -0.220779923704   0.806726422112
-0.683220845852   -0.438175562818   -0.584133062314
-0.592994846353   -0.179080099032   -0.785040897551
-0.44374892132   -0.740861532411   0.504195428768
-0.671897155466   0.647345698753   0.359858964416
-0.342996887603   -0.894304033179   -0.287355807782
0.938142243963   -0.341559251489   -0.0568008522877
-0.0473518121842   -0.289063147027   0.956138222535
0.647709653519   0.356422202675   -0.673376121265
-0.544162882479   -0.402182100685   -0.736299019156
-0.533253171188   0.84333427638   -0.0665454788228
0.75982499125   -0.573034248728   0.307078711357
-0.496911845583   -0.816462677338   -0.29404813892
0.419218562212   0.070833890673   -0.905116127398
-0.697232168944   -0.384532742606   -0.604978578445
-0.616214119301   -0.109688314056   0.77990179344
-0.366257654783   0.916570356329   -0.160474929946
-0.898130912409   0.178105831752   0.401989134922
0.108128838847   -0.796705733297   0.59458099775
0.426174971238   0.577491750046   0.696326896794
0.57454808056   0.158530715042   0.802971048707
-0.366633740134   -0.827277452882   0.425666150479
0.731761021966   -0.538961949916   -0.4171879534
-0.440043434997   -0.479184856783   0.759436744964
0.421437451471   -0.857000243597   -0.296549707729
0.792939323699   0.189560353678   0.579063255277
0.7833059272   0.135174854065   0.606761555447
0.186160592701   0.880267323209   -0.436432898027
-0.5931071236   0.454815566558   0.664354380835
-0.627815366007   0.524508323515   -0.575099050391
-0.0398860350303   -0.759566187497   -0.649205935495
-0.777339696276   -0.38464303066   0.497787852138
-0.598041745241   -0.360536944392   0.715792770444
-0.516949426653   0.856015623382   -0.00074330254183
-0.612461810054   -0.370473175742   -0.698312445522
0.573700417532   0.516251838918   -0.635886736876
0.0700725458224   -0.80444596966   -0.589878654188
-0.816062339312   0.29385545283   -0.497686131561
0.920018745799   0.379168768397   0.0989792483711
0.365233500472   -0.921212856854   0.13408769265
0.142022310462   -0.0872127528475   -0.986018265904
0.684582444849   0.728288702153   -0.0306990353008
0.303617618464   -0.246602886047   0.920327828494
0.66269390084   -0.639361037645   -0.389941284732
0.226447706079   -0.167690303124   -0.959479760342
0.786675099336   0.612337614927   0.0786443855048
0.574337650127   -0.772607671154   0.270580230804
-0.285590245115   0.259406861712   -0.922575887096
-0.282074722599   0.897272820714   0.339610562434
0.915899578679   0.357224807849   -0.183080244286
-0.169453447989   0.0899819096809   -0.981435359078
0.0234027466064   -0.995197865285   -0.0952830883606
-0.985273778993   -0.0391128036125   0.166507394768
0.557586911777   -0.826602880205   -0.076318503236
0.342963244473   0.145667712142   0.9279855225
-0.755958364224   -0.54360702301   0.364716815681
0.182840105304   0.892284629339   -0.412792465509
0.351779875749   0.332696094987   0.874965264383
0.918052503048   -0.305190817531   -0.253057584656
-0.463628773489   -0.621694683125   0.631303533934
0.164122805903   -0.760436828677   -0.628330819775
0.870696350955   -0.187700920273   0.45459460541
0.188953179367   0.472511119455   -0.860830970358
0.798230297178   0.436673693744   0.414902992051
0.571948520589   -0.765538596112   -0.294661809581
0.245004210284   0.535242822881   -0.808386090683
0.351409372802   0.728075375321   0.588572600145
0.903595265461   -0.428277215701   -0.00970781248843
0.278521201372   0.24793396285   -0.927876429808
0.770633467941   -0.634271040501   0.0618405745914
-0.573192792189   -0.732276552022   -0.367724127115
0.949645496645   0.300318635189   -0.0893429000247
0.246595821463   -0.89227776174   -0.378194542331
-0.193297535585   0.337119160491   -0.921404879945
0.748777603441   0.571953778938   0.33496414993
-0.0174798370895   -0.48814585684   0.872587024673
0.662590795495   -0.659228742616   -0.355515030821
0.609960601163   0.0203416657958   0.79217044107
0.350300853452   -0.903611722027   -0.246523489404
0.71080032579   0.427867661071   -0.558292993824
-0.740242458183   0.533213025894   -0.409542349381
-0.205478378568   0.400569030437   0.892929490684
0.64017161985   0.745136436103   -0.186954443787
-0.765350611683   -0.425630912708   -0.482780122263
0.38696749456   -0.903698199593   0.183263722108
-0.514290266736   -0.0465592078404   0.856351418443
0.0256336887885   -0.97767631292   -0.208547208607
0.913526911739   -0.0618101773474   0.402054822512
-0.405969817341   -0.200819635324   0.891549202877
-0.626460605268   0.566587570309   0.535280893646
-0.634941753746   0.0273760027556   -0.772074817458
-0.452101846137   -0.823546646873   0.342600118356
0.992542169892   -0.121900185212   -0.000621290800876
-0.0152100475649   -0.118784031421   -0.992803623093
0.120949144726   0.985408912289   -0.119752267985
-0.459679989336   -0.887062455884   0.042688339719
-0.86447545456   0.435924285066   -0.250310238645
0.203431274512   -0.15196455662   -0.96722954127
0.101933094263   -0.98642086311   -0.128776967118
-0.0347106948376   0.125845661602   -0.991442393556
0.994185492804   0.10553072016   -0.0214115084102
0.356908234511   -0.320269138025   0.877521609941
-0.855430186199   0.265361732427   0.444772222435
-0.375307464919   -0.909401348437   -0.179258098563
0.417408707061   0.236414181941   -0.877427091365
0.445473316067   0.788349460839   0.424333183221
0.792037556405   -0.567990722008   0.223747719647
-0.441319066868   0.190579493073   0.876879086589
-0.887109707566   -0.239865595543   -0.394335971032
0.13518077681   -0.951915935431   0.274922182928
-0.76949279967   0.630904093356   0.099200411161
-0.620902702241   -0.775391753814   0.115097034504
0.149534380456   0.0269725413672   0.988388562353
-0.601792601602   -0.747550480714   -0.281094095565
0.758252627502   -0.645316985943   0.092837956803
-0.250795862532   -0.157271142049   0.955179156879
0.0387378646809   -0.736405722729   0.675430188983
0.843299873241   -0.338512577056   -0.417438007953
0.536045382827   0.585760854123   0.607897647031
0.991968428224   0.115706802693   0.0510937674838
-0.0764406683173   0.226564884411   0.970991845318
0.100774309685   -0.967098896317   0.23358991774
-0.758341348087   0.120513448574   -0.640620599647
0.00824010007896   0.984455410053   0.175441286447
0.651805450062   0.127765617254   -0.747546284502
0.726518740315   -0.56946117151   -0.384557462579
-0.394820068958   -0.803988316864   0.444656671942
-0.56239450658   -0.171220375239   -0.808947252628
0.0720937580072   0.912164873376   -0.403432294907
0.880943364396   0.131435557702   0.45460243415
0.46769772452   -0.388174996861   -0.794089908995
-0.382465919097   0.85008969633   -0.362033753167
0.917107191962   0.396937499614   -0.0368171677906
0.112406977941   -0.346104917021   -0.931438461636
-0.966746217354   0.246186355485   -0.0692347591098
0.168145293726   0.407911703995   -0.897404606638
-0.192687139409   -0.879204268751   -0.435742008951
0.599846944069   0.726179639023   -0.335926740104
-0.797019680816   0.50541844456   -0.330623385816
-0.0703084009228   0.466063650937   0.881953174373
-0.640353347714   0.195163767001   -0.742871756238
-0.365236271957   0.773462461289   0.518033061095
0.67568469556   0.603048000403   -0.424008356271
-0.803595581632   0.461862161095   -0.375445712271
0.424943342145   0.00348377464531   -0.905226062157
-0.416772473517   -0.886957953789   -0.199083436591
-0.972554971013   -0.132868243944   0.191008224714
0.204258681644   -0.0944016122965   0.974354883417
-0.111429363859   0.986628135427   0.118949538324
-0.585707847844   0.512991346834   0.627523953245
0.679057456968   0.733280487948   0.0343615451358
-0.442523902132   0.446250628819   -0.777838738639
0.927322581319   0.373999596305   -0.0140403334906
-0.367258160644   0.902101686213   -0.226570054486
-0.0720713010912   0.215259954736   0.97389366926
0.998164388699   -0.0524304473169   -0.0303133859719
-0.00732679072314   0.392310601189   -0.919803633301
0.0601179782813   0.918337331208   0.391206324493
-0.85121588545   -0.393628814206   0.347115961432
-0.5177471423   0.521637315999   -0.678109744229
0.0858547068832   -0.756935456433   -0.64782646138
-0.336440092857   -0.781312886363   0.525697736851
-0.421706232911   -0.374137435096   -0.825944854219
0.842004625908   -0.499571038682   -0.20360960903
0.439148822033   0.270855491066   -0.856612859718
0.361748610639   0.819454127956   0.444559183089
0.822366239078   -0.505106154712   0.261880717494
0.173061227374   -0.405039092904   0.897771221562
-0.952861568338   -0.299494076515   0.0485609251327
0.249208074971   -0.86385569691   -0.437777006714
0.0506194048215   -0.599438379457   -0.798818701894
0.998039652655   0.059836843577   0.0183416780799
0.036804089307   -0.798181179094   0.601292166904
-0.99663275236   0.0212719820935   -0.0795721640338
0.0788386658329   -0.0333609133303   -0.996344880504
-0.0238472489168   -0.999232785148   0.0315399968531
-0.591065440217   -0.133941509727   0.795425343861
0.318307838437   0.867358372334   0.382582784891
-0.741162550102   0.479321540594   -0.470030938511
-0.818363497981   0.566860699428   0.0946078296175
-0.00540831977751   -0.172209988617   0.985045581636
0.574675946998   0.805613427934   0.14399583396
-0.934809171318   -0.0115253959307   0.354961645436
0.260924574315   0.655756505639   0.708450108879
-0.240933540631   0.754884332531   -0.609999727606
-0.576715718836   0.166261702844   -0.79984673516
0.536749914357   -0.660978232842   -0.524410157752
-0.615871157805   -0.731753736091   0.291956565467
0.300093624896   -0.0973363277783   0.948930704568
0.740118974699   -0.603829783483   -0.295995872519
0.601803743813   0.791148085096   -0.109165028026
-0.241671888756   -0.823126386032   -0.513865411628
-0.237311299071   0.56361769813   -0.791213271732
0.940892159593   -0.0692679337813   -0.331547747072
0.952979668045   -0.141993451195   0.267708071501
-0.199787947612   0.369836142709   0.907362108518
-0.227847597569   -0.918182487201   0.324077744329
0.999100015981   -0.0275255800951   0.032272287037
0.0294508761   0.997716347653   -0.060784336246
-0.0305254642407   0.06168007844   0.997629071332
0.888174710824   -0.40099897002   -0.224378039295
-0.22968899225   -0.810357569573   0.539039425438
-0.397980709726   -0.427224017794   -0.811844147079
0.853180820446   -0.52129852508   0.0181750899851
0.520878138795   0.853309547152   0.0234260493746
-0.02772094284   -0.0105196489165   0.999560346508
