-0.16324012094   -0.851847470988   0.497703249503
0.702010570775   0.254164868656   0.665267887651
-0.693205450725   0.457991364537   0.556516040871
0.785935779921   0.223504362436   -0.576498696548
0.256411013932   0.730613792051   0.632816620683
0.562635174054   -0.645173839713   0.516906540288
0.951411577332   -0.169148759389   0.257302757013
0.0632193000669   0.92511040644   0.374398260702
-0.301362458957   -0.339940339934   0.890854217018
-0.604602447304   0.742587486224   -0.288130293137
0.311570266204   -0.11242913035   -0.943548205465
-0.733061532027   -0.660244706244   -0.163392943474
0.567391455837   -0.711079821225   0.415249824445
0.550884797935   0.702599950291   0.450421185615
-0.612039923746   -0.0268103131925   0.790372276501
0.224233307739   -0.949439312275   -0.219736812921
-0.80636116391   -0.0541382974811   -0.588940162957
0.547266797809   0.309247206151   -0.777730593415
0.947287970898   -0.200230795907   0.250106265057
-0.11199269073   -0.938348305178   -0.327048400875
0.300171871889   0.281798949008   -0.911310459152
-0.996676912533   0.0684312105265   0.04421518448
-0.0744586914691   -0.544774153586   -0.835271871389
-0.033071383059   -0.835787272753   0.548057045558
-0.989502776909   0.053727905376   -0.134136750113
0.0464615925384   0.997308016173   0.0567277239669
0.136823521245   0.0499001646448   -0.989335331965
-0.876673338328   -0.240579926302   -0.416609526087
-0.479074248006   0.357493249683   0.801676913168
-0.0439324830063   0.902396424676   -0.428659965689
0.884020036357   0.0323210913367   -0.466330276085
-0.462221771883   0.209214391862   -0.861731048086
0.0697109240762   0.977335516951   0.199889224559
0.212165507943   0.672853507086   0.708698750149
-0.360132716612   0.728002502987   -0.583366753743
-0.908454834808   -0.131455319211   0.396773592876
-0.471435962296   0.7833427267   0.405110552186
0.845196671955   0.270194556861   0.46112215848
0.25175975191   0.559790346337   -0.789457012593
-0.835729979066   0.539617059776   0.101828046479
-0.519539000443   -0.837026495329   0.171656614733
0.177861601451   0.0905549289709   0.979880123732
0.0116289850918   0.562006830454   -0.827050818188
0.492983340502   0.716376949967   0.49373219661
0.869961010235   -0.413463878114   -0.268729267736
0.719488195793   -0.689826418931   0.0804751312962
0.686180720752   0.688189936727   -0.235691807729
0.107204260551   0.22479795708   0.968490126376
-0.18482319141   -0.927845727843   0.323948237233
-0.957725536269   0.243989844733   0.152415892476
-0.220458504625   -0.282083520299   -0.933716528349
0.0888731612477   0.920722895893   0.379966350008
0.867373520168   -0.259079120967   0.42490710236
0.489661367346   0.291808529867   -0.821636512542
0.933522981158   0.0125108854507   -0.358299284589
-0.0347874155606   -0.991515066061   -0.125257276803
-0.356825917375   0.12939485082   -0.925166934849
0.814653823313   0.138818765487   0.563088361521
-0.566882377063   -0.0143241681917   0.823674215148
0.122407202025   -0.990214215447   0.0670246702324
0.19556660356   -0.683173308121   -0.703582228487
0.979677191033   0.103491416289   0.171820102834
-0.0445681785691   -0.722885729171   0.68952875706
-0.484086208232   0.370998186584   -0.792477639958
-0.838344293122   0.0628136769732   0.541510146225
0.250677702382   0.926506739224   0.280617022905
-0.264616455827   0.881075871199   0.39202477346
-0.169011893661   -0.442595194934   0.88065001747
0.949427771669   0.166777644366   0.266030286945
0.158598220155   0.74465788544   -0.648331976909
0.634331952937   -0.580047910648   -0.511051115512
-0.756619251747   -0.330204334973   -0.564356443045
-0.169893851218   0.433528156177   -0.88497989164
-0.916095702752   -0.400445441462   -0.0203002862272
-0.363186913592   0.807277384809   0.465186506554
0.945542548911   0.173966902222   0.27510871625
0.00637779841855   0.8351276979   -0.550019139469
-0.325436034441   0.521821087181   0.788539246259
-0.08624465396   -0.847914191548   -0.523071110981
-0.0182152359082   0.526281633728   -0.85011519737
0.996107458336   -0.0637900257799   -0.0608339352674
0.929046173335   -0.102991734726   0.355339147394
-0.0943464013761   0.862759255737   0.496734558689
-0.35773169225   -0.49501431073   0.791826285509
-0.956659330817   -0.259273496168   -0.13259217251
0.247197809918   -0.963698462181   0.1008911485
-0.153937236554   0.0637419426961   0.986022461992
0.197320017588   -0.135515574635   0.970927658645
0.273678745806   -0.94340940925   -0.187294055227
0.941363337603   0.302679117318   -0.149066006426
-0.329257795054   -0.247109450061   0.911332170482
0.855877496641   -0.485762378366   0.177507000569
0.398827175612   0.838434221748   0.371436384178
0.632155879694   0.506289065896   -0.586557875572
0.188314960419   -0.834694475446   -0.517514917633
-0.75160909742   0.2166923996   -0.62299868076
-0.334241107591   0.106557116769   0.936444608175
0.808267296217   0.543444835999   0.226653264328
-0.484754475153   0.832654373213   -0.26776824466
0.745124701398   -0.309186719327   -0.590925329432
0.491803772778   -0.343730903347   0.799986298818
-0.450464450821   -0.886708859664   -0.104063184875
-0.991704852924   -0.0502146848203   0.118702715602
-0.100744637913   -0.272467354242   -0.956906364928
0.0803888499403   -0.960883842479   0.265090960301
0.72785329546   0.615397232047   0.302515915976
0.263370084039   -0.658196169971   0.705276059134
0.633139661894   -0.433663887756   -0.641147499904
-0.516232237   0.391257820915   0.761854142899
-0.844656737257   -0.0854818780988   -0.528439159174
-0.141631259565   -0.916302497167   0.374606964355
0.383242565181   0.86531950626   -0.323028292886
-0.4449547967   -0.133511885816   -0.885544909241
-0.80940740966   0.483111487625   0.333860636451
0.728751195779   0.660639413872   0.180215287203
0.569787630119   -0.730973644564   0.375528214327
0.379821065063   -0.17098230327   -0.909122133364
0.606628610436   -0.792013902115   0.0686699111955
-0.747909385609   -0.53928999403   0.387036512212
-0.269505340885   -0.286146273299   -0.919503368097
0.475112630975   -0.844372476109   0.247594710508
-0.807174528606   -0.306190925456   0.50469443742
-0.350338835201   -0.439638847674   -0.827031131665
0.631452517361   -0.708420818066   -0.315289828917
0.0298756069039   -0.384079205136   0.922816700381
-0.774838808914   -0.592134409505   -0.221363288702
-0.166532486109   -0.582971406729   -0.795242885596
0.338701295106   0.723611594145   -0.601388134305
0.926039060109   -0.369500465934   0.076948337825
0.893947765855   0.440660618231   0.0817043900913
0.316122286007   -0.490761027603   -0.811923799634
-0.317685517626   0.751646044135   -0.578017365819
-0.22681639333   0.801183443629   0.553768509371
0.633569520079   0.553211514789   -0.540875898196
-0.739691919344   0.228171347188   -0.633082852863
0.106518507035   -0.0508201940107   0.993011145907
0.879974950279   -0.460145267653   -0.117942582654
0.462923227864   0.886387992813   -0.0042935046021
0.0192717272631   -0.709931083748   -0.704007443477
0.969624749592   0.184997761854   -0.160011539309
0.243836972426   -0.67953933224   0.691931957807
0.107331000451   -0.50705513043   -0.855204763177
0.988954338603   -0.0339910245284   0.144270468248
-0.102222347918   -0.861243140208   0.497806051827
-0.378104364504   0.337142189161   0.862190328469
0.547216107266   0.83260296931   -0.08559683862
-0.746720530163   0.439439906153   -0.499300451748
-0.104546771074   -0.994496819566   -0.0068786749295
-0.959035751412   0.0989818660191   0.26543182132
-0.263290083004   0.0343467630181   -0.964106262907
0.46497904697   0.137463494789   -0.874584620365
-0.249099076141   0.968276518453   0.0197543202992
0.849555248848   0.20867287918   0.484470323041
-0.805303350864   -0.412548083906   -0.425767131127
-0.328867841606   -0.28667564166   0.899807643609
-0.493274278916   0.864645552353   0.0951948964796
-0.711998148915   -0.132884826375   -0.689498768876
-0.31372181685   -0.818283903949   0.481662623079
-0.628208206723   0.559251181276   0.540920316834
0.063817822974   -0.295838822602   -0.95310375757
0.683322112085   -0.683095058137   0.257783253146
-0.727322674463   -0.667728017615   0.158559478276
-0.898507039181   0.42188246155   0.121243260778
-0.438877035138   -0.858065321278   -0.266665519411
-0.008466857508   -0.292811782295   0.956132608028
0.482478437853   -0.871349942831   0.0892403427603
-0.548160922675   -0.220907997363   0.806671724125
-0.683179452634   -0.438119783596   -0.584223334803
-0.592922133475   -0.178969968758   -0.785119373759
-0.443874393307   -0.740853842596   0.504093624688
-0.671876628359   0.647382892705   0.359829015091
-0.34303515639   -0.894308796673   -0.287295342369
0.938135155887   -0.341557310631   -0.0569296843836
-0.0472151124307   -0.289050749643   0.956148731032
0.64769359166   0.356481553341   -0.673360181769
-0.544161616539   -0.402147091191   -0.736319180434
-0.533274007757   0.843325976427   -0.0664845359827
0.759761117759   -0.573000863135   0.307298456709
-0.496780618966   -0.816481331958   -0.294213966151
0.419489388744   0.0708720826904   -0.904986267598
-0.697217360894   -0.384820150165   -0.604816269605
-0.616174595384   -0.109474840014   0.779964735014
-0.366357934205   0.916476716501   -0.160789279527
-0.898230952482   0.178056345033   0.401983263925
0.108164221691   -0.796779633175   0.594600794148
0.426139774755   0.577534017395   0.69633145865
0.57458245281   0.158656623284   0.80292154259
-0.366512495955   -0.827286412191   0.425752804667
0.731794723933   -0.538910879701   -0.41719454503
-0.440082142728   -0.47925765213   0.759368100362
0.421491703425   -0.856962166306   -0.296581725862
0.792888739305   0.189547036502   0.57913676938
0.783093133255   0.135137097051   0.607044574007
0.186335579565   0.880277619929   -0.436337445677
-0.593333128706   0.45480685979   0.664158510215
-0.627911347422   0.524478037343   -0.57502140085
-0.0400021258142   -0.759603659136   -0.64915449045
-0.777255847852   -0.384609556416   0.497944451464
-0.59807032429   -0.360423836259   0.715825918414
-0.516975495366   0.855999703451   -0.000928927390024
-0.612411972783   -0.370619999422   -0.698278314267
0.573731370186   0.51649749668   -0.635659256822
0.070273596958   -0.80427998296   -0.590080926543
-0.81602326954   0.293877889985   -0.497736827927
0.919934109644   0.37940876043   0.0988458367387
0.365501625897   -0.92112183424   0.133976411485
0.141880472223   -0.0871212366584   -0.986045939089
0.684462413232   0.728391547308   -0.0309351806353
0.303685475692   -0.246280798189   0.920391767576
0.662786815985   -0.639368147299   -0.389771890279
0.22651893357   -0.167795248082   -0.959444580838
0.786623008797   0.612408417338   0.0786139968513
0.574380876258   -0.772528752339   0.270713711144
-0.28538167547   0.259222866404   -0.922692152318
-0.282279519927   0.897290579659   0.339393412624
0.915901509468   0.357313757692   -0.182896982972
-0.169484885677   0.0900482568547   -0.981403384792
0.0238693166181   -0.995138157252   -0.0954313055209
-0.985236797916   -0.0396003760925   0.166525022327
0.5576225478   -0.826545120189   -0.0766828418185
0.343250750592   0.145484788963   0.92790791457
-0.755801571946   -0.543743818351   0.364837831775
0.182797507768   0.892353905883   -0.412661627971
0.351603700366   0.332637815381   0.875058258328
0.918128504314   -0.305051838603   -0.25294957757
-0.463673744417   -0.621603754461   0.631359864758
0.163861724436   -0.760461159339   -0.628369299981
0.870721448944   -0.187902672502   0.454463075762
0.188974936113   0.472610576723   -0.860771582033
0.798101021622   0.436784702002   0.41503479792
0.572121694181   -0.765413853394   -0.294649622963
0.244845657936   0.535277061973   -0.808411464289
0.351363205228   0.728127027788   0.588536267679
0.903656199381   -0.428146595557   -0.00979792328432
0.278444553909   0.247974890232   -0.927888479186
0.770640167355   -0.634271670786   0.0617499544024
-0.573220994426   -0.732262096673   -0.367708866084
0.949637187737   0.300391170839   -0.0891874444929
0.246746319989   -0.892295336272   -0.378056799477
-0.193146341785   0.337010140116   -0.921477259004
0.748721504098   0.572106603841   0.334828537719
-0.0172368750619   -0.488134763817   0.872598063919
0.662660551088   -0.659104335335   -0.355615669501
0.609934342872   0.0203122179718   0.79219135463
0.350511834002   -0.903480180893   -0.246704716367
0.710718778965   0.428146209436   -0.558182915536
-0.740273239113   0.533242862216   -0.40944803976
-0.205427412399   0.400485391928   0.892978761796
0.640152501832   0.745160077218   -0.186925955328
-0.765426439379   -0.42533699173   -0.482919390557
0.38674324256   -0.903832881524   0.183074140087
-0.514346535562   -0.0466360365005   0.856313463741
0.0256083584236   -0.977613863847   -0.208842884385
0.913433137038   -0.0620010810709   0.402238456315
-0.406182374441   -0.201064678126   0.891397147448
-0.626400811809   0.566634771809   0.535300973344
-0.63500035049   0.0273583978771   -0.772027277388
-0.452102479052   -0.823514782824   0.342675912051
0.992549360997   -0.121841060185   -0.000722280347477
-0.0152871433657   -0.118647586552   -0.992818715208
0.120880390815   0.985432622797   -0.11962618782
-0.459492016477   -0.887152479001   0.0427434936242
-0.864592478582   0.435752992378   -0.250197840298
0.203338076182   -0.151919690336   -0.967250371025
0.101980580457   -0.986440932666   -0.12858562806
-0.0344686194407   0.125678003062   -0.991472122435
0.99418906233   0.10554307961   -0.0211845481699
0.357058167237   -0.32042467593   0.87740385888
-0.855426698912   0.265107141766   0.444930793618
-0.375172849913   -0.90942084613   -0.179441158686
0.417674089621   0.236235801149   -0.877348837686
0.445526141692   0.788305777802   0.424358870725
0.791867914366   -0.568125549813   0.224005673351
-0.441337213112   0.190489775503   0.876889468055
-0.88708486501   -0.239942820732   -0.394344912953
0.135284648162   -0.951914446539   0.274876272622
-0.769459176974   0.630960828414   0.099100546418
-0.620921486268   -0.775336336071   0.11536890345
0.149629519759   0.0272380065385   0.988366883919
-0.601884655412   -0.747501761902   -0.281026791587
0.758133499633   -0.645426882446   0.0930473985848
-0.250935327067   -0.157052021963   0.955178583442
0.038725715632   -0.736348806235   0.675493001937
0.843208254961   -0.338656156544   -0.417506770868
0.536190450191   0.585749520283   0.607780649089
0.991980376786   0.115560061889   0.0511937924197
-0.0765031356044   0.226557671875   0.970988626258
0.100609157281   -0.967118149026   0.233581471594
-0.758333150459   0.120446793371   -0.640642632904
0.00794860870462   0.984416891336   0.175670714551
0.651818404732   0.128124745065   -0.747473343846
0.726452103302   -0.569514210052   -0.384604766302
-0.394625032968   -0.803890920137   0.445005556164
-0.562617405586   -0.171500513734   -0.808732774436
0.0719588126267   0.912087019321   -0.403632640815
0.880895968315   0.131688785596   0.454621226868
0.467808008217   -0.388272373596   -0.793977609566
-0.382286851763   0.85008209575   -0.36223880347
0.917156215795   0.396840511026   -0.0366330278445
0.112609928883   -0.346233928703   -0.931364982917
-0.966783424763   0.24604387368   -0.0691245882635
0.168005240811   0.408040304277   -0.897370119569
-0.192587734652   -0.879182179448   -0.435819262701
0.599924976621   0.726112182219   -0.335933210749
-0.796950046938   0.505399643887   -0.330819926338
-0.0704318531338   0.466189124509   0.881877006445
-0.640276636947   0.195312183049   -0.742898921284
-0.365257803652   0.773387515533   0.518129775168
0.675745804992   0.603096077086   -0.423842635254
-0.79482863202   0.46306076069   -0.392745898417
0.448554390861   0.0116064356025   -0.893811771789
-0.40923534458   -0.886383244911   -0.217119428334
-0.972557453373   -0.132815231639   0.191028584098
0.204268063349   -0.0943603330232   0.974356494365
-0.111383858765   0.986638806282   0.118900862927
-0.585860919369   0.512865497186   0.627484030425
0.678869022443   0.733455138508   0.0343576932844
-0.442610525191   0.446108263224   -0.777871206203
0.927319422642   0.374005949966   -0.0140796693218
-0.367287241944   0.902138889126   -0.226374701982
-0.0719636686322   0.215092940802   0.97393852833
0.998164705823   -0.0523763142407   -0.0303964093391
-0.0074230746247   0.392333102083   -0.919793246593
0.0601008981403   0.918330790196   0.391224262147
-0.851149987897   -0.393654426096   0.347249695567
-0.517860611437   0.521544381865   -0.67809474318
0.0858285813602   -0.756986318516   -0.64777106918
-0.336481524807   -0.781139676541   0.525928472747
-0.421497796744   -0.374494395489   -0.825889410135
0.842092370262   -0.499574334976   -0.203238077227
0.439088668118   0.270580914939   -0.85673048199
0.361964878762   0.819482897709   0.444330068448
0.822303214661   -0.505206642529   0.261884866003
0.173265020198   -0.405003849092   0.897747766634
-0.952803793969   -0.299653913471   0.0487069203129
0.249287184735   -0.863816714419   -0.437808719328
0.050654978344   -0.599451847961   -0.798806299497
0.998041204521   0.0597849922616   0.018424392505
0.0367120718172   -0.798174909489   0.601306091949
-0.997733113283   0.0358217388263   -0.0598294304074
0.0596676573029   -0.00565306911423   -0.998286537053
-0.0360905581476   -0.999426356675   0.00333504184655
-0.59123649935   -0.133984625162   0.795290885228
0.318127930342   0.867400742362   0.382636352069
-0.741103293639   0.479232801682   -0.470214732532
-0.818296106802   0.566968745164   0.0945414437033
-0.00551460675565   -0.172214255767   0.985044132515
0.574770590482   0.805536340519   0.144048770214
-0.934860506394   -0.0115312549134   0.354827393299
0.260812142227   0.655778685017   0.708471082193
-0.240857790703   0.754865072709   -0.610054035749
-0.576712321615   0.166337911248   -0.799832151532
0.536802444816   -0.660866298006   -0.524495545988
-0.615827010274   -0.731836144094   0.291841647604
0.300086060026   -0.0972836820016   0.948938484738
0.740226620661   -0.603707734582   -0.295975564989
0.601675088952   0.791247666804   -0.109152309444
-0.241660715139   -0.823179152809   -0.513786191499
-0.23738090416   0.563542856553   -0.79124571378
0.940877502406   -0.0692499502998   -0.331593190995
0.953004555257   -0.14218231004   0.267519172431
-0.199553822095   0.369799068288   0.907428736097
-0.227948654293   -0.9181681925   0.324047173216
0.99909326114   -0.0277262967802   0.0323095654695
0.0296648643188   0.99768755936   -0.0611516945639
-0.0305393414945   0.0620547048172   0.997605414107
0.888190938867   -0.400859046281   -0.224563823514
-0.229294720591   -0.810228852728   0.539401166306
-0.398171843462   -0.42759994401   -0.811552803091
0.853095316027   -0.52143687302   0.0182200249381
0.52101522392   0.853225050843   0.0234552582052
-0.027776218196   -0.0105166605416   0.999558843467
