-0.163444512936   -0.85182201119   0.497679818523
0.70197118072   0.254044447796   0.665355477625
-0.693197231638   0.458105567986   0.556432300854
0.785988271766   0.223490000283   -0.576432699853
0.256476194179   0.730488705996   0.632934604474
0.562532131976   -0.64532044094   0.51683569086
0.951436120324   -0.168979553866   0.257323180174
0.0630171314003   0.925088226368   0.374487134864
-0.301327313448   -0.340084817956   0.890810959841
-0.604544489167   0.742709906512   -0.287937391481
0.311074228698   -0.112647331788   -0.943686067075
-0.733320373974   -0.660070120305   -0.162937580896
0.567152502392   -0.711331650293   0.415144941925
0.551055863821   0.702345548895   0.450608660845
-0.612107404352   -0.0267957752513   0.790320512324
0.224248029261   -0.949455450578   -0.219652257836
-0.806247483297   -0.0541395930727   -0.589095770025
0.547428317392   0.309197635746   -0.777636762752
0.947285069421   -0.200185489256   0.250153386344
-0.111898500818   -0.938321414477   -0.327154082688
0.300216042747   0.281916367379   -0.911258284215
-0.996693315752   0.06843792406   0.04408468335
-0.074356148568   -0.544861789748   -0.835234075851
-0.0331416946736   -0.835739821262   0.548129716321
-0.989516457432   0.0534262001848   -0.13413319027
0.0461684778666   0.997326063276   0.056649626938
0.136801108364   0.0498633103048   -0.989337151412
-0.876536840658   -0.24079881833   -0.416774333145
-0.479313092689   0.357350209576   0.801598643815
-0.044089396175   0.902395343339   -0.428649158166
0.883991660102   0.0322505609582   -0.46638894166
-0.462259791653   0.209285909746   -0.861693265749
0.0698185405585   0.97732251613   0.199915136972
0.212296881358   0.672750752391   0.708756981313
-0.36003096777   0.728117442894   -0.583286114472
-0.908464493335   -0.1313446392   0.396788167061
-0.471683821635   0.783186366239   0.405138892056
0.845046331563   0.270280794358   0.461353432617
0.251823556544   0.55997268506   -0.789316408458
-0.835660078926   0.539795414818   0.101454540971
-0.519798143493   -0.836917408566   0.171403099247
0.177431687596   0.0904988538707   0.979963240325
0.011703267705   0.561690263357   -0.827264829043
0.492817036714   0.716623839672   0.493539912537
0.870054261323   -0.413466231986   -0.268423690525
0.719277766586   -0.689997916684   0.0808849003383
0.686443144813   0.687951034592   -0.235625084226
0.106935967154   0.225002769645   0.968472225888
-0.184550922428   -0.927899255222   0.323949887111
-0.957696332401   0.243837953129   0.152841526709
-0.220812798784   -0.282038595833   -0.933646231544
0.0886226011939   0.920742698354   0.379985298419
0.867348917169   -0.258916585101   0.425066754198
0.489756877923   0.291905418015   -0.821552939532
0.933594420954   0.0127136668866   -0.358106177886
-0.0345921955327   -0.991508269547   -0.125384103292
-0.356658172448   0.129445571667   -0.925227009729
0.814655538177   0.138897641719   0.563066422537
-0.566867456614   -0.0143090964908   0.82368472104
0.122464842692   -0.990203351927   0.0670795703863
0.195358164839   -0.683302117347   -0.703515049697
0.979719566346   0.103384890818   0.17164253375
-0.0445508702403   -0.722779222517   0.689641518232
-0.483914327576   0.371136318029   -0.792517975659
-0.838328977048   0.0632097077386   0.541487810993
0.251060619264   0.926424501323   0.280546255371
-0.264388762413   0.88120240114   0.391894017597
-0.16903756418   -0.442405266365   0.880740537365
0.949486647983   0.166613086183   0.265923280112
0.158372512927   0.744610314212   -0.648439513917
0.634371583305   -0.579985668863   -0.511067166607
-0.756631361718   -0.330412521641   -0.564213501507
-0.169518008078   0.433516190978   -0.885057814645
-0.916104687718   -0.400406402566   -0.0206612628281
-0.36333981924   0.807303164121   0.465022329536
0.945556466385   0.173772319955   0.275183848252
0.00656376293832   0.835173831135   -0.549946898121
-0.325391896853   0.521812087398   0.788563416226
-0.0863549506251   -0.847988290944   -0.522932775327
-0.0181362407741   0.526144624495   -0.850201690047
0.996099345377   -0.0639350874716   -0.0608145144023
0.92911251783   -0.103023553257   0.355156409558
-0.094215543931   0.862767478527   0.496745112202
-0.357593846504   -0.494993356207   0.791901644169
-0.956643287322   -0.259221021872   -0.132802801674
0.247115637321   -0.963708045817   0.100990892169
-0.154162200635   0.0637946732014   0.985983896842
0.19718089992   -0.13535394837   0.970978499156
0.273904312953   -0.943376732849   -0.187129257511
0.941326916915   0.302853496482   -0.148942086092
-0.329275163038   -0.247119603601   0.911323109595
0.85596947566   -0.485563729016   0.17760677985
0.398615309922   0.838546249784   0.37141087938
0.632099903371   0.506464256921   -0.586467092716
0.188368185439   -0.834569940696   -0.51769716257
-0.751642947876   0.216764577089   -0.622933317931
-0.334343358952   0.106650550709   0.936397432016
0.808206979976   0.543528501229   0.226667678339
-0.484784455373   0.832587784512   -0.267920858866
0.74496529622   -0.309436436389   -0.590995596645
0.491783950831   -0.343856469074   0.799944531359
-0.450749652383   -0.886573064886   -0.103985259232
-0.991603112568   -0.0498666458503   0.118835610449
-0.100969980724   -0.272348736774   -0.956847930929
0.080085252523   -0.960867429754   0.265099635995
0.727656682196   0.615508077464   0.302763257376
0.263510642371   -0.658347618135   0.70508208124
0.63330713307   -0.433276362735   -0.641243988673
-0.516318172061   0.391246509054   0.76180164868
-0.844590652487   -0.0854325718947   -0.528552676932
-0.141711723265   -0.916311885611   0.374553509231
0.383179580206   0.86531304882   -0.323120338326
-0.44490364625   -0.133663211009   -0.885547808604
-0.809465361243   0.483081259532   0.333763903259
0.728766324817   0.660602903708   0.180287390396
0.569664514406   -0.730979171353   0.375702545756
0.379976421044   -0.171096070892   -0.909035053021
0.606555462646   -0.792101263451   0.0683085335483
-0.747925161766   -0.539361647739   0.38690690349
-0.269626444758   -0.285770166412   -0.919585219322
0.475199422926   -0.844395651777   0.24734892891
-0.807100310285   -0.306367146092   0.504706115701
-0.350392063994   -0.439471452257   -0.827097483582
0.631353832684   -0.708439162633   -0.315446192441
0.0299492751451   -0.384189865711   0.92276823946
-0.774916375098   -0.592040653744   -0.221342511654
-0.16656949588   -0.583117234663   -0.795128242154
0.338600140854   0.723530495107   -0.601542661704
0.926069422584   -0.369429181136   0.076925461774
0.893941234567   0.44065673546   0.0817967867801
0.316172166625   -0.490686959432   -0.811949210718
-0.317654267853   0.751696748182   -0.577968701415
-0.22686739695   0.801209142416   0.55371027781
0.633603384703   0.553191322946   -0.540856822917
-0.739647154079   0.228129923752   -0.633149899569
0.106343389428   -0.0506784772466   0.993037171037
0.879981733303   -0.46018892744   -0.117721611774
0.462950623901   0.886373465741   -0.00434195200726
0.0188926008701   -0.710126075004   -0.703821015935
0.969615724827   0.184738107716   -0.16036574999
0.243902462144   -0.679406200444   0.692039595879
0.107048266126   -0.507042584864   -0.855247600049
0.988996448072   -0.0340395114452   0.143969803777
-0.102111047179   -0.861248567972   0.497819467481
-0.378075695639   0.337078111164   0.862227952113
0.547404574148   0.832496698129   -0.0854252352651
-0.746596897015   0.4396903292   -0.499264866916
-0.104429278216   -0.99450738471   -0.00695582490235
-0.958987248354   0.0988424642038   0.265655119044
-0.263508594239   0.0344128832944   -0.964041924878
0.464957377952   0.13699371375   -0.87466985104
-0.249176300989   0.968267876138   0.0191961044604
0.849544464375   0.209021629968   0.484338880209
-0.805221905022   -0.412721279523   -0.425770208264
-0.328687730691   -0.286964335229   0.899787126719
-0.49354179206   0.864473043619   0.0954126747106
-0.712026265302   -0.132819699107   -0.689487309303
-0.313698442636   -0.818339309833   0.481591352836
-0.6281935285   0.559192159788   0.541000093308
0.0638954559062   -0.295485757424   -0.953208091626
0.683331347869   -0.683162795262   0.257579297424
-0.727307203183   -0.667815088629   0.158263561044
-0.898500506614   0.421916065983   0.121178480777
-0.438889534898   -0.858036915492   -0.266738012633
-0.0085654594198   -0.2928481253   0.956120610151
0.482505116102   -0.871345085213   0.0891435917567
-0.548189682075   -0.221037155019   0.806616827539
-0.683137548332   -0.438064351984   -0.584313947042
-0.592848526375   -0.178859114263   -0.785198567179
-0.444000392768   -0.740846471065   0.503990677735
-0.671856401232   0.647419778248   0.359798971313
-0.343073692889   -0.894313311249   -0.287235354312
0.938127959102   -0.341555613409   -0.0570587547153
-0.0470784429982   -0.289038873616   0.956159061007
0.647677331124   0.356541617918   -0.673344004181
-0.544160471153   -0.402111274133   -0.736339526975
-0.533294904259   0.843317610419   -0.0664225006146
0.759696729715   -0.572968416817   0.307518717287
-0.496650301821   -0.816502671553   -0.29437988439
0.4197607007   0.0709100272375   -0.904859248296
-0.697199096528   -0.385107263725   -0.60465352346
-0.616134628456   -0.1092602291   0.780025875553
-0.366458193555   0.916381275639   -0.161101820896
-0.898160369204   0.177994991242   0.401940533836
0.10818665713   -0.796691689389   0.59456889859
0.426068136413   0.577524294765   0.696362339543
0.574616391799   0.158783648669   0.802872187346
-0.36639034325   -0.827295912243   0.425839834077
0.731829292029   -0.538859166043   -0.417200990636
-0.44012169526   -0.479330379099   0.759299234533
0.421545457511   -0.856924563665   -0.296613855771
0.792838172102   0.1895329519   0.579210589162
0.782879835132   0.135098664837   0.607328176537
0.186511560159   0.880287825589   -0.436241655255
-0.593559265098   0.454798520898   0.663962125012
-0.628008991472   0.524447902972   -0.57494328487
-0.0401187502498   -0.759642029307   -0.649103385492
-0.777171711803   -0.384576541467   0.498101619024
-0.598098012573   -0.360311241555   0.715859281952
-0.51700171988   0.855983630472   -0.00111361880024
-0.612362575595   -0.370766540716   -0.698243638864
0.573762058181   0.51674350754   -0.635431632983
0.070475150203   -0.804114037931   -0.590283272726
-0.815984354007   0.293900044696   -0.497787798134
0.919849095494   0.379649516778   0.0987110591135
0.365770605044   -0.921027533655   0.133865012018
0.141737409552   -0.0870300026852   -0.986070976014
0.684341197119   0.72849530417   -0.0311724770477
0.303754036012   -0.245957009234   0.920455679167
0.662880545143   -0.639374509584   -0.389601904522
0.226589349649   -0.167901192798   -0.959409423736
0.786571185098   0.612479037735   0.0785823913417
0.574424079987   -0.772449746529   0.270847470865
-0.285172704762   0.259038240119   -0.922808632328
-0.28248476942   0.897308367019   0.339175550093
0.915903344677   0.35740297829   -0.182713500751
-0.169550234728   0.0901154697053   -0.98139943416
0.0243379704766   -0.995135181083   -0.0955808073306
-0.985227542471   -0.0400902688527   0.166519290195
0.557657785483   -0.826487428752   -0.0770476172235
0.343537741097   0.145300889332   0.927830530372
-0.755645171788   -0.543880687985   0.364957788325
0.18275409665   0.892422832757   -0.41253175212
0.351428367406   0.332580436043   0.875150485047
0.918204259147   -0.304912703029   -0.252842264663
-0.463719671785   -0.621512471903   0.631415972306
0.163599909079   -0.760485581248   -0.628407932904
0.87074620445   -0.188105575827   0.454331675638
0.188995220375   0.472709235874   -0.860712962115
0.797971842018   0.436896823823   0.415165168684
0.57229517225   -0.765288936455   -0.294637249079
0.244686672616   0.535310576053   -0.808437411796
0.35131795177   0.728178892971   0.588499113992
0.903716857423   -0.428016468808   -0.00988854508529
0.278367161384   0.248016309391   -0.927900662896
0.770646822105   -0.634272605691   0.0616583480726
-0.573249688622   -0.732247353416   -0.367693649878
0.94962864174   0.300464474537   -0.0890310958645
0.246897586562   -0.892310474768   -0.377919782243
-0.192994865837   0.336901884236   -0.921547536454
0.748665253485   0.572260134513   0.334691929564
-0.0169925981814   -0.488123331312   0.872609265606
0.662730413423   -0.658979527195   -0.355716799478
0.609907181384   0.0202846213162   0.792213203397
0.350724566999   -0.903349431011   -0.246884712286
0.710637392487   0.428425392799   -0.558073615967
-0.740303787966   0.533272459144   -0.409354168886
-0.205376149183   0.40040284136   0.89302755787
0.640133570915   0.745183243295   -0.186898312525
-0.765502248112   -0.425041546548   -0.483058476395
0.386517266309   -0.903967442647   0.182884460852
-0.514402770943   -0.0467119565454   0.856275505687
0.0255828948246   -0.977551027248   -0.209139975172
0.91333933263   -0.0621927970872   0.402421851138
-0.406394886237   -0.201310883781   0.89124470672
-0.626340887112   0.566681793415   0.535321359872
-0.635059007919   0.0273412313928   -0.771979653494
-0.452103162767   -0.823483013765   0.342751374657
0.992556466675   -0.121782526045   -0.000822759799853
-0.015363888486   -0.118511782701   -0.992833785971
0.120812298687   0.985456235449   -0.119500689499
-0.459304037026   -0.887243820959   0.042798495447
-0.864710523421   0.435579928128   -0.250086636508
0.203246204709   -0.15187500533   -0.967272562682
0.10202889329   -0.986460923411   -0.128393816646
-0.0342258952628   0.125509949866   -0.991501820812
0.994192493264   0.105556236973   -0.0209568755983
0.357209007707   -0.320579524227   0.877285891355
-0.855422790237   0.2648525811   0.445089887475
-0.375038153349   -0.909440446998   -0.179623309858
0.417939094246   0.236056829775   -0.877270808823
0.445579404915   0.7882621383   0.424384012334
0.791698107116   -0.568260476477   0.224263502599
-0.441354392543   0.190400937323   0.876900143199
-0.887060573573   -0.240019587911   -0.394352891765
0.135388023429   -0.951912888608   0.274830811234
-0.769424728983   0.631018282084   0.0990004315054
-0.620940982194   -0.775279983248   0.115640884299
0.149724595157   0.0275035482241   0.988345130821
-0.601976554951   -0.747452683721   -0.280960112402
0.758014135088   -0.645536702408   0.0932566632495
-0.251075028965   -0.15683341427   0.955177787856
0.038713018645   -0.736291687748   0.675555970045
0.843116838672   -0.338799857702   -0.417574753721
0.536335076662   0.585738191645   0.607663939106
0.991992290045   0.115413692752   0.0512930398953
-0.0765648586955   0.226549784724   0.970985586985
0.100444605775   -0.967137460367   0.233572272906
-0.758325929024   0.120377515348   -0.640664540261
0.00765519300281   0.984378548172   0.17589847084
0.651830650836   0.128483959398   -0.747401290272
0.726385430348   -0.569567271566   -0.384652475129
-0.394430317974   -0.803794788265   0.445353747686
-0.562840232859   -0.171779974023   -0.80851951996
0.0718234312887   0.912009062024   -0.403832760072
0.880847992154   0.131942920021   0.454640419526
0.467919055008   -0.388369111972   -0.793864757901
-0.382109461816   0.850074679258   -0.362443891827
0.91720548332   0.396743742816   -0.0364497003681
0.112812394735   -0.346363276017   -0.931292698533
-0.966840475872   0.245902822074   -0.0690147846364
0.167865962442   0.408162471446   -0.897344944529
-0.192489628436   -0.87916934257   -0.435910064096
0.600004005519   0.726044241149   -0.335938930601
-0.796879645627   0.505381920498   -0.331016554657
-0.0705551953015   0.466314152655   0.881801042723
-0.640199470834   0.195460047261   -0.742926688081
-0.365279663666   0.77331299498   0.518225613899
0.675807266349   0.603143755264   -0.423676997471
-0.803758452529   0.461735846097   -0.375260499952
0.424703539902   0.00348410259317   -0.905340449357
-0.416710136173   -0.887025610947   -0.198922569581
-0.972561672233   -0.132762413066   0.191047476968
0.204275925118   -0.094319174086   0.974359229056
-0.111338866511   0.986650243251   0.118850711879
-0.586014542951   0.512738486234   0.627443961315
0.6786792478   0.733630855311   0.0343540456924
-0.442697592564   0.445965207819   -0.777903314055
0.927316737122   0.374011149608   -0.0141183695559
-0.367315033472   0.90217656532   -0.226179376336
-0.0718563467998   0.214925810603   0.973983347457
0.99816501263   -0.0523227673007   -0.0304784441132
-0.00751830739735   0.392354213643   -0.919783472959
0.0600839628141   0.918324828204   0.391240869973
-0.851084010459   -0.393680964659   0.347383667247
-0.517974768828   0.521450153347   -0.678080333152
0.085803572552   -0.757037712016   -0.647715450924
-0.336523798093   -0.780965336584   0.52616008794
-0.421289780163   -0.374851812265   -0.825833269598
0.842179444191   -0.499578633548   -0.202865912068
0.439027683819   0.270305675082   -0.856848606548
0.362180244737   0.819512693424   0.444099555885
0.822240939656   -0.505305637444   0.261889384101
0.173469468001   -0.404968889943   0.897724120577
-0.952746006241   -0.2998140469   0.0488535677024
0.24936608847   -0.863777645963   -0.437841098591
0.0506899672636   -0.599465600493   -0.798793805826
0.998042889592   0.0597318133746   0.0185074030203
0.0366188603754   -0.798168608289   0.601320165588
-0.996603343299   0.0213368143265   -0.0792713718659
0.078528009293   -0.0336641885708   -0.996332292572
-0.0239282636142   -0.999194388404   0.0318962872167
-0.591407843549   -0.13402863262   0.795156127364
0.31794745805   0.867442969203   0.382690637435
-0.74104409799   0.479144065704   -0.470398527004
-0.818229171151   0.56707668194   0.0944740004452
-0.00562180130318   -0.172218165858   0.985042880766
0.574864936581   0.805459569685   0.144101757245
-0.934910939365   -0.0115377190155   0.354692304833
0.260698568578   0.655801507474   0.708491581838
-0.240782072441   0.754844981592   -0.610107827906
-0.576710600322   0.166415628643   -0.799818291761
0.536855351777   -0.660755757819   -0.524582368923
-0.615783884622   -0.73191950996   0.29172486956
0.302781833316   -0.100796412255   0.947714746777
0.734223057006   -0.609333533723   -0.299381260801
0.607650936428   0.786481226753   -0.110488071557
-0.241650612594   -0.82323118914   -0.513707456286
-0.237450255641   0.563468918118   -0.791277536862
0.940862539117   -0.0692327485611   -0.33163905997
0.953029349602   -0.142371398789   0.267330217727
-0.199319583756   0.36976189593   0.907495381115
-0.228049915664   -0.91815388036   0.324016531219
0.999086491954   -0.0279281322625   0.0323450309468
0.0298798478428   0.997658606565   -0.0615182854639
-0.0305512076932   0.062428552617   0.997581725742
0.888207912172   -0.400717683896   -0.224748752282
-0.228899040087   -0.810098872504   0.539763266363
-0.398361510799   -0.427977209768   -0.811260101144
0.853009538171   -0.521575644883   0.0182640124185
0.521152779189   0.853140271889   0.0234831198712
-0.0278299879211   -0.0105129843916   0.999557386512
