-0.164271555519   -0.851722526424   0.497577723721
0.701814484722   0.253549708952   0.665709375234
-0.693160358211   0.458564369769   0.556100202736
0.786194777248   0.223425450396   -0.576176044235
0.256747307848   0.72998786935   0.633402338517
0.562119725457   -0.64590925883   0.516548767449
0.951535370263   -0.168307793458   0.257396436635
0.0622170221614   0.924998918513   0.374841356552
-0.301180147228   -0.340660369121   0.890640798166
-0.604309725672   0.743205800949   -0.287149158838
0.309098258911   -0.113488001069   -0.944234379816
-0.734348533275   -0.659367450761   -0.161141593321
0.566188706829   -0.712349280506   0.414715387439
0.551750138611   0.701315642756   0.451362553805
-0.612374178553   -0.0267371090054   0.790115810051
0.224314918841   -0.949520963649   -0.219300622788
-0.80578585289   -0.0541563706335   -0.589725576411
0.548080270442   0.308993585338   -0.77725864163
0.947273487218   -0.19999441466   0.250350126503
-0.111509821924   -0.938221610183   -0.327576229256
0.300397255896   0.282387783844   -0.911053806603
-0.996696470218   0.0684752993404   0.0435711711279
-0.0739589623989   -0.545163719018   -0.835056738244
-0.033427315987   -0.835524277078   0.548433951712
-0.989587738117   0.0522010534893   -0.134126442576
0.0449776336442   0.997398352813   0.0563341515885
0.136718195772   0.0497149291263   -0.989361058928
-0.875976779265   -0.241679777554   -0.417439128444
-0.480275591067   0.356776370502   0.801277685706
-0.0447202131003   0.902386534754   -0.428600672876
0.883884659309   0.0319631305543   -0.466611477768
-0.462399577627   0.209562290014   -0.861551103244
0.0702463060263   0.977272751679   0.200008629609
0.212825071696   0.672335398388   0.708992660972
-0.359623688268   0.728580607086   -0.582958917238
-0.908502220181   -0.130902285792   0.396847957865
-0.472656605337   0.782540945892   0.405242879918
0.84442546833   0.270648961187   0.462269380871
0.25206695967   0.560693338696   -0.788721017441
-0.835374178841   0.540516477062   0.0999552955839
-0.520840246247   -0.836474769326   0.170395244713
0.175711584649   0.0902831078126   0.980293012445
0.0119912081624   0.560411407076   -0.828127563588
0.492147101484   0.717622581466   0.492756592932
0.870429455646   -0.413469326791   -0.267199687868
0.718418414041   -0.690698260647   0.0825281267133
0.687510257381   0.686983126244   -0.235337686028
0.105851901051   0.22580986074   0.968403470385
-0.183455310189   -0.92811344291   0.323960190474
-0.957579654706   0.243223339307   0.154544517157
-0.222229549826   -0.281865641715   -0.933363165143
0.0774055454519   0.921108524211   0.381544035251
0.866156677612   -0.251658239565   0.431801010689
0.493750315482   0.297049810013   -0.817305663959
0.933877703013   0.0135325319009   -0.357336914343
-0.0338015030263   -0.991474234564   -0.1258859096
-0.355991935534   0.129640558557   -0.925458624515
0.814664020296   0.13921714961   0.562975244778
-0.566804710632   -0.0142483540624   0.823728986017
0.122698659258   -0.990159384974   0.0673013097982
0.194508266613   -0.683815429094   -0.703251730872
0.979891708014   0.102944882206   0.170922778034
-0.0444834644328   -0.722356431699   0.690088696071
-0.48322032862   0.371686027591   -0.792683815301
-0.8382722277   0.0647867908495   0.541389283877
0.252582276523   0.926095125418   0.280267768457
-0.263476197323   0.881709631675   0.391367405843
-0.169149387485   -0.44164336555   0.881101386764
0.94972038288   0.165949674466   0.26550313722
0.157437508027   0.744422963347   -0.648886376718
0.634543052401   -0.57974506766   -0.511137319358
-0.75668632398   -0.331271333249   -0.563644915729
-0.168010076918   0.433465210079   -0.885370311348
-0.916138651492   -0.400251473546   -0.0221089146832
-0.363954183667   0.807407421639   0.464360459494
0.945615636675   0.172979814326   0.27547967756
0.00731551074364   0.835360989442   -0.549653076373
-0.325203862546   0.521775818623   0.788664978107
-0.0868088526664   -0.848290871814   -0.522366529669
-0.0178183540556   0.525584171436   -0.850554979129
0.996065610681   -0.064528002126   -0.0607404994183
0.929379894322   -0.103156346428   0.354417521592
-0.0936857793205   0.862796783695   0.496794407793
-0.35703779376   -0.494914615921   0.792201700946
-0.956587255334   -0.259007087333   -0.133625098961
0.246785575168   -0.963752408895   0.101378932188
-0.155039408701   0.0640010680655   0.985832968371
0.196611500446   -0.134703199558   0.971184414155
0.274812702842   -0.94324451952   -0.186462434349
0.941181224114   0.303554458204   -0.148434769223
-0.32935224897   -0.247158494806   0.91128471132
0.856335493708   -0.484768645741   0.178013872416
0.397764589745   0.838994693071   0.371310193834
0.631875296419   0.50717355736   -0.586095871972
0.188587103564   -0.834063020848   -0.518432906776
-0.751776757287   0.217054733128   -0.622670036489
-0.334757651771   0.107019791135   0.936207294421
0.80796228511   0.543865830318   0.22673092208
-0.484906464858   0.832320088363   -0.268531206998
0.744323824407   -0.310430225385   -0.591282597228
0.491710129725   -0.344361246818   0.799772735511
-0.451888462945   -0.886029545392   -0.103674584298
-0.991659766557   -0.0484825661246   0.119392876794
-0.101893137193   -0.272176308797   -0.956835519602
0.0788860370423   -0.961023341943   0.26496986583
0.736045666193   0.613080919796   0.286999203085
0.270328433329   -0.654906727014   0.705705029447
0.620612032532   -0.441847073357   -0.64777445221
-0.516655841514   0.391202411848   0.761595197993
-0.8443307064   -0.085237816715   -0.528999104022
-0.142028978986   -0.916348769187   0.374342934631
0.382927249404   0.865291155951   -0.323477890888
-0.444701127632   -0.134256357432   -0.885559796817
-0.809696015516   0.482955962889   0.333385527384
0.728819608348   0.66046475814   0.180577694732
0.569174701434   -0.730996044649   0.376410790186
0.380607619244   -0.17155531754   -0.908684086295
0.606264125136   -0.792448447035   0.0668513756664
-0.747985050963   -0.539651168924   0.386386260464
-0.270114811095   -0.284255936668   -0.919910733059
0.472820917978   -0.84556224059   0.247921287384
-0.806805631627   -0.302315865776   0.507612063772
-0.354267046485   -0.440033898467   -0.825145643138
0.630955789273   -0.70850717903   -0.316089197655
0.0302520015006   -0.384648099884   0.922567449725
-0.775228753348   -0.591661609494   -0.2212621936
-0.166714932544   -0.583703821647   -0.794667231566
0.338186526549   0.723207379332   -0.602163571329
0.926194382185   -0.369135397882   0.0768312920351
0.893909680203   0.440650103079   0.0821764537907
0.316382644164   -0.490379751861   -0.812052776032
-0.317533471265   0.751901040859   -0.577769251862
-0.227077784329   0.801311277186   0.553476266517
0.633734904562   0.553114372372   -0.540781456702
-0.739469952927   0.227957781679   -0.633418912933
0.105626027907   -0.0501074778635   0.993142667338
0.88000976045   -0.460364746738   -0.116820718708
0.463061484619   0.886314560113   -0.00453141096984
0.0173647359325   -0.71090792045   -0.70307070179
0.969576255232   0.183695300762   -0.161795970275
0.244172824788   -0.678871106579   0.692469246716
0.105911171567   -0.506998426247   -0.855415356289
0.989165180396   -0.0342318842697   0.142760072037
-0.101661604773   -0.861266966776   0.497879641017
-0.377979371441   0.336821280703   0.862370562707
0.548164747939   0.832068081942   -0.0847237405095
-0.746087777461   0.440697320112   -0.499138122499
-0.103954841783   -0.994555538338   -0.00725817603438
-0.958798294705   0.0982720952142   0.266549118919
-0.264384625176   0.034668197049   -0.963794014431
0.464865866041   0.135095292449   -0.875013712928
-0.249486303211   0.968230090473   0.0169433457026
0.849503572896   0.210427551455   0.48380154419
-0.804865904991   -0.413395611207   -0.425802485145
-0.327979651849   -0.288123138937   0.899679692538
-0.494603917993   0.863769801409   0.0963073714255
-0.712117928962   -0.132552385055   -0.689439984324
-0.313613474094   -0.818539254798   0.481300575194
-0.628127547266   0.558957529721   0.541317678057
0.0642049592613   -0.294058403314   -0.953628506592
0.683365175187   -0.683439844292   0.256752656303
-0.727248039177   -0.668161316313   0.157069092448
-0.898470449459   0.422055260704   0.120911272367
-0.438941641284   -0.857920050089   -0.267025775896
-0.00896740878556   -0.292987860428   0.956074099461
0.48262198929   -0.871320423097   0.0887509540945
-0.548302289457   -0.221565313677   0.806395313698
-0.682964575169   -0.437846460384   -0.584679274698
-0.592551790256   -0.17841141329   -0.785526348759
-0.444512475588   -0.740826801539   0.503571445859
-0.671781911064   0.647568459428   0.359672232129
-0.343229636312   -0.894329018559   -0.287000057805
0.938098185096   -0.341550379236   -0.057577282075
-0.0465319431904   -0.288996461664   0.956198631943
0.64761035212   0.356788464111   -0.673277679337
-0.544157169539   -0.401962384513   -0.73642328536
-0.533379617585   0.843284217959   -0.0661660101769
0.759438288797   -0.572837222901   0.308400719971
-0.496126968947   -0.816583067172   -0.295042613955
0.420846193642   0.0710607446121   -0.904344443089
-0.697123501881   -0.386257132581   -0.604004576646
-0.615974834254   -0.108411867269   0.780269243787
-0.366866603338   0.915997006963   -0.162346894896
-0.898273113263   0.177783644474   0.401848891395
0.108299857653   -0.796709763811   0.594566803069
0.425864645856   0.577608447165   0.696423182471
0.574749071974   0.159301522778   0.802674639182
-0.36589362879   -0.827335015518   0.426191069449
0.731973636107   -0.538646451866   -0.41722266658
-0.440285395735   -0.479620697976   0.759020685878
0.421754893778   -0.856776054998   -0.29674423967
0.792635619368   0.18946852054   0.579508715252
0.782021707692   0.134937905431   0.608468413269
0.187225320101   0.880327939632   -0.435854790016
-0.594465077007   0.454768600658   0.663171766142
-0.628405742834   0.52432682461   -0.574619745392
-0.0405924236136   -0.759791028793   -0.648899157174
-0.776826059002   -0.384446669944   0.498740522211
-0.598203108446   -0.359867023861   0.715994849494
-0.517109977638   0.855916968308   -0.00184434685174
-0.612168416688   -0.371351391173   -0.698103017717
0.573882174845   0.517730670624   -0.634518734711
0.0712865540912   -0.803447071427   -0.591092446113
-0.815829209584   0.293984702563   -0.497991035903
0.919502150262   0.38063020524   0.0981670692675
0.366864333715   -0.920661444806   0.133420243922
0.141161918651   -0.0866663008298   -0.986189855574
0.683844345449   0.728920036467   -0.0321323745948
0.304035478743   -0.244647252709   0.920711757823
0.663264153053   -0.639392910318   -0.388918192066
0.226863343527   -0.168334558169   -0.959268740441
0.786366284331   0.612759812275   0.0784441686242
0.574596472953   -0.772132694069   0.271385356216
-0.284332118403   0.258293483679   -0.923276610754
-0.283310349758   0.897379783224   0.338296864545
0.91590964041   0.357762489831   -0.181976675758
-0.169783207001   0.0903728696068   -0.981356136874
0.026213729616   -0.995065705163   -0.096167870861
-0.985159866885   -0.0420495356139   0.166523163555
0.557794874166   -0.826257150789   -0.0785111855954
0.344680774788   0.144555771318   0.927522941108
-0.755023210892   -0.544428841595   0.365427417827
0.182571581895   0.892695826784   -0.412021554709
0.350734872118   0.332359394611   0.875512574774
0.918505661487   -0.304354037183   -0.252420173827
-0.463910495527   -0.621143965339   0.631638817556
0.16254523554   -0.760583378784   -0.628563771274
0.870842389829   -0.18892734709   0.453806266392
0.18906209358   0.473096211323   -0.860485629262
0.797455509076   0.437356709764   0.4156727467
0.572992368518   -0.764786961275   -0.294585605757
0.244046613272   0.535437696216   -0.808546665211
0.351145528791   0.728388442492   0.58834266321
0.903956887226   -0.427500579197   -0.0102558202725
0.27804997593   0.248187654383   -0.92795001518
0.770673789747   -0.634276569882   0.061281649328
-0.573367467039   -0.732186054879   -0.367632395247
0.949591718996   0.30076809582   -0.0883975337255
0.247513461679   -0.892368986459   -0.377378903317
-0.19238673998   0.336476303649   -0.921830353267
0.748438790979   0.572880983126   0.334135844966
-0.0160023516445   -0.488074553068   0.872655258459
0.663010790607   -0.658476009089   -0.356126491227
0.609793832596   0.0201912847604   0.792302709717
0.351591304808   -0.902817785409   -0.247593572335
0.710306149621   0.429547825857   -0.557631599843
-0.740425840355   0.533387707557   -0.408983203934
-0.2051688861   0.400082539818   0.893218749951
0.640058931544   0.745272809456   -0.186796932926
-0.765814767316   -0.423845159681   -0.483615328523
0.385596078961   -0.904514563803   0.182126030299
-0.514630128594   -0.0470054000885   0.856122879785
0.025479967029   -0.977295690829   -0.210342381725
0.91296357507   -0.0629675860988   0.403153331268
-0.407244761119   -0.202307267797   0.890630942345
-0.626099769974   0.566867892002   0.535406302649
-0.635294373775   0.0272772694875   -0.771788204022
-0.452106375259   -0.823357010193   0.343049667705
0.992584052226   -0.121554150193   -0.00121971812
-0.0156673741926   -0.117973222683   -0.992893163101
0.120546391598   0.985549028977   -0.119002773727
-0.458559310992   -0.887627556216   0.0430151702936
-0.865198566805   0.434867420485   -0.249650747935
0.202890175777   -0.151695014397   -0.967386779986
0.102230451829   -0.986540142133   -0.127622390027
-0.0332497280681   0.124834076815   -0.991620341065
0.994204899435   0.105617201206   -0.0200403439216
0.35782108763   -0.321191847666   0.876812343413
-0.855403542861   0.263833953757   0.445731360638
-0.374498154109   -0.909520458257   -0.180343295124
0.418995639156   0.235334621923   -0.876960808862
0.445796968596   0.788088008446   0.424478916032
0.791016881834   -0.568801286118   0.225293977904
-0.44141396922   0.190054980918   0.876945244277
-0.886968510345   -0.24032252825   -0.394375547767
0.135796608532   -0.951905623078   0.274654402971
-0.769282572171   0.631254975078   0.0985978945292
-0.621025737049   -0.7750491388   0.116730162295
0.15010470442   0.0285666467418   0.988257317115
-0.602346008188   -0.747252691564   -0.280700393335
0.757534455481   -0.645978646176   0.0940911640375
-0.251636334078   -0.155964782372   0.955172310264
0.0386564714504   -0.736061769026   0.675809683133
0.842753750784   -0.339376414174   -0.417839365046
0.536909462739   0.585693342646   0.607199743401
0.992039567941   0.114832227507   0.0516822501631
-0.0768043273902   0.226510606647   0.970975809421
0.0997927389653   -0.967215842877   0.233527096521
-0.758301783719   0.120073873414   -0.640750473892
0.00646202904585   0.984226958366   0.17679236718
0.651872032726   0.129921375592   -0.747116982804
0.726122102093   -0.569774208771   -0.384842648327
-0.393649576413   -0.803407868723   0.446737756264
-0.563725575029   -0.172892923224   -0.807663497856
0.0712756627318   0.91169830773   -0.404630833703
0.880652274824   0.132966291596   0.454721522595
0.468371099394   -0.388749646877   -0.793411928273
-0.381403715772   0.850041466403   -0.36326279206
0.917399125743   0.396361516383   -0.0357214060324
0.113618637493   -0.346881363233   -0.931001036539
-0.96700709206   0.245330250197   -0.0685655957019
0.167293658787   0.408659521818   -0.897222095037
-0.192096341208   -0.879094832444   -0.436216252103
0.600329747488   0.725767775891   -0.335954358779
-0.79659052241   0.505321560001   -0.331803650322
-0.0710474159345   0.466809659538   0.881499294879
-0.639884994737   0.196046965008   -0.743042905822
-0.365369184132   0.773019379494   0.518600419678
0.676056603894   0.603329614319   -0.423013979063
-0.805333690362   0.452340101023   -0.383493445601
0.427634124775   -0.00520178342672   -0.904011207857
-0.410862318959   -0.891905623712   -0.189355164182
-0.972576540124   -0.132552786777   0.19110882158
0.204292551568   -0.094144808284   0.974371680113
-0.111163736632   0.98669416556   0.11864371486
-0.586640469687   0.512220190716   0.62728291156
0.677908288193   0.73434393306   0.0343425444657
-0.443050479868   0.445386948376   -0.778034192194
0.927310806125   0.374020221609   -0.0142668443642
-0.367413130623   0.902332076367   -0.225398348801
-0.0714301089666   0.214256150491   0.97416222549
0.998166154764   -0.0521142857818   -0.0307965694673
-0.0078886507748   0.39242526869   -0.919750060704
0.0600174696439   0.918306324814   0.391294510082
-0.850807251723   -0.393798291084   0.347922931354
-0.51844033539   0.521061103659   -0.678022904263
0.0857151028922   -0.757243914471   -0.647483564752
-0.336701239805   -0.78025702581   0.527096164216
-0.420462379309   -0.376287433606   -0.825601748003
0.842521679391   -0.499605676903   -0.20137178116
0.438774881549   0.269198414988   -0.85732655736
0.363032844967   0.819642034401   0.443163730348
0.821999857702   -0.505686811959   0.261910470074
0.174295150338   -0.404829687909   0.897626979337
-0.952513046102   -0.300456348539   0.0494468337653
0.249680129872   -0.863619717324   -0.437973672658
0.0508257488102   -0.599523363492   -0.798741842108
0.998050036051   0.0595073095492   0.018842920023
0.0362342275216   -0.798142009121   0.60137877849
-0.996704480626   0.0214670220816   -0.0786580106584
0.0778947616422   -0.0343531032964   -0.996387153874
-0.0240898689595   -0.999196738015   0.032532720185
-0.592094157902   -0.134213585932   0.794613792113
0.317220087569   0.867610378237   0.382914658552
-0.740807519743   0.478789027696   -0.471131779436
-0.817960364224   0.567509485101   0.0941956185274
-0.00605787274438   -0.172228339212   0.985038094998
0.575241803425   0.805151992321   0.144314449611
-0.935119995899   -0.0115646937035   0.354145858106
0.260237673008   0.655896128181   0.708573959481
-0.240477409545   0.754762850415   -0.610332437019
-0.576697493957   0.166736182407   -0.799760463541
0.53706489189   -0.660305559128   -0.524933809579
-0.615612747972   -0.732252175153   0.29125021288
0.302810844771   -0.100864439657   0.947698205634
0.734547809312   -0.60887950258   -0.299508113294
0.607243806048   0.786823969454   -0.110285504917
-0.241623307565   -0.823432318246   -0.513397823871
-0.237726322687   0.563182386038   -0.791398617196
0.940799821317   -0.0691721986409   -0.33182951825
0.953127471726   -0.143130061877   0.266574210099
-0.198381690038   0.369613124523   0.907761457044
-0.228457280823   -0.918095824641   0.323894039305
0.999059249039   -0.028746878957   0.0324689676948
0.0307499149389   0.997541159194   -0.0629768088492
-0.030578744974   0.0639159813491   0.997486685471
0.888282600619   -0.400139312834   -0.225482903602
-0.227303456158   -0.80957933653   0.5412155238
-0.399107940677   -0.429499283711   -0.810088281267
0.852663554759   -0.522135208367   0.0184305554495
0.521707941772   0.852798190648   0.0235811010171
-0.0280300674721   -0.010491378216   0.999552022807
