-0.165328115366   -0.85160355887   0.497431450174
0.701620110659   0.25290143721   0.666160730253
-0.693105972722   0.459142980705   0.555690430684
0.786445279474   0.223328775688   -0.575871581635
0.257109454795   0.729360678054   0.633977702504
0.561603551307   -0.646650799865   0.516182322534
0.951661729505   -0.167480317546   0.257469019557
0.0612369462423   0.924885901017   0.37528137021
-0.300981709098   -0.341374301386   0.89043449933
-0.604014269936   0.74384031952   -0.286126919413
0.306647313242   -0.114468631345   -0.944915100719
-0.735618420268   -0.658482119228   -0.158956081502
0.564966114802   -0.713644093156   0.414156243281
0.552640432238   0.700000880733   0.45231329536
-0.612700447364   -0.0266621981006   0.789865360212
0.224416373419   -0.949605541708   -0.218830380927
-0.805193143369   -0.0542042896386   -0.590530331446
0.548909302462   0.308725421118   -0.776780205605
0.947259670693   -0.199730937523   0.250612611424
-0.110994679076   -0.938098906132   -0.328102223831
0.300631518018   0.282981343311   -0.910792341417
-0.996730517726   0.0685441895491   0.0429507725523
-0.0734928891891   -0.545564107406   -0.83484732476
-0.033791567327   -0.835268193156   0.548806450146
-0.989672942642   0.0506271463327   -0.134134395118
0.0434466902606   0.997488941563   0.0559303696881
0.136629166011   0.049524874581   -0.989387403391
-0.875264550397   -0.24279505685   -0.418284073911
-0.481496802717   0.356048766808   0.800868138166
-0.0455174152468   0.902374371382   -0.428541628012
0.88376576369   0.0315922487805   -0.466861870938
-0.462546204375   0.209887010996   -0.861393326886
0.0707748934092   0.977215116851   0.200103828503
0.213491447429   0.67180651356   0.709293591567
-0.359114170778   0.729167216563   -0.582539422519
-0.908547413758   -0.13035020054   0.396926206749
-0.473892658105   0.781727162799   0.405365993968
0.843642918071   0.271126880333   0.463415016561
0.252360006562   0.561595489412   -0.787982665588
-0.83500376522   0.541434637922   0.0980706448486
-0.522154934985   -0.835908693851   0.169149301409
0.173561350518   0.0900321895472   0.980699071495
0.0123304223751   0.558785307046   -0.829220659736
0.491298812266   0.718895670771   0.491746357968
0.870903782842   -0.413458563993   -0.265666270338
0.717304679148   -0.691605557622   0.0845916484765
0.68888271886   0.685745487774   -0.234933442442
0.104472934203   0.226792582305   0.968323566945
-0.182068363828   -0.928379320737   0.323980178615
-0.957431637879   0.242441231311   0.156674955611
-0.223999951104   -0.281663309212   -0.93300061252
0.0863523538301   0.920899933368   0.380115899408
0.867088323623   -0.257363212646   0.426525612808
0.490614536369   0.292761971689   -0.820725788738
0.934226366129   0.014574024635   -0.35638193679
-0.0327903322926   -0.991415155034   -0.126500287423
-0.355169369699   0.129865801564   -0.925727681136
0.814678569813   0.139625973881   0.562852919517
-0.566718749821   -0.0141711778584   0.823789415965
0.122998699961   -0.990102888932   0.0675837069879
0.193409577874   -0.684452591048   -0.702934836584
0.98011279334   0.102363594757   0.170001780406
-0.0444032229362   -0.721835399255   0.690638841706
-0.482337991899   0.372366446249   -0.792901804279
-0.838211816557   0.0667429849297   0.541245149562
0.254462162424   0.925682770201   0.279929289477
-0.262331963544   0.882346076445   0.390701038601
-0.169309156461   -0.440686081086   0.881549851682
0.950008584025   0.165109457161   0.26499534661
0.156228444716   0.744174480576   -0.64945570011
0.634764790672   -0.579409857606   -0.511223836917
-0.756744358729   -0.332386060733   -0.562893862562
-0.166114182157   0.433394909809   -0.885762330394
-0.916176824857   -0.400059358123   -0.0239270960407
-0.364727404218   0.807540297745   0.463521926957
0.945697344848   0.171957441108   0.275839030897
0.00827283921234   0.835600909803   -0.549274686652
-0.324943214501   0.521729584855   0.788802985452
-0.0874051026381   -0.848682698541   -0.521630148948
-0.0174169528564   0.524856063588   -0.851012782874
0.99602057451   -0.0652976573724   -0.0606565616726
0.929718411283   -0.103334931311   0.353476403089
-0.0930093057725   0.862825391328   0.496871827358
-0.356332631974   -0.494827480799   0.792573541816
-0.956524993681   -0.258728864859   -0.134609410402
0.246368032624   -0.963811114576   0.101839637471
-0.156086871263   0.0642486867434   0.985651559972
0.195869958503   -0.133880442797   0.97144780647
0.27596175033   -0.943076377655   -0.185611708158
0.940999429338   0.304438205367   -0.14777430473
-0.329464694357   -0.247203178875   0.911231968204
0.856788895853   -0.483773014774   0.178540095368
0.39669370989   0.839556052962   0.371186987974
0.631591496035   0.508080471569   -0.585616186937
0.188875083142   -0.833415947063   -0.519368437365
-0.751943007788   0.217420342132   -0.622342088949
-0.335287113109   0.107471599412   0.935966036939
0.807648561132   0.544293494964   0.226822393579
-0.485063262559   0.831982242507   -0.269293880207
0.743513209466   -0.311661556061   -0.591654621608
0.491630181972   -0.344997679311   0.799547631468
-0.453307711132   -0.885349493299   -0.103288113458
-0.991681445115   -0.0467363991488   0.120101434464
-0.103061216389   -0.271944491532   -0.95679182333
0.0773759086678   -0.961190884533   0.264839739938
0.735213769815   0.613672428441   0.287866088773
0.27117680819   -0.655507792129   0.704821118846
0.621227714444   -0.440131595597   -0.648352096617
-0.517064060205   0.391148985589   0.761345702369
-0.844015924966   -0.0849998346962   -0.52953959448
-0.14241462652   -0.916393766232   0.374086300082
0.382611469003   0.865272388693   -0.32390146926
-0.444452657465   -0.134970970119   -0.88557590359
-0.80998166874   0.482790367668   0.332931167361
0.728869832108   0.660309207213   0.18094437083
0.568567526114   -0.731000824707   0.377320785939
0.381418513858   -0.172138775767   -0.908234880811
0.605901196432   -0.792879616925   0.0650040140973
-0.74805507631   -0.540022899206   0.385730939585
-0.270734577753   -0.282341403288   -0.920318140772
0.473386862372   -0.845519878574   0.246983669033
-0.806419648834   -0.303190951055   0.507703060326
-0.354389824639   -0.439512437168   -0.825370456241
0.630450803457   -0.708579949816   -0.316932501216
0.0306486135672   -0.385255862814   0.922300642227
-0.775623889585   -0.59117870977   -0.221167854382
-0.166891046473   -0.58444415358   -0.794085896685
0.337648582188   0.722806869221   -0.602945822671
0.926358901784   -0.368748235896   0.0767067447186
0.893857958569   0.440662025386   0.082673640194
0.316670446569   -0.489971786723   -0.812186861203
-0.317392154393   0.752159988715   -0.577509821533
-0.227353770562   0.801437294697   0.553180448688
0.633889353489   0.553026741808   -0.540690059694
-0.739252753579   0.227727283803   -0.633755284942
0.10469180063   -0.0493833412235   0.993277879524
0.880047244131   -0.460587091766   -0.115656532813
0.463202448654   0.886239736806   -0.00476004388236
0.0154300877847   -0.711889088005   -0.702122385083
0.969519019276   0.182382911099   -0.163613413385
0.244529729309   -0.678196434787   0.693004191072
0.104476105008   -0.506956873228   -0.855616406134
0.98937630863   -0.0344684456792   0.141231733675
-0.101090185872   -0.861281958108   0.497970020995
-0.37790007537   0.336499169571   0.862531055728
0.549128458006   0.831524652466   -0.0838134030248
-0.74541897603   0.441967259869   -0.499014498605
-0.103339717076   -0.994617903979   -0.00761940399389
-0.958562756331   0.0975414256953   0.267665255308
-0.265481209142   0.0349638643263   -0.963483619828
0.464740818226   0.132679294566   -0.875449699802
-0.249875758072   0.968175480594   0.0140834767543
0.849457519608   0.212208490836   0.483104004338
-0.804384451704   -0.414201037964   -0.425888644012
-0.327126430354   -0.289591403783   0.899505076118
-0.495915250334   0.862878081508   0.0974600853864
-0.71223273141   -0.132207079569   -0.689390651811
-0.313531233707   -0.818785991666   0.480938832855
-0.628041677106   0.55868173728   0.541702889827
0.0645872185659   -0.292241301534   -0.954161208285
0.683401618006   -0.683800238801   0.255694425562
-0.72718004526   -0.668589883587   0.155553329377
-0.89843106032   0.422240560001   0.120560571898
-0.439012492949   -0.85777371749   -0.267380975551
-0.00948541204277   -0.29315092451   0.956019126194
0.482790807639   -0.871277958129   0.088248173297
-0.548438519214   -0.222251680168   0.806113729151
-0.682735828161   -0.437582990257   -0.585143459012
-0.592159745277   -0.177838335201   -0.785954158436
-0.445167059466   -0.740808651217   0.503023599767
-0.671696882378   0.64774993577   0.359506269334
-0.343428875003   -0.894343613203   -0.286715919823
0.938058854525   -0.34154744953   -0.0582308735705
-0.0458486925073   -0.288954582439   0.956244290822
0.647522502514   0.357112170577   -0.673190550467
-0.544155417561   -0.401762961938   -0.736533398563
-0.533488051554   0.843242232864   -0.0658260468536
0.759112770534   -0.572672327108   0.309505998989
-0.495470811672   -0.816681399532   -0.295868765732
0.42220401754   0.0712464561858   -0.903695624657
-0.697023545987   -0.38769980846   -0.603199418209
-0.615777488333   -0.107374457777   0.780570588839
-0.367394562386   0.915511451495   -0.16389549892
-0.897509139454   0.201111280183   0.392558022719
0.088172898451   -0.790268078422   0.606438900588
0.432172521335   0.578875507472   0.691477746056
0.57490756601   0.159971574623   0.802427840831
-0.365253468674   -0.827387968936   0.426637180887
0.732168865802   -0.538366488375   -0.417241483782
-0.440503023009   -0.479982255051   0.758666042717
0.422004939964   -0.856595488743   -0.296910852774
0.792381827267   0.189370691196   0.579887742257
0.780938600506   0.134721045913   0.609905851279
0.188139697137   0.880376102372   -0.435363498333
-0.595599162187   0.454739663002   0.662173304518
-0.628921591706   0.524175501812   -0.57419344622
-0.041199438822   -0.75997419949   -0.648646511251
-0.776376633228   -0.384291209394   0.499559530585
-0.598320264319   -0.359325147841   0.716169338862
-0.517252124522   0.855828696398   -0.00273900861951
-0.611934084256   -0.372078890317   -0.697921351058
0.574025392228   0.518972010045   -0.633374274154
0.0723136893198   -0.802611326754   -0.592103100593
-0.815638184925   0.294080608313   -0.498248121748
0.915716703022   0.392234566785   0.0872624527322
0.375277343369   -0.912431208609   0.163190116871
0.14363010336   -0.116688231241   -0.982725225297
0.683197337034   0.729471530985   -0.0333569965155
0.304403659176   -0.242977138985   0.921032324124
0.663761866948   -0.639400825214   -0.388055138984
0.227188485386   -0.16889870612   -0.959092598509
0.786115925032   0.613106490358   0.0782443643775
0.574810523439   -0.771734186891   0.272064699384
-0.283271271925   0.25734866978   -0.923866346907
-0.284352647053   0.897469531486   0.337182458668
0.915915354658   0.358217951088   -0.181049558497
-0.170035252018   0.0906707017794   -0.981260128104
0.0285640812591   -0.99489008977   -0.0968795594285
-0.985026247584   -0.0445014562915   0.166571876615
0.557956553802   -0.825971119736   -0.0803504622113
0.346098876859   0.143602818571   0.927142817702
-0.754254635287   -0.545114617619   0.365991808111
0.182324200425   0.893030709403   -0.411404880885
0.349885112422   0.332102376893   0.875949980727
0.918878790732   -0.303651301155   -0.251907840972
-0.464164121784   -0.620674328454   0.631913782393
0.161211206071   -0.760705248856   -0.628759453331
0.870954991614   -0.189976001416   0.453151756997
0.189113708442   0.473562393047   -0.860217797963
0.796811643697   0.43795641185   0.41627560841
0.573870372566   -0.764154982697   -0.294516467363
0.24323735805   0.535580636256   -0.808695838317
0.350949735634   0.728655126867   0.588129224979
0.904250993863   -0.426866588391   -0.0107257345919
0.277637133372   0.248413671302   -0.928013106375
0.770707864808   -0.63428246441   0.060788716671
-0.573521634131   -0.732104178968   -0.367554773376
0.949539492435   0.301169972471   -0.0875864463301
0.248306464008   -0.892427005044   -0.37671925924
-0.191621078774   0.335961527608   -0.922177133378
0.741313822777   0.58516859621   0.328681502123
-0.00664023231496   -0.48330396909   0.875427426392
0.671125713368   -0.651148973411   -0.354394257219
0.609638591187   0.0201134454142   0.792424380475
0.35271116492   -0.9021452939   -0.248454198837
0.709884345227   0.430964156389   -0.557076974744
-0.740576851372   0.533525473137   -0.408529622232
-0.204904505353   0.399704732509   0.893448518469
0.639968769873   0.745376871778   -0.186690284364
-0.7662195393   -0.4223171683   -0.484310174659
0.384406307156   -0.905210906897   0.181178266265
-0.51491739817   -0.0473495776871   0.855931149587
0.0253477948336   -0.976967509939   -0.211877272738
0.912492517279   -0.0639552027669   0.404063291179
-0.408307359827   -0.203578539861   0.889854414256
-0.625795684851   0.567096458799   0.535519846214
-0.635590387457   0.0272070009434   -0.771546966369
-0.452111444937   -0.823201960856   0.343414951497
0.992616704321   -0.121281379035   -0.00170461746503
-0.0160387094531   -0.117311225515   -0.99296570153
0.120228276294   0.985661682179   -0.118390278987
-0.457588327851   -0.888112812655   0.0432771762335
-0.865808098929   0.433953553343   -0.249123147184
0.202468807014   -0.151464974934   -0.967507430739
0.102500498667   -0.986637589795   -0.126648691816
-0.0320184689889   0.123980892527   -0.991767882847
0.994217502551   0.105711788393   -0.018882512078
0.358605437982   -0.321942600701   0.876216344977
-0.855371150468   0.262560039216   0.446544957967
-0.373821235752   -0.90962363997   -0.181224952037
0.420308617941   0.234417195187   -0.876578148602
0.44607926415   0.787871334841   0.424584564185
0.790160719158   -0.569479886079   0.226580461829
-0.441467942471   0.189642708157   0.877007243055
-0.88686496451   -0.240691203047   -0.394383422714
0.136295986193   -0.951894633155   0.274444920184
-0.769091836244   0.631566466516   0.0980895196934
-0.621147094542   -0.774745078779   0.118094699088
0.150579023912   0.0298976484714   0.988145782882
-0.602811066785   -0.74699377164   -0.280391045235
0.756929167661   -0.646536046381   0.0951282904712
-0.252343155764   -0.154891773942   0.9551604423
0.0385730276433   -0.735771332919   0.676130666754
0.842305625737   -0.340100789006   -0.418153921378
0.537618234179   0.585638126122   0.606625604592
0.992097786332   0.114115145718   0.0521508957454
-0.0770868764169   0.226445254798   0.970968673703
0.0989929082998   -0.967316021446   0.233452616095
-0.758283017916   0.119634614056   -0.640854623966
0.00492703934196   0.984041510345   0.177870830228
0.651907059498   0.131718894174   -0.746771412428
0.725797259367   -0.570026203521   -0.385082594598
-0.392674669154   -0.802932468355   0.448449517633
-0.564823053325   -0.17427131996   -0.80660110447
0.0705771912581   0.911311532981   -0.405623214619
0.880398180014   0.134262123908   0.454832679256
0.468954099043   -0.38921075441   -0.792841171517
-0.380536027494   0.849994060865   -0.364284130119
0.917635974756   0.395893515   -0.0348247189755
0.114616965569   -0.34753221392   -0.930636883851
-0.967226194914   0.24460976629   -0.0679899031984
0.166558184311   0.409257969168   -0.89708483658
-0.191611419128   -0.87901586733   -0.436581963402
0.600758756067   0.725411788882   -0.335956309442
-0.796212120591   0.505270217977   -0.332788598577
-0.0716600608867   0.467418152055   0.881127177721
-0.646436476466   0.199117945552   -0.736526979588
-0.353668076873   0.777165154584   0.520512461748
0.676046477176   0.596964299765   -0.431966252054
-0.804521728441   0.461160915124   -0.374382258987
0.423576967942   0.00349183414324   -0.905879807057
-0.416430087423   -0.887336623254   -0.198184893517
-0.972604863063   -0.132295825662   0.191151778509
0.204278430758   -0.0939126661916   0.974398026694
-0.110957246909   0.986751744975   0.118364319983
-0.587443746441   0.511547839559   0.627079419738
0.676916277326   0.735258808151   0.0343340869925
-0.443502135629   0.44464961923   -0.778198246836
0.927314277429   0.374005042499   -0.014438080817
-0.367506213004   0.902537370508   -0.224422541323
-0.0709042551289   0.213416311083   0.974384967278
0.99816744938   -0.0518660790341   -0.0311713458522
-0.00832765484767   0.392483167956   -0.919721479015
0.0599365758227   0.918295627041   0.391331999886
-0.850447559544   -0.393972268329   0.34860662324
-0.519045194612   0.520543008609   -0.677958348793
0.0856318394621   -0.757509926361   -0.647184271901
-0.336943001605   -0.779346773073   0.52828728213
-0.419437834665   -0.378095004829   -0.825297209596
0.842935791156   -0.499662074422   -0.199490734904
0.438439297266   0.267799784999   -0.857936042345
0.36407872067   0.819826561337   0.441962773176
0.821716290915   -0.506130104689   0.261943978331
0.175343953961   -0.404657935032   0.897500115807
-0.952218090424   -0.301264751265   0.0502022403453
0.250070411141   -0.863418503555   -0.438147560702
0.0509855457866   -0.599601860032   -0.798672686759
0.998060171619   0.0591989773692   0.0192704984951
0.0357259703249   -0.798105925132   0.601457045563
-0.996734805813   0.0216205541344   -0.0778584677968
0.0770704105795   -0.0351641388402   -0.996407870534
-0.0242804691437   -0.99915016103   0.0333780190277
-0.592956142301   -0.134464359295   0.793928515344
0.316299387801   0.867815776851   0.383210759484
-0.740511882872   0.47834623965   -0.472045711713
-0.817625483505   0.568053260011   0.093828001119
-0.00661967132836   -0.172230600285   0.985034295078
0.575712063409   0.804768212792   0.144580670205
-0.935383336192   -0.0116039148524   0.353447627518
0.259643905145   0.656023990205   0.708673336387
-0.24009356251   0.754651048064   -0.61062134448
-0.576676124515   0.167160750003   -0.799688184216
0.537324280114   -0.659736522445   -0.525385154832
-0.615407609894   -0.732669247735   0.290635363608
0.302843982699   -0.100958420122   0.947677618317
0.734951348817   -0.608313000377   -0.29966930126
0.606738811783   0.787250006448   -0.110024360743
-0.241619073341   -0.823667256768   -0.513022787743
-0.238068087633   0.562845656423   -0.791535419314
0.940714471168   -0.0691157326987   -0.33208312165
0.953247502344   -0.144083509036   0.265629706341
-0.197208026239   0.369427200386   0.908092796535
-0.228972035092   -0.918021500378   0.323741131644
0.999024733221   -0.0297966943413   0.0325843431165
0.0318608889997   0.997390701075   -0.0647817347378
-0.0305690392742   0.0657567214041   0.997367328231
0.888391266813   -0.3993863972   -0.226387864503
-0.225278890329   -0.808924023267   0.543039027364
-0.400012976083   -0.431430723755   -0.808614363368
0.852224414498   -0.522845025631   0.0186178315443
0.522413317588   0.852363714019   0.0236732291162
-0.0282465942192   -0.0104487005517   0.999546374393
