-0.165542435764   -0.85158043262   0.497399672007
0.701581307683   0.252767868383   0.666252242748
-0.693094030882   0.459259348337   0.555609126964
0.786494342926   0.223307320563   -0.575812893569
0.257185021131   0.729235058136   0.634091550147
0.561500233948   -0.64679986831   0.51610794993
0.951687293097   -0.167316551741   0.257481003711
0.061043698851   0.924863105163   0.375369022321
-0.300940131238   -0.341516335774   0.890394086292
-0.603954863864   0.743969088145   -0.28591742307
0.306159650632   -0.114655174163   -0.945050599828
-0.735870263875   -0.65830415751   -0.158526889781
0.564719156943   -0.713906073851   0.414041524768
0.552821492868   0.699734274429   0.45250451622
-0.61276477015   -0.0266469115259   0.789815975439
0.224439220217   -0.949622651473   -0.218732324912
-0.805072387591   -0.054217336619   -0.590693571516
0.549076917098   0.308670154861   -0.776683471185
0.94725695946   -0.199675194033   0.250667358825
-0.110887988515   -0.938075618821   -0.328207272055
0.300679500291   0.28310064697   -0.910740280907
-0.9967291512   0.0685608166937   0.0428296756317
-0.0734037678953   -0.545637779327   -0.834801995597
-0.0338652264009   -0.835213684878   0.54888263173
-0.98968399061   0.0503066004749   -0.13413813485
0.0431347721752   0.997507084405   0.0558480593106
0.136613266932   0.0494859601101   -0.98938675444
-0.875121120146   -0.243020038527   -0.418454925863
-0.481743480485   0.355901730029   0.800785401764
-0.0456780375522   0.902372041645   -0.42853050935
0.883744001865   0.0315165614049   -0.466908175851
-0.462571719541   0.209949252691   -0.861364446567
0.0708797756779   0.977204181267   0.200120063153
0.213625539787   0.671699425972   0.709354645919
-0.359012165272   0.729285581246   -0.582454124782
-0.90855621605   -0.130239868853   0.39694229019
-0.474145305709   0.781564501849   0.40539030894
0.843486575213   0.271223698815   0.463645538219
0.252417849147   0.561777284273   -0.787838347269
-0.834927127719   0.541620481844   0.0976923990714
-0.522419463759   -0.835792998261   0.16890182849
0.173131323205   0.0899843176822   0.9807794686
0.0123955229047   0.558456471444   -0.829441201004
0.491127690554   0.719153524753   0.491540227505
0.87099938461   -0.413454439071   -0.265359153084
0.717076647984   -0.691791244766   0.0850056352175
0.689162305573   0.685494218444   -0.234846751903
0.104194054202   0.226985801245   0.968308342155
-0.181788493351   -0.928432083231   0.323985136776
-0.957401609522   0.24228309016   0.157101174826
-0.224353872509   -0.281624728804   -0.932926647513
0.0860957209994   0.920917329871   0.380127861351
0.867057261549   -0.257184506917   0.426691485072
0.490711345524   0.292856944229   -0.820630235507
0.934294800809   0.0147846604756   -0.356194953071
-0.0325850757712   -0.991418921105   -0.126621352928
-0.355009357082   0.129908306105   -0.925795989597
0.814682033927   0.139709030168   0.562827292758
-0.566700498684   -0.0141556624144   0.823802229111
0.123059820312   -0.990091387088   0.0676408197149
0.193184983122   -0.684579421604   -0.70287310858
0.980157802975   0.102243116206   0.169814777541
-0.044387751862   -0.721732216907   0.690747671484
-0.482159450461   0.372501677487   -0.792946817546
-0.838201159026   0.0671322237704   0.541213463288
0.254835186334   0.925600181561   0.279862964092
-0.262102777341   0.882473701179   0.390566734974
-0.169343611658   -0.440494060639   0.881639273042
0.950065760319   0.164940090055   0.264895943055
0.155974581742   0.744128301036   -0.649576674174
0.634815349472   -0.579351049332   -0.511244478625
-0.756760369014   -0.332617673081   -0.562750579904
-0.165733592677   0.433380067519   -0.885840875516
-0.916183948347   -0.400021045145   -0.024291814994
-0.364882600913   0.807567233462   0.463352818207
0.94571469517   0.171748763238   0.275909545386
0.00846664356853   0.835649702421   -0.549197495883
-0.324887720382   0.521720170076   0.788832068062
-0.0875281542422   -0.848762828881   -0.521479138723
-0.0173362028096   0.524706839671   -0.85110645202
0.996011188635   -0.0654553046541   -0.0606409479496
0.929786655796   -0.103372350601   0.353285908739
-0.0928721132551   0.862830049986   0.496889402492
-0.35619032379   -0.494811544793   0.792647458044
-0.956513729078   -0.258671587786   -0.13480082145
0.246283644358   -0.963823476922   0.10192860454
-0.156290173438   0.0642968395316   0.985616205093
0.19571749578   -0.133714537186   0.97150146846
0.276193429666   -0.943042711682   -0.185439151315
0.940963267128   0.30461600742   -0.147638900047
-0.329489257145   -0.247211622936   0.911220739859
0.856879008072   -0.483573554681   0.178647630441
0.396478484648   0.83966840111   0.371162746614
0.631534378922   0.508264439994   -0.585518071787
0.188934418255   -0.833284336208   -0.519557629604
-0.751976022856   0.21749391697   -0.622276214502
-0.335394584071   0.107560675031   0.935917302435
0.807584765739   0.54437982973   0.226842356981
-0.485095188553   0.831914244355   -0.269446413576
0.743349913891   -0.311906379926   -0.591730786247
0.491615849269   -0.345125623314   0.799501220327
-0.453590972108   -0.885213395018   -0.103210990004
-0.992171649252   -0.0360663106018   0.119521884806
-0.105865234631   -0.264382322845   -0.958586838348
0.0661725910379   -0.96374031554   0.258500258149
0.735042792888   0.61379496888   0.288041376042
0.271348075427   -0.655625408335   0.704645712645
0.621355228591   -0.439785282342   -0.648464817573
-0.517143743889   0.3911385068   0.761296904978
-0.843954282134   -0.084952911087   -0.52964530073
-0.142490275803   -0.916402555331   0.374035909696
0.382548359413   0.865269739197   -0.323983059771
-0.444403510525   -0.135110303689   -0.885579307989
-0.810038433917   0.482756117864   0.332842691773
0.728878088653   0.66027962751   0.181017597046
0.568446095654   -0.730997430729   0.37750586182
0.381583009686   -0.172256938516   -0.908141356099
0.605828706269   -0.792965565277   0.0646311173291
-0.748068545414   -0.54009869535   0.385599290802
-0.270859779969   -0.281955624149   -0.920399890673
0.473503269417   -0.845510542701   0.246792705511
-0.806340813945   -0.303370822055   0.507721176625
-0.354413895155   -0.439406672239   -0.825416735558
0.630348731435   -0.708592946125   -0.31710648219
0.0307303439398   -0.385382200687   0.92224521344
-0.775703635615   -0.591080895016   -0.221149881837
-0.166925459891   -0.584593117488   -0.79396898614
0.337538063275   0.722727316259   -0.603103039114
0.926392961873   -0.368668017237   0.0766808450363
0.893845966308   0.440667105787   0.0827761667867
0.316731346719   -0.489886943732   -0.812214309166
-0.317365161787   0.752212291767   -0.57745655477
-0.227410637574   0.801462329315   0.553120784535
0.63391891806   0.553010285402   -0.540672223702
-0.739209897743   0.227679122552   -0.633822555339
0.104500050697   -0.0492370413926   0.993305317244
0.880055071196   -0.46063175145   -0.115418635366
0.463230840048   0.886224634888   -0.00480473349045
0.0150398648113   -0.712085843688   -0.70193130478
0.96950650155   0.182119257444   -0.163980858531
0.244603656682   -0.678060712423   0.693110901893
0.10418710042   -0.506950443432   -0.855655498793
0.989418620422   -0.0345153678974   0.140923827698
-0.100974641731   -0.861283913443   0.49799012308
-0.377889694048   0.336434603011   0.862560802088
0.549322963034   0.831414954326   -0.0836268858651
-0.74528092803   0.442222717251   -0.498994395715
-0.103212831215   -0.994629889508   -0.00768938034848
-0.958514958402   0.0973936032822   0.267888181528
-0.265700617601   0.0350197969581   -0.963419908852
0.464714360982   0.132190444982   -0.875537698816
-0.249953827345   0.968163559703   0.0135058001482
0.84944903319   0.212567656753   0.482961017022
-0.804299450634   -0.414360460346   -0.425916047266
-0.326963272398   -0.289899232862   0.89947266632
-0.496179492643   0.862705898818   0.0976871602528
-0.712246329419   -0.132135408108   -0.689378615852
-0.313516931717   -0.818824914655   0.480864025886
-0.628020521637   0.558626272018   0.541780617147
0.0646631163639   -0.291873685628   -0.95426851149
0.683408148974   -0.683873845979   0.255479531259
-0.727167066292   -0.668674988776   0.155247480039
-0.898422341486   0.42227917349   0.120488388123
-0.43902752364   -0.85774385912   -0.267451237491
-0.00959090829476   -0.29318190699   0.956008567194
0.48282761319   -0.871267896445   0.0881460098882
-0.548465173991   -0.222392452574   0.806056747516
-0.682688376461   -0.437531461636   -0.585237311082
-0.592076629727   -0.177721529378   -0.786040934921
-0.445299520267   -0.740803305876   0.502910360594
-0.671679708363   0.647785112162   0.359472988471
-0.343469400309   -0.894345933512   -0.286660335358
0.938050752565   -0.341547427146   -0.0583623696552
-0.0457119488675   -0.288947628109   0.956252940793
0.647504377462   0.357178937533   -0.673172550213
-0.544155348203   -0.401721317631   -0.736556120434
-0.533510105621   0.843233756504   -0.0657554772981
0.759047117397   -0.572639758401   0.309728000812
-0.495339865499   -0.816703340155   -0.296033757405
0.422476206473   0.0712830623222   -0.903567698176
-0.696999859109   -0.387987885545   -0.603038054838
-0.615737173627   -0.107167754147   0.780629038268
-0.367501330509   0.915412127429   -0.164201832353
-0.897512657942   0.201222485342   0.392444006504
0.0880196899553   -0.79023192525   0.60647835987
0.432151965202   0.578854885272   0.691503336197
0.57493828948   0.16010856111   0.802378499387
-0.365122844983   -0.827399131278   0.426727285525
0.732209885   -0.538308570245   -0.417244191468
-0.440548298208   -0.480054393548   0.758594340765
0.422053441268   -0.856560145329   -0.296944645761
0.792331046545   0.189348908545   0.579964326026
0.780720688673   0.134675526571   0.610194812327
0.188325488519   0.880385457203   -0.43526423838
-0.59582607934   0.454735032059   0.661972306112
-0.629026594569   0.524145028708   -0.574104789073
-0.0413230069305   -0.76000941875   -0.648595999659
-0.776283922965   -0.384260784567   0.499726469875
-0.598341316402   -0.35921843265   0.716204896253
-0.51728142713   0.855810373306   -0.0029154792394
-0.611888274866   -0.372223981653   -0.697883724191
0.574053167681   0.519221143999   -0.633144893642
0.0725208765056   -0.802443741415   -0.592304950037
-0.815600254532   0.294098342381   -0.498299822994
0.915612840313   0.392514089069   0.0870945182738
0.375568011722   -0.912300522285   0.1632428724
0.143531995743   -0.116757255452   -0.982729778543
0.683064631225   0.729584395332   -0.0336052997838
0.304479479236   -0.24263873541   0.921096453768
0.663863655286   -0.639400532145   -0.38788141413
0.227251197592   -0.169014567522   -0.95905732766
0.786066642018   0.613175232743   0.0782007835047
0.574853125659   -0.771654199885   0.272201522709
-0.283057730735   0.257157858524   -0.923984936305
-0.284562501993   0.897487534234   0.336957428773
0.915916212968   0.358309868892   -0.180863301625
-0.170090423351   0.0907269848916   -0.981243925235
0.0290349742803   -0.994860464037   -0.0970188633844
-0.985001521251   -0.0449922637388   0.166580209691
0.557987501734   -0.825914212819   -0.0807195890391
0.346381119136   0.143409380329   0.927067339873
-0.754102154418   -0.545251726651   0.366101737906
0.182272178879   0.89309686072   -0.41128436309
0.349717345311   0.332053545209   0.876035503181
0.918952995718   -0.303510167567   -0.251807336779
-0.464216975995   -0.620579105906   0.631968435407
0.160942408152   -0.760729807516   -0.628798551247
0.870976504445   -0.190188459441   0.453021249793
0.189119831577   0.473653287559   -0.860166409437
0.796683133512   0.438079555307   0.416391987925
0.574046752031   -0.76402805316   -0.294502053587
0.24307437811   0.535607082948   -0.808727315505
0.350913210019   0.728709073561   0.588084173319
0.904308983247   -0.426741289976   -0.010821095579
0.277552592533   0.248460344427   -0.928025777505
0.770714632624   -0.634283543045   0.060687339645
-0.573553259538   -0.73208705451   -0.367538947157
0.949528200182   0.301253480507   -0.0874217529169
0.248468292547   -0.89243752592   -0.376589591106
-0.191467307912   0.335860913197   -0.922246540875
0.741227380273   0.585350038211   0.32855336602
-0.00639866832017   -0.48327837714   0.875443390096
0.671223538473   -0.651004919325   -0.354473712789
0.609605845438   0.0201028565539   0.792449861372
0.35293981234   -0.902009432578   -0.248623047275
0.709798842276   0.431249122815   -0.556965504289
-0.740606989754   0.533552292157   -0.408440222926
-0.204850864243   0.399632102859   0.893493350275
0.639951238446   0.745396669634   -0.186671739377
-0.766302157396   -0.422007324386   -0.484448843191
0.38416331799   -0.905351561639   0.180988794836
-0.514975153396   -0.0474153657532   0.855892728703
0.0253208208927   -0.976900651159   -0.212188519754
0.91239808589   -0.0641553728757   0.404244745885
-0.408519990959   -0.203836207475   0.889697823333
-0.625734400039   0.567141629123   0.535543510633
-0.635649823285   0.0271942698234   -0.771498402468
-0.45211257605   -0.823171218744   0.343487075074
0.992622998331   -0.121228473261   -0.00180008459156
-0.016111887991   -0.1171802372   -0.992979947491
0.120166509889   0.985683735447   -0.118269017913
-0.45738456401   -0.888207972384   0.0433276254773
-0.865927398539   0.433769650955   -0.249018593304
0.202386822188   -0.151417030566   -0.967522994624
0.102556847652   -0.986656913991   -0.126452687459
-0.0317709096627   0.123809079372   -0.991797345708
0.994219672604   0.105733153393   -0.0186495419653
0.358764826178   -0.322090927549   0.87609658514
-0.855363551564   0.262305185764   0.446709274216
-0.373685679092   -0.909644664364   -0.1813989642
0.420570291527   0.234231668526   -0.876502222378
0.446137088353   0.787828144727   0.424603944035
0.789988809269   -0.569615955143   0.226837678056
-0.441476079788   0.189562831325   0.877020402587
-0.886845778423   -0.240763590164   -0.394382357573
0.136394350565   -0.95189222691   0.274404374458
-0.769051930484   0.63163088487   0.0979871171908
-0.621173454062   -0.774682173057   0.118368036665
0.150673786123   0.0301641743554   0.988123237372
-0.602904777448   -0.746940747744   -0.280331223491
0.756807311529   -0.646648447507   0.0953348385685
-0.25248518515   -0.154678885401   0.955157411413
0.0385546914469   -0.735712924224   0.676195287916
0.842216751355   -0.340246092586   -0.41821477005
0.537758791658   0.585627136736   0.606511627646
0.992109308806   0.113973116473   0.0522422047693
-0.0771411452733   0.226430112424   0.970967885067
0.0988350289304   -0.967336300801   0.2334354392
-0.758280865435   0.119538812306   -0.640875106067
0.00461428692915   0.984004960919   0.178081295966
0.651911909371   0.132078431128   -0.74670372209
0.725732911082   -0.570075467034   -0.385130929047
-0.392479523822   -0.802837934294   0.448789395611
-0.565041320616   -0.174545295318   -0.806388922618
0.0704356180048   0.911234407715   -0.405821070681
0.880346148304   0.134523494864   0.45485618344
0.46907307147   -0.389301095097   -0.792726455616
-0.380363613224   0.849983252142   -0.364487958141
0.917682088469   0.395801636804   -0.0346470876
0.114815439098   -0.34766263425   -0.930562936491
-0.967279464615   0.24446508713   -0.0678728775192
0.166408453657   0.409372485655   -0.897063116575
-0.191515359383   -0.879005591417   -0.436658504551
0.60084747189   0.725339230759   -0.335954335134
-0.796134176986   0.505263201376   -0.332985688716
-0.071782220702   0.46753833744   0.881053469235
-0.646396233699   0.199235911188   -0.736530511334
-0.353701104703   0.777077793576   0.520620459512
0.676067800567   0.597038680508   -0.431830228181
-0.804555483474   0.461082903908   -0.374268080105
0.423433779047   0.00352399856432   -0.90591519546
-0.416386689056   -0.887344951147   -0.198066029781
-0.972610516777   -0.132245071281   0.19115589906
0.204270981203   -0.0938636819567   0.974404065384
-0.110917549837   0.986762969269   0.118306327908
-0.587607590962   0.511410242666   0.627038476641
0.676714247812   0.735444842591   0.0343332449973
-0.443593861883   0.444500290889   -0.778231578508
0.927316431365   0.373998455012   -0.0144704006049
-0.36752087692   0.902579898331   -0.224227413865
-0.070800013225   0.213247939614   0.974429409774
0.99816769831   -0.0518180215198   -0.0312432186369
-0.00841227075341   0.392490490978   -0.919717594102
0.0599206121947   0.91829522042   0.391335422759
-0.850373419353   -0.394010586405   0.348744620577
-0.519169134761   0.520435331875   -0.677946178088
0.0856187017715   -0.757564036022   -0.647122896324
-0.336994172998   -0.779161467598   0.528528284905
-0.419234290169   -0.378458275114   -0.82523436145
0.843016815064   -0.499676444094   -0.199112865413
0.438369607549   0.267518082469   -0.858059538171
0.364285269587   0.819866499285   0.441718426578
0.821661936477   -0.506214383013   0.261951658715
0.175555864072   -0.404623813676   0.89747406047
-0.952158547687   -0.301427342548   0.0503550155068
0.250148395711   -0.863377725521   -0.438183352533
0.0510161133289   -0.599618424342   -0.79865830661
0.998062382771   0.0591335065914   0.0193571158231
0.0356205786656   -0.7980983417   0.601473363397
-0.996708702944   0.0216489163532   -0.0776930112698
0.0769000378742   -0.03530966446   -0.996395971974
-0.0243159156599   -0.999124553402   0.0335632418115
-0.593128784634   -0.134517077565   0.793790406804
0.316113810778   0.867856296791   0.383272084731
-0.740452640434   0.478257867831   -0.4722278294
-0.817558774583   0.568162377633   0.093751745601
-0.00673435471239   -0.172229656901   0.985033877687
0.575805979152   0.804691620664   0.144633940907
-0.935436131832   -0.0116125020895   0.353305925764
0.259522789927   0.65605080055   0.708692733265
-0.240016351305   0.754627469994   -0.610680032396
-0.576670316782   0.167248745585   -0.799673424867
0.537375678444   -0.659621037485   -0.525476703269
-0.615367458967   -0.732752511126   0.290509759755
0.302850112342   -0.100978351123   0.947673596626
0.735031777137   -0.608200001578   -0.29970183781
0.606638409382   0.787334920851   -0.109971196524
-0.241622392266   -0.82371197506   -0.512949454446
-0.238136066638   0.562781286265   -0.791560747424
0.940696430545   -0.0691070563586   -0.332136082272
0.953271119395   -0.144274856873   0.265441025292
-0.196973245568   0.369390127761   0.908158832296
-0.229075779523   -0.918006366983   0.32371065378
0.999017755813   -0.0300102678317   0.0326022608145
0.0320862795037   0.997360126785   -0.0651402195869
-0.0305613195584   0.0661223212304   0.997343393432
0.888414982497   -0.399231856168   -0.226567330268
-0.224869956673   -0.808792269839   0.543404774715
-0.400190370587   -0.431820763301   -0.8083184261
0.852135704705   -0.5229883602   0.0186525456213
0.522555906501   0.852275908231   0.023687600643
-0.0282854546256   -0.0104380524525   0.999545386725
