-0.166191885594   -0.85151244018   0.497299538936
0.701465121771   0.252359184588   0.666529467715
-0.693056238804   0.459610065831   0.55536622248
0.786639542938   0.223238658507   -0.575641151427
0.257417824466   0.728857986785   0.634430535453
0.561190072538   -0.647248439176   0.515882903778
0.951764531557   -0.16682888499   0.257511942368
0.0604696206146   0.924794302457   0.375631367787
-0.300811738986   -0.341940963641   0.890274495325
-0.603775766842   0.744359066548   -0.285278821587
0.304701318803   -0.115195914499   -0.94545583254
-0.736621702313   -0.657768352091   -0.157254494149
0.563973429727   -0.71469797302   0.413691633772
0.553370698207   0.698927193678   0.453080170996
-0.612955814768   -0.0266003448299   0.789669288968
0.224511939937   -0.94967514851   -0.218429880074
-0.804706102394   -0.0542638738206   -0.591188355931
0.549584014484   0.3085007224   -0.776392278711
0.947249086292   -0.199500990142   0.250835758606
-0.110559691717   -0.938004213839   -0.328521910918
0.3008251609   0.283459779012   -0.910580443763
-0.996735241703   0.0686163140473   0.0424723238187
-0.0731445418659   -0.545866952305   -0.834669941923
-0.0340877227051   -0.835054391882   0.549108971888
-0.989737090778   0.0493341354115   -0.134153543605
0.0421883208139   0.997561511456   0.0555984654852
0.136569307553   0.0493678727575   -0.98940495989
-0.874684138248   -0.24369817577   -0.41897075709
-0.482487689478   0.355458894215   0.800533442084
-0.0461619504921   0.902363209312   -0.428494939159
0.883682792543   0.0312865955264   -0.467039473834
-0.462640607592   0.210130512344   -0.86128324569
0.0711926217055   0.977172610156   0.20016316796
0.214029564989   0.671375459103   0.709539514573
-0.358705991836   0.729642803398   -0.582195315632
-0.908582049815   -0.129909072194   0.396991536226
-0.474898562498   0.781070266008   0.405458811599
0.84301117444   0.271523404311   0.464333231612
0.252586159783   0.562318797275   -0.787396508261
-0.834694948439   0.542182408987   0.0965554545693
-0.523216164889   -0.835443838086   0.168163062915
0.171841686504   0.0898454579556   0.981018976559
0.012585544232   0.557462942169   -0.830106446653
0.490611356066   0.719933359465   0.490913909705
0.871287634462   -0.413438069789   -0.264436896937
0.716382098329   -0.692356547623   0.0862502007272
0.690011003704   0.684732990169   -0.234575240747
0.103351347008   0.227559090718   0.96826409567
-0.180946055769   -0.928591219404   0.324001891903
-0.957312313535   0.241803940298   0.158379973368
-0.225415201493   -0.281512750788   -0.932705278807
0.0853164488278   0.920973410276   0.38016223696
0.86696558204   -0.256646070761   0.427194999685
0.491005120547   0.293143080702   -0.820347275947
0.934499839674   0.0154216108802   -0.355629395274
-0.0319628486452   -0.991390716592   -0.126980853812
-0.354525696067   0.130030515058   -0.925961590287
0.814693474007   0.139960767514   0.562748189003
-0.566643713229   -0.0141091153573   0.823842108733
0.123245458037   -0.990056514256   0.0678132867812
0.192501665323   -0.68495863898   -0.702691111622
0.980294284985   0.101873448479   0.169248175547
-0.0443424209037   -0.721424627378   0.691071824708
-0.481620117873   0.372905627189   -0.793084770414
-0.838172033133   0.0682960357577   0.541113013135
0.255948632982   0.925352388727   0.279666324177
-0.26141411985   0.882856967626   0.390161921844
-0.169452187838   -0.439916787907   0.881906617198
0.950236132011   0.164429012452   0.264602432471
0.155214708695   0.743975990244   -0.649932038396
0.634958260484   -0.579142802179   -0.511300526987
-0.756795835107   -0.333316587339   -0.562286984394
-0.164589221991   0.433334212126   -0.886076696001
-0.916204382358   -0.39990630598   -0.0253880173427
-0.365349121176   0.807648736938   0.462842917466
0.945768713659   0.171114395776   0.276118460782
0.00905271194196   0.835797695218   -0.54896289745
-0.324714627377   0.521691554397   0.788922261713
-0.0879049156262   -0.849006520708   -0.52101887701
-0.017092950766   0.52425224228   -0.851391463873
0.995982215424   -0.0659357377863   -0.0605963796203
0.929992434563   -0.103487991489   0.352709947497
-0.092456751264   0.862841958542   0.496946177482
-0.355760903686   -0.494766601324   0.79286833018
-0.956480472722   -0.258496215412   -0.135364651662
0.246028373173   -0.963860017519   0.102189425133
-0.156888246518   0.0644386967044   0.985511909322
0.195251986969   -0.133214418684   0.971663882726
0.276892001833   -0.942940548627   -0.184916826226
0.940854718679   0.305151326321   -0.147225128728
-0.329567248519   -0.24723591136   0.911185963015
0.857148406635   -0.482974804229   0.178974793986
0.395830852847   0.840005816654   0.371090523174
0.631362379615   0.508821494086   -0.585219786286
0.189116052492   -0.832886800537   -0.520129334524
-0.752074883103   0.217715624378   -0.622079677605
-0.33572002036   0.107825466942   0.935770092228
0.807391428899   0.544640190294   0.22690552972
-0.485191794417   0.831709509117   -0.26990395973
0.742857677828   -0.312638289584   -0.591962655851
0.491576009142   -0.345510746464   0.799359388917
-0.454439779588   -0.884804896743   -0.102979843187
-0.991666346933   -0.0453271172126   0.12067771909
-0.104006686725   -0.271751269236   -0.956737425718
0.0761594941952   -0.961306062136   0.264759696362
0.73452079721   0.614170810963   0.28857137061
0.271864822889   -0.655973735844   0.704122231119
0.621746523151   -0.438740029223   -0.648797801705
-0.517379411647   0.391107278523   0.761152889107
-0.843772036377   -0.0848136145245   -0.529957977825
-0.14271431091   -0.916428832108   0.373886151053
0.382359284969   0.865263864101   -0.324221856238
-0.444257363974   -0.135521260826   -0.885589838978
-0.810207850577   0.482651441339   0.332582040351
0.728897470335   0.660197550486   0.181239129636
0.568085188101   -0.730987979312   0.378068081385
0.382083298299   -0.172613584154   -0.907863729934
0.605611724799   -0.793222108205   0.0635058155574
-0.74810717376   -0.540327303242   0.385203226836
-0.271237825759   -0.280792728631   -0.920643697157
0.473859262323   -0.845480133588   0.246212818967
-0.806100238854   -0.303918763563   0.507775356225
-0.354485279573   -0.439086268493   -0.825556458778
0.630040592016   -0.708628581991   -0.317638734553
0.0309803447076   -0.385770098591   0.922074604466
-0.775943974231   -0.590784978435   -0.221097249463
-0.167027076923   -0.585041777083   -0.793617078659
0.337200536541   0.722489853286   -0.603576182737
0.926497569683   -0.368421673192   0.0766010344161
0.89380669672   0.440687719697   0.0830898224501
0.31692058217   -0.489625696285   -0.812297953878
-0.317286825261   0.75237022468   -0.577293734558
-0.227584479852   0.80153720669   0.552940683594
0.634004941504   0.552962922971   -0.540619770145
-0.739082557926   0.227530455136   -0.634024328857
0.103915353858   -0.0487951464093   0.993388439506
0.880079159971   -0.460766337406   -0.114695193336
0.463316555112   0.886179072692   -0.00493707447456
0.0138627376491   -0.712677119202   -0.701355221269
0.969466747814   0.181326099996   -0.165091092401
0.24483065069   -0.677651951723   0.693430446568
0.103316521823   -0.506934831215   -0.855770292821
0.989545454906   -0.0346551285679   0.139995852807
-0.100625592413   -0.861287479899   0.498054594192
-0.377869343021   0.336240456205   0.86264532844
0.549909786087   0.831083936878   -0.0830584031222
-0.744858264528   0.442991903734   -0.498943055921
-0.102828088059   -0.994668149731   -0.00789467409512
-0.95837362983   0.0969438616759   0.268556179759
-0.26635885496   0.0351810737519   -0.963232290028
0.464632277738   0.130712811898   -0.8758030682
-0.250188167144   0.968125789097   0.0117617142443
0.849424943408   0.213650690863   0.482525289032
-0.803998123745   -0.414822531569   -0.426001985577
-0.326475841629   -0.29080191328   0.899347078071
-0.496959705856   0.862168144451   0.0983938617435
-0.712309214441   -0.131919501336   -0.689352294637
-0.313482699903   -0.818963395871   0.48064635879
-0.627963325216   0.558470742764   0.5420062934
0.0648886110414   -0.290762629054   -0.954592332041
0.683426741817   -0.684098324405   0.254827974751
-0.727129503882   -0.668929369733   0.154324805305
-0.898396162656   0.422398273267   0.12026775175
-0.439074482404   -0.857654732906   -0.267660699514
-0.00991121946595   -0.293271802095   0.955977732348
0.482944148532   -0.871234608479   0.0878362463682
-0.548544002362   -0.222822009589   0.805884501039
-0.682542618933   -0.437379250229   -0.585521104794
-0.59182895253   -0.177368634573   -0.786309006656
-0.445701905719   -0.740796666783   0.502566797135
-0.671633305992   0.647891921399   0.359368843975
-0.343591707524   -0.894351641174   -0.286495826928
0.938025852207   -0.34154785165   -0.0587583530645
-0.0453014073653   -0.288929377864   0.956277991169
0.647449086524   0.357383130792   -0.673117366442
-0.544155628678   -0.401593101036   -0.736625872475
-0.533576932558   0.843208350319   -0.065539054773
0.758850418682   -0.572540395889   0.31039319091
-0.494945310983   -0.816764094029   -0.296527462242
0.423291361858   0.071392519238   -0.903178086002
-0.696934155953   -0.388855693594   -0.602557885237
-0.615619120852   -0.106558850973   0.780807015884
-0.367828565426   0.915116248119   -0.165123449935
-0.897567629491   0.201564159698   0.392108509637
0.0875571933457   -0.79016566739   0.606610686649
0.432100603677   0.578804523815   0.691574420242
0.575028599344   0.160525514674   0.802230483444
-0.364725635458   -0.827434008294   0.426999431596
0.732336944492   -0.538130897536   -0.417250526601
-0.440686296704   -0.480270258998   0.758377122339
0.422196216966   -0.856453993492   -0.297046537222
0.792177843508   0.189279605924   0.580196031402
0.780064454464   0.134534671843   0.611064536595
0.188888728559   0.880412883807   -0.434964598178
-0.5965069103   0.454723625422   0.661366712801
-0.629349686147   0.524054255965   -0.573834599818
-0.0416968235047   -0.760117574056   -0.648446366491
-0.77600282606   -0.384172424974   0.500231120258
-0.59840200378   -0.358902247867   0.716313018757
-0.517371477803   0.855754013716   -0.00343991555611
-0.611753151459   -0.372658363035   -0.697770704635
0.574134520444   0.51997043441   -0.632455752995
0.0731461892554   -0.801939804541   -0.592909857476
-0.815487073567   0.294148281372   -0.498455163544
0.915298289839   0.393359249886   0.0865882548876
0.376447296198   -0.911914357059   0.163399186226
0.143235674817   -0.116963077095   -0.9827526763
0.682660100968   0.729927936209   -0.0343569677162
0.304711470021   -0.241615200341   0.921288793695
0.664173255504   -0.639396066058   -0.387358473336
0.22743469688   -0.169368376788   -0.958951413464
0.785920495335   0.613380128029   0.0780627596472
0.574980378319   -0.771413749149   0.272614001571
-0.282414199454   0.256581815151   -0.924341904304
-0.285194782349   0.897541635682   0.336278077578
0.91591818414   0.358587202048   -0.180302704717
-0.170246224028   0.0908900938423   -0.981184376307
0.0304504159332   -0.994748479215   -0.0974317720108
-0.984914494582   -0.0464668577485   0.166616841951
0.558077344803   -0.825744284666   -0.0818295123363
0.347225265228   0.142823288395   0.926842032712
-0.753647336581   -0.54566282149   0.366425708123
0.182111291859   0.893293518762   -0.410928444642
0.349218029718   0.331912375276   0.876288171274
0.919174773913   -0.303085599678   -0.25150921399
-0.464379479454   -0.620290658239   0.632132231589
0.160131969687   -0.760804198835   -0.628915475277
0.871039270754   -0.190830872921   0.452630259414
0.189129692072   0.473921164589   -0.860016686002
0.796298339682   0.43845524338   0.416732481696
0.574577170333   -0.763646342776   -0.294457731857
0.242583173148   0.535682012241   -0.808825185146
0.350809027355   0.728872172126   0.587944198858
0.90448130146   -0.426368545282   -0.0111099612859
0.277294100786   0.248603820938   -0.928064795223
0.770735547084   -0.634288279745   0.060377283092
-0.573650451389   -0.732034725998   -0.36749229749
0.949492749247   0.30150951269   -0.0869224272901
0.248959450153   -0.892461778946   -0.376205059207
-0.191004415625   0.335563806378   -0.922449625603
0.740967717793   0.58589667421   0.328164486791
-0.00566960811457   -0.483198696748   0.875492368186
0.671516715194   -0.650572146928   -0.354712832566
0.609504064976   0.0200816214197   0.792528532783
0.353635803621   -0.90159821602   -0.249122744045
0.709539614955   0.432107800999   -0.556629312782
-0.740696448197   0.533630904699   -0.408174903666
-0.204688760495   0.399420457616   0.893625079511
0.639899371589   0.745453773855   -0.186621040246
-0.766555355878   -0.421069352631   -0.48486478733
0.383424432274   -0.905778447866   0.180420378676
-0.515149460305   -0.0476068123375   0.855777223119
0.0252385788886   -0.976697638009   -0.213130735426
0.912114307906   -0.0647614128167   0.404788115574
-0.409158252745   -0.204615867185   0.889225431465
-0.6255501473   0.567276152748   0.535616253571
-0.635828581673   0.0271581854073   -0.771352346544
-0.45211615686   -0.82307970107   0.343701589902
0.992641423089   -0.121072970346   -0.00208344108106
-0.0163292102665   -0.116790264756   -0.993022329259
0.119984839739   0.985749118877   -0.117907880476
-0.456782727827   -0.888506613276   0.0434796740961
-0.866296670935   0.433203771035   -0.248714118862
0.202149849917   -0.151276677513   -0.967590032103
0.102730884713   -0.986714261227   -0.125862316724
-0.0310258386813   0.123291702615   -0.991885348398
0.994225202564   0.105802238744   -0.0179477679107
0.359247943392   -0.32253234855   0.875736151229
-0.855338476813   0.261540577084   0.447205349914
-0.373278733004   -0.909708425292   -0.181916414419
0.421353202471   0.233671013176   -0.876275834506
0.446313399731   0.787698872966   0.424658492671
0.789471867616   -0.570024862422   0.227608938369
-0.441495123198   0.189328218166   0.877061520076
-0.886791338857   -0.24097810444   -0.394373805688
0.136686522818   -0.951884658502   0.274285262975
-0.768929133831   0.631828223079   0.097678453554
-0.621256555706   -0.774489701156   0.119188889616
0.150957860876   0.0309644301761   0.98805512411
-0.603186366108   -0.746779027024   -0.280155483679
0.756439921817   -0.646986484701   0.0959527508619
-0.25291234632   -0.154043404638   0.955147092882
0.0384966883746   -0.73553692592   0.67638996419
0.841951615683   -0.340682524485   -0.418393142799
0.53817787942   0.585594378134   0.606171405733
0.992143628488   0.113549941084   0.0525112516871
-0.0772994748741   0.226380522788   0.970966874818
0.0983657046845   -0.967397690554   0.233379343905
-0.758277107691   0.119235504391   -0.640935841351
0.00366456757324   0.983896389705   0.178702169957
0.651922103614   0.133157009187   -0.746503055457
0.725540784526   -0.570221678722   -0.385276248104
-0.391894535529   -0.802555106288   0.449804229271
-0.565693577177   -0.175363647211   -0.805753211612
0.0700071503699   0.9110034876   -0.406413067684
0.8801872306   0.135312326454   0.454929615349
0.469435166016   -0.389567916304   -0.792380806355
-0.379851587191   0.849950175846   -0.365098527194
0.91781977948   0.395528251282   -0.0341177394657
0.115408354877   -0.348054401395   -0.930343106514
-0.967410657121   0.244028251077   -0.0675170237134
0.165952350403   0.409718798008   -0.896988204108
-0.191228013665   -0.878964295969   -0.436861033564
0.601119474768   0.725118817477   -0.335943567657
-0.795895753713   0.505248725136   -0.333577095676
-0.0721479683152   0.467895747018   0.880833833083
-0.646271827082   0.199583939222   -0.736545229454
-0.353805803748   0.776816806009   0.520938661792
0.676131700973   0.597261992194   -0.431420846966
-0.79561496017   0.461853689855   -0.392828945556
0.44866297335   0.0123201213152   -0.893808928025
-0.4078295571   -0.887064841282   -0.217291949316
-0.972630498228   -0.132093901899   0.191159495806
0.204239521954   -0.093713162983   0.974425228168
-0.110801486576   0.986797602703   0.118126611873
-0.588103806404   0.510990514112   0.626915099377
0.67610026772   0.736009317815   0.0343322178359
-0.4438719132   0.444048384392   -0.778330703226
0.927325810645   0.37397158372   -0.0145634842686
-0.36755695713   0.902710419722   -0.223642082011
-0.0704891748376   0.212741984928   0.974562529516
0.998168438902   -0.0516768802944   -0.0314526251523
-0.00865975646855   0.39250401826   -0.919709522884
0.059873000625   0.918297390778   0.39133761397
-0.850147463387   -0.394131852397   0.34916098887
-0.519546283492   0.520104178638   -0.677911753916
0.0855860533743   -0.757728691363   -0.646935729916
-0.337151946475   -0.778598501608   0.529256992302
-0.418625637218   -0.379551742174   -0.825041257942
0.843256287536   -0.499724799002   -0.197974699759
0.43815539287   0.266668924651   -0.85843319586
0.364899644218   0.819992427987   0.440976952501
0.821503570765   -0.506458396725   0.261976708653
0.176195684452   -0.404522226323   0.897394435688
-0.951978848447   -0.301916945202   0.050816436534
0.250382261559   -0.863254195775   -0.43829303429
0.0511052895878   -0.59966986738   -0.798614012464
0.998069352285   0.058929492594   0.019619479134
0.0352967247227   -0.798074812338   0.601523692391
-0.996799322772   0.0217385063744   -0.0771950373409
0.0763870957172   -0.0358338174127   -0.996444665826
-0.0244263803569   -0.999131822026   0.0340376113549
-0.593648738   -0.134680226242   0.793374111459
0.315554365719   0.867976610449   0.38346062593
-0.740274737074   0.477993562742   -0.472774291452
-0.817357120576   0.56849070599   0.0935175591148
-0.00708302289581   -0.172222998422   0.985032482557
0.576087708119   0.804460986071   0.144794397701
-0.935596769681   -0.0116395215469   0.352876803516
0.259154977187   0.656133231113   0.708750783698
-0.239783683182   0.754555165069   -0.610859489902
-0.57665307443   0.167519144262   -0.799629605395
0.537529341425   -0.659274418295   -0.525755010049
-0.615249848944   -0.733003042142   0.290127015847
0.302868081712   -0.101040356949   0.947661233254
0.735272309586   -0.607860666195   -0.299800162348
0.606337857552   0.787588949171   -0.109809453019
-0.241640870193   -0.823841510801   -0.512732748401
-0.238339243917   0.562594199501   -0.791632602447
0.940640266526   -0.0690864496764   -0.332299517008
0.953341149908   -0.144850186221   0.264875584298
-0.196268967501   0.369279163865   0.90835642105
-0.229388630933   -0.917960412446   0.323619426228
0.998996650971   -0.0306583655231   0.032645918159
0.0327689728535   0.997267445148   -0.0662105525373
-0.0305268040764   0.0672138934494   0.997271480973
0.888490094637   -0.398760327752   -0.227102478457
-0.223635205682   -0.808394941754   0.54450402835
-0.400715147568   -0.432998317689   -0.807427737634
0.851867642936   -0.523421349664   0.0187513046148
0.522986945968   0.852010501425   0.0237225967567
-0.0283932220009   -0.0104018251304   0.999542708934
