-0.166630194861   -0.851468141026   0.497228764307
0.701387648635   0.252080228922   0.66671655423
-0.69302944063   0.45984519369   0.555205021183
0.786734697825   0.223189325677   -0.575530224515
0.257578165875   0.728606327439   0.634654478473
0.560983068274   -0.647548719006   0.515731181701
0.951816464565   -0.166506884115   0.257528394943
0.0600917027723   0.924748089692   0.375805742522
-0.300723134989   -0.342222773055   0.890196139693
-0.603656204888   0.744622211444   -0.284844829132
0.303733210551   -0.1155409738   -0.945725204021
-0.737119360258   -0.657409907847   -0.156419287995
0.563472149227   -0.715230868059   0.413453686025
0.553741886419   0.698383076106   0.453465553055
-0.613081616375   -0.0265685896778   0.789572698105
0.224564603008   -0.949710529065   -0.218221567962
-0.804458182072   -0.0543006941876   -0.591522164868
0.549925244954   0.308385066463   -0.776196419631
0.947244038702   -0.199379409218   0.250951307634
-0.110334376359   -0.93795583268   -0.328731375592
0.300923633197   0.283700269801   -0.910471455959
-0.996753358931   0.0686577338997   0.0422394035584
-0.0729786675152   -0.546030771925   -0.83458754151
-0.0342369058901   -0.834954110075   0.549256701765
-0.989766790406   0.0486763118883   -0.134167327077
0.0415479689022   0.997597809635   0.0554291152719
0.136543111413   0.0492872924868   -0.989411589978
-0.874392038271   -0.244153208494   -0.419317555643
-0.482987589597   0.355160920135   0.800364614322
-0.0464864494568   0.902357877089   -0.428472687094
0.883645420274   0.0311308729205   -0.467120582923
-0.462680075064   0.210246922586   -0.861233634363
0.0713997085251   0.977152543654   0.200187365342
0.214300270096   0.671157237876   0.709664277978
-0.358501675737   0.729882741498   -0.582020397295
-0.908598907046   -0.129688690414   0.397025054125
-0.475404660698   0.78073821853   0.405502751062
0.842691703542   0.271727637692   0.464792361947
0.252696141193   0.562680265399   -0.787101391408
-0.83453654251   0.542560651326   0.0957957410855
-0.523749873614   -0.835207652413   0.167673410079
0.170982321505   0.0897565718498   0.98117725454
-0.00184524843786   0.552408503789   -0.833571486449
0.485603498716   0.729186699036   0.482157645791
0.87417722466   -0.403895528944   -0.269597032752
0.715910306347   -0.692740313603   0.0870820924491
0.690585084365   0.684219245778   -0.234384864213
0.102784600839   0.227936134098   0.968235738115
-0.180380510953   -0.928696665357   0.324014678773
-0.957252177785   0.241481629716   0.159232467468
-0.226122259919   -0.281441315953   -0.932555485537
0.084789900452   0.921013607163   0.380183934359
0.866905345101   -0.256285242713   0.427535296527
0.491203635124   0.293334693757   -0.820161100879
0.93463539098   0.0158499779022   -0.355253547983
-0.0315430851811   -0.991367337645   -0.12721727536
-0.354205221491   0.130107569239   -0.926066661433
0.814702046865   0.140130775794   0.562693469138
-0.566604030505   -0.0140780768014   0.823869940421
0.123371176333   -0.990032914498   0.0679292245926
0.192038154349   -0.685210398532   -0.702572455274
0.980386503839   0.101620139594   0.168865769103
-0.0443130709401   -0.721221224472   0.691285972886
-0.481257106125   0.3731736231   -0.793179025788
-0.838154913172   0.0690688289945   0.541041393466
0.256686309438   0.925186951346   0.279537485373
-0.260954227627   0.883112859428   0.389890325874
-0.169528562128   -0.439530781841   0.882084259893
0.950348807186   0.164086112882   0.264410348722
0.154700349345   0.743870595756   -0.650171086736
0.635053674045   -0.578996538559   -0.511337751901
-0.756817505307   -0.333790356672   -0.561967754202
-0.163823989097   0.433302606404   -0.886233952707
-0.916217212617   -0.399829734559   -0.0261205534858
-0.365660753911   0.807703606092   0.462500949969
0.94580633394   0.170684561486   0.276255602962
0.0094472797389   0.83589776721   -0.54880385267
-0.324593787068   0.521672023661   0.78898489802
-0.088162350407   -0.84917169292   -0.520706127512
-0.0169300999912   0.523943495555   -0.851584758335
0.995962251795   -0.0662620921672   -0.060568659892
0.930130446855   -0.103567944163   0.352322340991
-0.0921766993347   0.862848176676   0.496987402769
-0.355472653125   -0.494739025501   0.79301480889
-0.956460900712   -0.25837616002   -0.135732271426
0.245856201892   -0.96388609871   0.102358472352
-0.157277517669   0.064531300967   0.98544380143
0.194935027914   -0.132878724712   0.971773333968
0.277360822779   -0.942871417743   -0.184564517312
0.94078219694   0.305509953327   -0.146943147868
-0.329622706549   -0.24725125034   0.911161761249
0.857327155279   -0.482575139805   0.179196694525
0.395397375788   0.840230995448   0.371042881727
0.631247087582   0.509196952373   -0.585017647031
0.189239770562   -0.832618735257   -0.520513875861
-0.752140607122   0.217864291292   -0.62194852052
-0.33593960368   0.108000068953   0.935671138467
0.807260914734   0.544814945668   0.226950347855
-0.485256952344   0.831572384074   -0.270209134141
0.742527556964   -0.313124042689   -0.592120057171
0.491552132428   -0.345768433173   0.799262595955
-0.455004757469   -0.884532379326   -0.102825800096
-0.992153495006   -0.0339808877925   0.120257800387
-0.10714674782   -0.263930990055   -0.958566959086
0.0643134023411   -0.963937933627   0.258228454138
0.734165293965   0.614428262895   0.288927722549
0.272212009614   -0.656201683108   0.703775504138
0.622014421797   -0.438037952875   -0.64901525274
-0.517533410676   0.39108668131   0.76105877708
-0.843652741488   -0.0847219420622   -0.530162527462
-0.142861143245   -0.916446103951   0.373787730727
0.382233499411   0.865261688585   -0.324375961012
-0.444160804396   -0.135789338032   -0.885597221644
-0.810320142692   0.482580013483   0.332412092098
0.728906706151   0.660146834675   0.181387464818
0.567845942799   -0.730978363393   0.37844836199
0.38242154878   -0.17285350478   -0.907676774983
0.605467165762   -0.793392694673   0.0627499684
-0.748132086476   -0.540482134446   0.384938311043
-0.271492002974   -0.280012775002   -0.920806718424
0.474101971937   -0.845458210776   0.245820556742
-0.805936933826   -0.304291631119   0.507811275858
-0.354532073277   -0.43887019382   -0.825651260481
0.629833377363   -0.708649737072   -0.318002297825
0.0311509824719   -0.38603646271   0.921957398806
-0.776105358547   -0.590585623826   -0.221063509591
-0.167093349304   -0.58534226645   -0.793381521334
0.336970440259   0.722332653997   -0.603892753801
0.926569333444   -0.368252585611   0.0765460599509
0.893777766103   0.440705942697   0.0833041200571
0.317052292413   -0.489446047928   -0.812354850664
-0.31723673845   0.752476465807   -0.577182824716
-0.227703120819   0.801587058718   0.552819627219
0.63406015795   0.552932894306   -0.540585750704
-0.738998693533   0.227427845831   -0.634158963759
0.103517617212   -0.0484979135364   0.993444555208
0.880095822606   -0.460856466099   -0.114204675398
0.463374011918   0.886148586431   -0.00502397398333
0.0130726649094   -0.713072112964   -0.700968785947
0.969438382221   0.180795536941   -0.165837792527
0.244986326629   -0.677378116023   0.693642976553
0.102732903142   -0.50692755405   -0.855844842611
0.989630039296   -0.0347476348499   0.139373507483
-0.100390861152   -0.861288014667   0.498101018542
-0.377865009821   0.336110773769   0.862697791729
0.550303849665   0.830861603591   -0.0826719793563
-0.744569409218   0.443507080984   -0.498916578936
-0.10256638026   -0.994693950574   -0.00802776770041
-0.958279446523   0.0966402342763   0.269000863713
-0.266797681277   0.0352832396147   -0.963106814477
0.464575265773   0.129718619399   -0.875981107481
-0.250344363041   0.968098936704   0.0105900214194
0.849410101645   0.214377070698   0.482229146034
-0.803805400859   -0.415125529377   -0.426072739331
-0.326160888283   -0.291418499974   0.899262516865
-0.497479908435   0.861814825901   0.0988641116871
-0.712348112028   -0.131772779947   -0.689335708328
-0.313465141779   -0.819051351505   0.48050112786
-0.627923075863   0.558370543143   0.542154624073
0.0650374185336   -0.290015288253   -0.954809547622
0.683438233475   -0.684250598444   0.254388107797
-0.72710543986   -0.669098095158   0.153705638555
-0.898377659902   0.422480382223   0.120117603393
-0.439107440215   -0.857594723664   -0.267798936859
-0.010127583927   -0.29332906653   0.955957895762
0.483026987221   -0.871209751369   0.0876269701128
-0.548595558406   -0.223114341501   0.805768498716
-0.682442547082   -0.437279692355   -0.585712046304
-0.591656145798   -0.17712972518   -0.786489989123
-0.445972809754   -0.740789804114   0.502331573826
-0.671602334341   0.647961277824   0.359299120428
-0.343674146419   -0.89435451559   -0.286387971758
0.938008851491   -0.341548807996   -0.0590236828781
-0.0450273744459   -0.288919367746   0.956293958011
0.647411418653   0.357522532005   -0.673079568164
-0.544156208973   -0.401504764695   -0.7366735965
-0.533622044341   0.843191322686   -0.0653906743852
0.758719811339   -0.5724722271   0.310836024926
-0.494680327658   -0.816800177078   -0.296855354058
0.423833527014   0.0714652153378   -0.902912979888
-0.696887796002   -0.389434476864   -0.602238496731
-0.615540137064   -0.106157119853   0.780924435224
-0.36804994006   0.914917166796   -0.165734406452
-0.897628175401   0.201797724468   0.391886132507
0.0872456363865   -0.790142327809   0.606708177298
0.432070898561   0.578778275221   0.691618301635
0.575087270704   0.160808511844   0.802131646721
-0.364456302652   -0.827457896561   0.427182292071
0.732424849122   -0.538009042415   -0.417252754071
-0.440781324068   -0.480413869525   0.758231229203
0.422289087867   -0.856384761782   -0.297115127981
0.792075759786   0.189229984343   0.580351685715
0.779625027064   0.134437148247   0.611646520599
0.189269025597   0.880430643985   -0.434763285951
-0.596960676209   0.45471807973   0.660960976601
-0.629569496478   0.523993688188   -0.573649404161
-0.0419492474572   -0.760188742088   -0.648347263598
-0.775811371916   -0.384115253949   0.500572097131
-0.598438866475   -0.358694386128   0.716386194446
-0.517433058862   0.855715310814   -0.00378538460086
-0.611664836189   -0.372947230717   -0.697693632901
0.574186947288   0.520471455544   -0.631995894497
0.0735662747325   -0.801603622411   -0.593312416549
-0.815412380283   0.294178660635   -0.498559480523
0.915086459653   0.393926458962   0.0862485969771
0.377037751086   -0.911653457754   0.163501843655
0.143036393296   -0.117099374687   -0.982766889734
0.682385210525   0.730160901165   -0.0348638498172
0.304869929171   -0.240925799319   0.921416901116
0.664382988872   -0.639390207763   -0.387008305904
0.227553210732   -0.169609494473   -0.958880662599
0.785824455355   0.613515626706   0.0779646449403
0.575064719042   -0.771252993433   0.272890747852
-0.281982791191   0.256194761463   -0.924580921313
-0.285618612103   0.897577766706   0.335821612726
0.915919016222   0.358773454081   -0.179927486218
-0.170398812504   0.0909962792601   -0.981183621635
0.0313987162615   -0.994751954881   -0.0977055406828
-0.984893772354   -0.0474544963498   0.166610152285
0.558134672546   -0.825631650808   -0.0825714776329
0.347785947201   0.142427953699   0.926692604222
-0.753346272748   -0.54593646606   0.366637076749
0.182000078294   0.89342316082   -0.410695798666
0.348888358383   0.331822642168   0.876453454094
0.919321976631   -0.302801584406   -0.251313194764
-0.464491278264   -0.620095835106   0.632241258892
0.1595886638   -0.760854506968   -0.628992750125
0.871079395088   -0.19126310833   0.452370546673
0.189129297196   0.474095711136   -0.859920560194
0.796042421484   0.438710859289   0.416952333079
0.574931801485   -0.763391145839   -0.294427221621
0.24225391736   0.535728278598   -0.808893224898
0.35074401184   0.728981952158   0.587846877138
0.904594757852   -0.426122663458   -0.011304752076
0.277118681181   0.248701918248   -0.928090823292
0.770749437931   -0.634291183674   0.0601661183194
-0.57371641457   -0.731998643254   -0.36746078897
0.949467665818   0.30168551511   -0.0865854233465
0.2492923618   -0.892476493438   -0.375952523893
-0.190694792565   0.335369694287   -0.922585474475
0.740794341421   0.586262991566   0.327901569821
-0.00517995570959   -0.483143301623   0.875525937341
0.671711919524   -0.65028317187   -0.354873000919
0.609433207703   0.0200758226664   0.792583136024
0.354107764036   -0.901322192736   -0.249450422934
0.709365038338   0.432683236787   -0.556404586383
-0.740755733526   0.533682057944   -0.40800035379
-0.204579567227   0.399284339339   0.893710902443
0.639865633034   0.745490065326   -0.18659168088
-0.766727024257   -0.420437122346   -0.485141509973
0.382923608064   -0.906065406071   0.180041599792
-0.515266114675   -0.0477293769305   0.855700144144
0.0251826107634   -0.976560250134   -0.213766003626
0.9119247047   -0.06517013143   0.405149572831
-0.409584129828   -0.205141222734   0.888908273236
-0.625426778869   0.567365040333   0.535666174293
-0.635948071926   0.027136065045   -0.771254614764
-0.452118777632   -0.823019162589   0.343843084713
0.992653331654   -0.120971943865   -0.00226979655023
-0.0164722350042   -0.11653278203   -0.993050240293
0.11986671203   0.985792018161   -0.117669332627
-0.456379468951   -0.888710736831   0.043579611669
-0.866546630462   0.432819131455   -0.248515456001
0.201997261236   -0.151182740013   -0.967638832814
0.102850775835   -0.986752146351   -0.125466741038
-0.0305272708264   0.122944975115   -0.99194385059
0.994228236961   0.105852343665   -0.0174778569864
0.359574092754   -0.322823746056   0.875494895035
-0.855319870562   0.261030794854   0.447538663352
-0.373007240241   -0.909751485383   -0.182257655056
0.421873631121   0.233293726246   -0.876125936862
0.446433230441   0.787612964413   0.424691867022
0.789126093034   -0.570298034759   0.228123069678
-0.441503579098   0.189175833955   0.877090207984
-0.88675754796   -0.241118738455   -0.394363950135
0.136878706266   -0.951879392506   0.274207790015
-0.768844566749   0.631963304148   0.0974714341054
-0.621315428151   -0.774358116882   0.119736846733
0.151147070755   0.0314985068622   0.988009316187
-0.603375493488   -0.746669007042   -0.280041573089
0.756193506023   -0.64721356683   0.0963631247688
-0.253198084872   -0.153622473259   0.955139184635
0.0384554652941   -0.735419129668   0.676520388953
0.841776157083   -0.340974004956   -0.418508742581
0.538455229632   0.58557268547   0.605946018705
0.992166301983   0.113270289627   0.0526865326464
-0.0774013107749   0.226344229565   0.970967213328
0.0980564445853   -0.967438956087   0.233338386087
-0.758277166203   0.119020056752   -0.640975911353
0.00302192762474   0.983824911471   0.179107266561
0.651925425794   0.133875954047   -0.746371637134
0.725413400474   -0.570317825383   -0.385373645862
-0.391504874534   -0.802367587799   0.450476788515
-0.56612648948   -0.175906173355   -0.805330344897
0.0697182795161   0.910849942852   -0.406806705952
0.880079223801   0.135841972117   0.454980741013
0.469680608749   -0.389742602836   -0.792149442064
-0.379514117735   0.849927164627   -0.365504967287
0.917910732341   0.395348019926   -0.0337680745351
0.115801354632   -0.348316250317   -0.930197441284
-0.967517401724   0.243738566993   -0.0672782248612
0.165646409152   0.409939376642   -0.896949498873
-0.191039565837   -0.87894746564   -0.437004953005
0.601305621221   0.724969688635   -0.335932277177
-0.795733031054   0.505244525043   -0.333971415326
-0.0723912120203   0.468131299451   0.880688706196
-0.646186457662   0.199810813472   -0.736558613858
-0.353880558804   0.776643620897   0.521146065339
0.676174166121   0.597411340817   -0.431147413399
-0.805037537902   0.460761718673   -0.373749924939
0.422775946779   0.00351786491466   -0.906250501898
-0.416234148781   -0.887540484694   -0.197664663292
-0.972645344859   -0.131994297383   0.191154257419
0.204210663559   -0.093609344844   0.97444141845
-0.110726914344   0.986820945542   0.118002555068
-0.588439620115   0.510705434407   0.626832400407
0.675684773052   0.736390767578   0.0343327696485
-0.444059665357   0.443743857281   -0.778397391054
0.927334504464   0.373947729261   -0.0146222965234
-0.36757440409   0.902799901016   -0.223251863981
-0.0702835203522   0.212403938507   0.974651113632
0.998168934867   -0.0515852308975   -0.0315870454857
-0.00881947848515   0.392505838673   -0.919707231195
0.0598414094797   0.918301768629   0.391332180079
-0.849986783185   -0.394217207363   0.349440154002
-0.519801392486   0.519878013243   -0.677887592742
0.0855695049626   -0.75783762736   -0.646802830142
-0.337261416555   -0.778217411364   0.529747569334
-0.418221599187   -0.380283942468   -0.824909031119
0.843413018953   -0.499761819567   -0.197212280134
0.438008430576   0.266099358428   -0.858684893624
0.365304852355   0.820081458707   0.440475613449
0.821401838286   -0.506613790418   0.26199520583
0.176625679099   -0.40445507628   0.897340156736
-0.951858084025   -0.302245093427   0.051126579247
0.250538327398   -0.863170800306   -0.438368035517
0.0511626190623   -0.599705576938   -0.798583501612
0.998074233491   0.0587871275685   0.0197964569299
0.0350743852212   -0.798058454159   0.601558386142
-0.996836704878   0.0217962289588   -0.0768557401909
0.0760378396497   -0.036171148575   -0.996465643042
-0.0244974965765   -0.999124844664   0.0343655888239
-0.593996146714   -0.134793135843   0.793094782987
0.315179210582   0.868055759698   0.383589961875
-0.74015578731   0.477817961324   -0.473137778011
-0.817222430402   0.568710568907   0.0933570381769
-0.00731918673368   -0.17221594791   0.985031945964
0.576275695539   0.804307027121   0.144901382041
-0.935705377581   -0.0116584438658   0.35258740553
0.258906185831   0.656189814708   0.708789264317
-0.239627596053   0.754505609628   -0.610981610428
-0.576641240984   0.167704724273   -0.799600765504
0.537631266317   -0.659043017907   -0.525943317923
-0.615173861779   -0.733170428786   0.289866975516
0.302879344178   -0.101083393751   0.947653010447
0.735432241501   -0.607634517625   -0.29986607015
0.606138184626   0.787757824064   -0.109699938352
-0.24166033783   -0.82392392014   -0.512591098915
-0.23847406064   0.562474622   -0.791676963711
0.940601075519   -0.0690772487168   -0.33241228724
0.953387111029   -0.145234748467   0.264499309272
-0.195799648508   0.36920559628   0.908487605098
-0.229598594099   -0.917929244992   0.323558944109
0.998982422924   -0.0310966658897   0.0326667421183
0.033229611113   0.997204862002   -0.066919773549
-0.0304944522062   0.067937180668   0.997223459319
0.888543331722   -0.398439521621   -0.227457020244
-0.222805420588   -0.808129161095   0.545238495026
-0.401059213838   -0.433789372291   -0.806832262857
0.851687409174   -0.523712362907   0.0188127197714
0.523276899197   0.851831990463   0.0237391495796
-0.0284577626346   -0.0103740731535   0.99954116191
