-0.169351972756   -0.851217997534   0.496737183526
0.700918840902   0.250298653079   0.667879751463
-0.692843912646   0.461279204626   0.554246161825
0.787277433506   0.222833128063   -0.574925769261
0.258626805036   0.727092560685   0.635962722544
0.559737812587   -0.649370314833   0.51479294513
0.95213479284   -0.164630217626   0.257558202614
0.0579072440427   0.924464783522   0.376844285022
-0.300143444667   -0.343892069567   0.889748367332
-0.602936421119   0.746249502232   -0.282096866877
0.297988747885   -0.117346809381   -0.94732884333
-0.740047071487   -0.655241109584   -0.151620941993
0.560393319625   -0.718510219874   0.41194950616
0.55605416554   0.695016616199   0.455802228192
-0.61381031001   -0.0263622869908   0.789013266839
0.224947244987   -0.94993169369   -0.216860485308
-0.802908790725   -0.0546196515889   -0.593594227806
0.552029135592   0.307646568045   -0.77499504604
0.947216210939   -0.198561410391   0.251703903242
-0.10887715497   -0.937687490287   -0.329983882332
0.301541462704   0.285161294317   -0.909811622744
-0.996791734374   0.0689788524192   0.0409271772496
-0.0720959093291   -0.546963554657   -0.834058674493
-0.0351467747696   -0.834322246233   0.550161020685
-0.98993402824   0.0445703975165   -0.134310130175
0.0375499501133   0.997815168804   0.0543588519398
0.136439483468   0.0487684652511   -0.989444802412
-0.87259096206   -0.246925422008   -0.421441426885
-0.486041643674   0.353337461116   0.799322318372
-0.0484619535625   0.902319502172   -0.428335121085
0.883480322533   0.0301589084916   -0.467496478122
-0.462806167627   0.210873065103   -0.861012765364
0.0726152051869   0.977048090501   0.200259933738
0.215948358111   0.669808383861   0.710438622744
-0.357271317563   0.731353699689   -0.580929403621
-0.908693299977   -0.128368591386   0.397237954134
-0.478511331822   0.778725597265   0.405736236866
0.840751263502   0.273011322331   0.467553560696
0.253323434885   0.564849947653   -0.785354755297
-0.833531610352   0.544889632194   0.0912152112615
-0.526993986638   -0.83374095707   0.164782359587
0.165838065852   0.0892814466227   0.982103129997
-0.00132072108302   0.548447178246   -0.836184203772
0.485104964615   0.731558022603   0.479057462922
0.874454974981   -0.405004410037   -0.267020633202
0.712934362007   -0.695154917363   0.0921099198546
0.694163548824   0.681032277635   -0.233092268026
0.0993054074731   0.230118836247   0.968082515782
-0.176931207897   -0.929324058749   0.324116982663
-0.956886677005   0.239496749018   0.164344107996
-0.230353884255   -0.281065636982   -0.931632258732
0.0815418832939   0.921270114702   0.38028420671
0.866527480405   -0.254050071153   0.42964386341
0.492427484832   0.294491255254   -0.819022320083
0.935425761278   0.0184905538243   -0.35303942599
-0.0289325369614   -0.991278527805   -0.128579227877
-0.352337402484   0.130490647005   -0.926732584606
0.814770706757   0.141187082673   0.562329897851
-0.566333014821   -0.0138942298541   0.824059419264
0.124159665972   -0.98988545693   0.0686382868124
0.189124065434   -0.686703451986   -0.701904875749
0.980960003023   0.0999838294013   0.166495356603
-0.0441537998258   -0.72002888854   0.692537970624
-0.479022049809   0.374760609435   -0.793783520905
-0.838091600372   0.0736547490316   0.540534360727
0.261036897452   0.924191220125   0.278801517515
-0.258183774219   0.884653977906   0.388237645776
-0.170049525941   -0.437202016639   0.883140728116
0.951012244374   0.161992982268   0.263313462939
0.151425454117   0.743223139662   -0.651678751236
0.635670551676   -0.578087914504   -0.511594508426
-0.756960223442   -0.336786810891   -0.559979989298
-0.159197324311   0.433101081026   -0.887175058835
-0.916282720196   -0.399365837908   -0.0305418887765
-0.36753517937   0.808041016233   0.460421079586
0.946057678347   0.167991208605   0.277044804779
0.0118782666917   0.836522918853   -0.547803172119
-0.32378044537   0.521544209473   0.789403486067
-0.0898093250637   -0.850204670536   -0.518735298439
-0.015943372356   0.522000558343   -0.852796123833
0.995831361489   -0.068318651528   -0.0604356489854
0.930970815206   -0.104096312765   0.349938990679
-0.0904438614287   0.862857648812   0.497289234177
-0.353713510427   -0.494611597284   0.793880416235
-0.956374700627   -0.257596733147   -0.137810725312
0.244782237238   -0.964060236491   0.10329549564
-0.15946638916   0.0650555620893   0.985057484585
0.192914695764   -0.130827093234   0.972454795587
0.280224776158   -0.942449739956   -0.182381176974
0.940350005376   0.307689926003   -0.145151548731
-0.330009482679   -0.247328590089   0.911000675823
0.858386416501   -0.480166952151   0.180588954945
0.392767644789   0.84158670332   0.370763213999
0.630547832896   0.511514529968   -0.583748535118
0.190022662664   -0.830958007839   -0.522876999147
-0.752529636822   0.218773522608   -0.621158152417
-0.33730240668   0.109017184528   0.935062769376
0.806451557728   0.545881161719   0.227265608559
-0.485657301225   0.83074004675   -0.272044116192
0.740513220991   -0.316006356719   -0.593110582652
0.49145284867   -0.347329636151   0.798646529799
-0.458382240358   -0.882894197817   -0.101899974305
-0.991635194249   -0.0403220268104   0.12276419997
-0.10739293938   -0.271180337235   -0.956531113552
0.0718586891867   -0.961695975231   0.264558015726
0.731909566617   0.616084472701   0.291115511099
0.274338261649   -0.657501185778   0.701733773266
0.623736191431   -0.433741504635   -0.650246916288
-0.518407422164   0.390963057937   0.76052718743
-0.842973490296   -0.0841914208233   -0.531326150778
-0.143699026264   -0.916547691706   0.373216969932
0.381486640638   0.865275514272   -0.32521720281
-0.443595158907   -0.137299945109   -0.885647821082
-0.810981676487   0.482127589331   0.331453933037
0.728901842554   0.659906595765   0.182278548735
0.56643179041   -0.730843595449   0.380819090948
0.384522055643   -0.174331403032   -0.906505332061
0.604602566545   -0.794403718179   0.0581225026692
-0.748262928193   -0.541438561548   0.383335263306
-0.273053260491   -0.275256364769   -0.921777991628
0.475647820724   -0.845298891403   0.24336984598
-0.804906313755   -0.306653556201   0.508024891831
-0.354802654749   -0.437530854724   -0.826245510185
0.62856044046   -0.70873259099   -0.320327757153
0.0322404122186   -0.387761830147   0.921195561366
-0.777092216763   -0.589354579968   -0.220881904883
-0.167463798472   -0.587166835536   -0.791953896255
0.335499773751   0.721411728442   -0.605809390465
0.92703601244   -0.367151498714   0.0761839943286
0.893557428249   0.440890878318   0.084677927844
0.317935645459   -0.488271905777   -0.812716069877
-0.316973253437   0.753130611718   -0.576473914013
-0.228457186957   0.80188645016   0.552073615404
0.634356390346   0.552775687242   -0.540398882418
-0.738511425642   0.226753397197   -0.634967369899
0.101006766356   -0.0466672717704   0.993790582168
0.880204966746   -0.461399450769   -0.111128920872
0.463720575321   0.885964212756   -0.00552764358162
0.00824483714581   -0.715456202883   -0.698608915976
0.969236299139   0.177582950904   -0.170426728077
0.24599388642   -0.675711991138   0.694910285281
0.099174274635   -0.506938171313   -0.856258203393
0.990138042046   -0.0352943572471   0.13557623983
-0.0989498767315   -0.861259513491   0.498438510214
-0.377991269514   0.335327294945   0.862947382814
0.55271196115   0.82950144678   -0.0802298904755
-0.742719373816   0.44663514482   -0.49888371139
-0.100914067315   -0.994857307336   -0.00876456263099
-0.957719143293   0.094752309492   0.271656583309
-0.269428881319   0.0358077467082   -0.962355759429
0.460068115578   0.113659057043   -0.880578758128
-0.233445715882   0.972363393186   0.00353968975894
0.856644867055   0.2039388399   0.473886613841
-0.802608558484   -0.416833606226   -0.426678487268
-0.324407157166   -0.295233322059   0.898658282477
-0.500564464536   0.859695560652   0.101741963659
-0.712601794703   -0.130845003594   -0.689264754166
-0.313449346293   -0.819573479544   0.479642502172
-0.627659002652   0.557841382129   0.543009397581
0.0659004085754   -0.285426691532   -0.956132167021
0.683498218298   -0.685199972442   0.25165680776
-0.726971321741   -0.670098923346   0.149933695065
-0.898248853656   0.423020747396   0.119173070767
-0.439337345866   -0.85722542397   -0.268602029911
-0.011466038994   -0.293628679148   0.955850785184
0.48360935454   -0.871016751163   0.0863236892305
-0.548889408938   -0.224970360407   0.805051971993
-0.681793500177   -0.436712811867   -0.586889635711
-0.590564358302   -0.175646404258   -0.787640486927
-0.4476548978   -0.740780048973   0.500844326879
-0.671441947193   0.648373571302   0.358853162785
-0.344181979576   -0.894358273841   -0.285765708708
0.937900546693   -0.341563313232   -0.0606388068665
-0.0433742639649   -0.288890599357   0.956379053902
0.64717209807   0.358414494572   -0.672835278736
-0.544163531484   -0.400930422234   -0.736980864695
-0.533904779182   0.843085875818   -0.0644348724938
0.757931395271   -0.572061028269   0.313505910559
-0.493089374093   -0.817053688688   -0.298805048847
0.427086226864   0.0718871893649   -0.901347783638
-0.696574935174   -0.392912456243   -0.60033507934
-0.61506203696   -0.103821434664   0.78161319062
-0.369433480409   0.913695950954   -0.169345668019
-0.897900125797   0.203252362638   0.390460148013
0.0852825442243   -0.789887734855   0.607288900167
0.431853606856   0.578585687428   0.691910615122
0.575413450963   0.162587187801   0.801539005862
-0.36276533493   -0.827622300318   0.428302098511
0.733007969485   -0.537221353055   -0.4172440192
-0.443940596684   -0.464835161803   0.76605797303
0.426371609332   -0.861517544831   -0.275671020736
0.788114075783   0.204243808399   0.580655329719
0.776959043962   0.13379151906   0.615170284695
0.191629914298   0.88052735563   -0.43353149252
-0.599677101189   0.454721242618   0.658495235069
-0.630957628033   0.523629327415   -0.572454027154
-0.0435130809263   -0.76059587696   -0.647764805762
-0.774595312097   -0.383803281991   0.502689547941
-0.598605569184   -0.357497346614   0.71684507601
-0.517830831025   0.855463436881   -0.00579002852642
-0.611164827421   -0.374670443396   -0.697208323386
0.574471325402   0.523499669582   -0.629230200374
0.0761424918478   -0.799581519006   -0.595710578207
-0.814975380027   0.294307437893   -0.499197098779
0.913779897243   0.397393971849   0.0841677902266
0.380653768945   -0.910040473477   0.16409304609
0.141805831902   -0.117906109789   -0.982846194643
0.680655104663   0.731617632929   -0.0380037615679
0.305886540237   -0.236676802665   0.922180885781
0.665689170114   -0.639311974536   -0.384887265281
0.22819882503   -0.171146461582   -0.95845405926
0.785273423576   0.614308284283   0.0772721260942
0.575561417443   -0.770281909391   0.274581196844
-0.279352355544   0.253822128947   -0.926032710682
-0.28819992048   0.897795543566   0.333022472552
0.91591651379   0.359913167647   -0.177649781951
-0.171126276261   0.0915298519629   -0.980987130793
0.0371126292246   -0.994367950496   -0.0992525002873
-0.984548687132   -0.0533918744838   0.166767894183
0.558432201982   -0.824969596192   -0.0870555200349
0.351117515043   0.139979131626   0.925809039168
-0.751578331805   -0.547568307825   0.367830112312
0.195429639455   0.896120948023   -0.398465175584
0.328083169884   0.323151798038   0.887656658677
0.924212466523   -0.304204136344   -0.230848760853
-0.476305453089   -0.617540484594   0.625920781314
0.159572312308   -0.760744579411   -0.629129806497
0.864678987682   -0.199778342583   0.4608891919
0.189013247569   0.475074513295   -0.859405696295
0.794520302155   0.440325335741   0.418151951902
0.577071428396   -0.761851542122   -0.294229021881
0.240253180828   0.535943148623   -0.809347495932
0.35042947341   0.729656757095   0.587196907023
0.905250027281   -0.424695143481   -0.0125079187603
0.276011659735   0.249331341944   -0.928251833117
0.770834477506   -0.634313639121   0.0588256816247
-0.574135691321   -0.731765081467   -0.367271168756
0.94929333292   0.30282509424   -0.084493436427
0.251375109928   -0.892501327796   -0.374502767841
-0.188819312067   0.334273437937   -0.923368253492
0.739748847797   0.588492904588   0.326263304157
-0.00218258049964   -0.482772604791   0.875743027138
0.672879542513   -0.648541991306   -0.355846045158
0.60895773829   0.020180120809   0.792945973229
0.357074266044   -0.899629489896   -0.251326762916
0.708285621952   0.436187959431   -0.555042217255
-0.741103658903   0.533968194381   -0.406992943131
-0.203907103284   0.398550859808   0.894191857655
0.639677404321   0.745677646477   -0.186487566675
-0.780114363059   -0.407702258342   -0.474553418483
0.371010699755   -0.912217852219   0.173810775305
-0.50375900897   -0.0404721322405   0.862895651711
0.0248263017812   -0.975700547829   -0.217697187553
0.910777935848   -0.0677036987881   0.407307902742
-0.412149458419   -0.208385740947   0.886965728419
-0.624678513673   0.567885157495   0.535987994319
-0.636670711607   0.0270318183192   -0.770661821049
-0.452136137837   -0.822663774174   0.34466969452
0.992718854101   -0.120408015398   -0.0033446205934
-0.0172979869671   -0.115026567362   -0.99321179029
0.119205940732   0.986037925515   -0.116271858402
-0.453865928075   -0.889976114315   0.0441577254101
-0.868065804524   0.430416129912   -0.24739516601
0.201169450419   -0.150615819544   -0.967909079828
0.103635643076   -0.98697298499   -0.12306103188
-0.0275123260374   0.120835230768   -0.992291265401
0.994234762309   0.106222457019   -0.0146311014882
0.361597400508   -0.324528547255   0.874030063429
-0.855175139634   0.257974056267   0.449583004855
-0.371379604063   -0.910016823866   -0.184245999078
0.424971147044   0.230969671088   -0.87524426804
0.447189722139   0.78710319224   0.424841046487
0.787032953639   -0.571945428694   0.231208883519
-0.441481793048   0.188324428204   0.87728437013
-0.886596181389   -0.241921430403   -0.394235138714
0.13798973686   -0.951844547808   0.273771537576
-0.768288805662   0.632832471295   0.0962067140163
-0.621726389961   -0.773510397712   0.12303787696
0.152279232246   0.0347143546013   0.987727670713
-0.604533088116   -0.745969602456   -0.279408692859
0.754687300334   -0.648603300006   0.0987975773695
-0.254925369761   -0.151139785599   0.955075821295
0.0381704538811   -0.734706810775   0.677310065551
0.840745874581   -0.342724885267   -0.419149181214
0.540082768722   0.585444757376   0.60461974956
0.992298929646   0.111634971977   0.0536699843842
-0.077951160788   0.226076781564   0.97098553142
0.0962624055582   -0.967691541105   0.233037824043
-0.758313529819   0.117506183195   -0.641212047296
-0.000990406400698   0.983411179128   0.1813876288
0.651889263434   0.138183753377   -0.745617623651
0.724655638323   -0.570876748699   -0.385971471084
-0.389176191228   -0.801262149367   0.454445898943
-0.568696870816   -0.179105892367   -0.802810789365
0.0679316956311   0.909934127952   -0.4091519312
0.879394853737   0.139084707667   0.455324346236
0.471221934166   -0.390737062283   -0.790743129495
-0.377538487887   0.849761421303   -0.367926874917
0.918428892712   0.394312242079   -0.0317208263054
0.118122933645   -0.349890509523   -0.929313488246
-0.968056186289   0.241957935161   -0.0657759728153
0.163711222476   0.411225314688   -0.896712464514
-0.189917762788   -0.878835004988   -0.437701263961
0.602502829975   0.724039510176   -0.335793285793
-0.794693574026   0.505311551295   -0.336336681795
-0.0738408185301   0.469496568489   0.879841182638
-0.645632370614   0.201084834162   -0.73669781089
-0.354410547193   0.775619697854   0.522309524339
0.67642585635   0.59831343345   -0.429498589156
-0.806127932967   0.459929977794   -0.372386671874
0.421071444888   0.00360368065272   -0.907035417822
-0.415819980476   -0.887963302401   -0.196590486701
-0.972753715216   -0.131412804844   0.190997286325
0.203907429455   -0.0929251265081   0.974569736296
-0.110322476739   0.986962555224   0.117189818757
-0.590532925977   0.508902484325   0.626330154727
0.673086875824   0.738764860347   0.0343597761098
-0.445224953105   0.44186513561   -0.778800565614
0.927428014802   0.373703996771   -0.0149197966439
-0.367567350036   0.903379009297   -0.220908598701
-0.0690761950445   0.210360853274   0.975180388824
0.998172276714   -0.0510725488259   -0.0323063581541
-0.00969081719654   0.392393730125   -0.919746299772
0.0596506000206   0.918378333063   0.391181608229
-0.848998535316   -0.394829345027   0.351153070577
-0.521417987624   0.518401499639   -0.677777573398
0.0855685272299   -0.758530780605   -0.645992718752
-0.337987977434   -0.775835478794   0.532770094653
-0.415825748932   -0.384732586353   -0.824057242599
0.844306585571   -0.500060698715   -0.192577687251
0.437058132083   0.262621674848   -0.86023836986
0.367663357568   0.820700810334   0.437348645744
0.820855561339   -0.507424909058   0.262137596388
0.179259848423   -0.404061500913   0.896995078143
-0.951115910893   -0.304248190791   0.053023568941
0.251484374817   -0.862651307481   -0.438848790337
0.0514692759254   -0.599945364862   -0.798383642308
0.998108150095   0.0578234610597   0.0208934384801
0.0336303707736   -0.797948603757   0.601786515531
-0.996997001555   0.0221231244245   -0.0747117296454
0.0738338678816   -0.0381644690317   -0.996559409737
-0.024896488398   -0.999045877098   0.0363778905621
-0.596099415089   -0.135536147278   0.791388276247
0.312896640975   0.868510531711   0.38442833582
-0.739432987543   0.476780249272   -0.475309811866
-0.816408444028   0.570048021199   0.0923183308451
-0.00880009955743   -0.172128160465   0.985035310605
0.577407983085   0.803378651955   0.145543264211
-0.936379112983   -0.0117889855681   0.350793832838
0.257351867978   0.656554972991   0.709017478682
-0.238674065173   0.754186176516   -0.611750641841
-0.576535852292   0.168902138114   -0.799422657333
0.538229146838   -0.657620169932   -0.52710824931
-0.614747023426   -0.734170136097   0.288235066384
0.302935987466   -0.101364395501   0.947604889552
0.736386769531   -0.606279645686   -0.300265666574
0.604949826877   0.788764986665   -0.109020506161
-0.241904496514   -0.824348371533   -0.511792947652
-0.239273276237   0.561849488454   -0.791879705037
0.940335343478   -0.0691008706346   -0.333158459432
0.953649017153   -0.147557195062   0.262260227457
-0.192993189926   0.368776050172   0.909262262577
-0.230883480056   -0.91773150087   0.323205384019
0.9988936697   -0.0338350906854   0.0326591991222
0.0360893458242   0.996816137349   -0.0710995603539
-0.030149556663   0.0721995498799   0.996934415733
0.888914225448   -0.396406472819   -0.229550513361
-0.217714936631   -0.806513165308   0.549670091713
-0.403028207753   -0.43863300339   -0.803224651248
0.850579246527   -0.525499514345   0.01911034716
0.525061734912   0.850733409496   0.0237242506039
-0.0287248929806   -0.0101452431488   0.999535869573
