-0.16838249248   -0.859201476744   0.483135719465
0.70255286915   0.239191755678   0.670228876703
-0.691423724724   0.452283211582   0.563358781123
0.787363228748   0.222763686194   -0.574835180092
0.258815957918   0.726839684093   0.636174796083
0.559529663276   -0.649677159331   0.51463204362
0.952188862535   -0.16432706786   0.25755190472
0.0575573094411   0.924416554055   0.377016165184
-0.300039205748   -0.344166598392   0.889677371174
-0.602816532778   0.746528421869   -0.281614979226
0.297041510572   -0.117604452937   -0.947594402947
-0.740525504071   -0.654877184548   -0.150855753915
0.559868072413   -0.719070246051   0.41168644637
0.556453893353   0.694438623128   0.456195208666
-0.613927368223   -0.0263246098041   0.788923446862
0.225022192653   -0.949969838466   -0.216615414544
-0.80263997158   -0.0546888059266   -0.593951260873
0.552389362529   0.307516390255   -0.774789956304
0.947212094526   -0.198410318565   0.251838381682
-0.108616800379   -0.937643222534   -0.330191965873
0.301648165379   0.285407934611   -0.909697677125
-0.996788573123   0.0690434041894   0.0407234235964
-0.071967580589   -0.547112755699   -0.833965379883
-0.0352995217481   -0.834212560345   0.550314674929
-0.989956525467   0.0438592931177   -0.134344256401
0.0368574609901   0.997851232126   0.0541703879602
0.136431464076   0.0486751042075   -0.989445871478
-0.872283190968   -0.247393803876   -0.421801989038
-0.486558916253   0.353027459721   0.799144256135
-0.048795831461   0.902312266847   -0.428311165705
0.883462854909   0.029991026992   -0.467540286871
-0.462808432033   0.210965713725   -0.86098885376
0.0728130262169   0.977033259086   0.200260473024
0.21622687065   0.669576811633   0.710572186794
-0.357065332093   0.731604218559   -0.580740575154
-0.908708032284   -0.12814897712   0.397275157653
-0.479032856861   0.778382136477   0.405768474935
0.840419067992   0.273238230247   0.468013149025
0.253421774505   0.565209489586   -0.785057177821
-0.833355213753   0.545287494689   0.0904491889245
-0.527541394204   -0.833488624429   0.164308278277
0.164983590222   0.0892114401005   0.982253398048
-0.00123489464079   0.547770378687   -0.836627804718
0.485037026503   0.731954159925   0.478520835195
0.874492741146   -0.405204539742   -0.266592801949
0.712414497886   -0.695575419307   0.0929538691017
0.694781479001   0.680483826367   -0.232852874782
0.0987131306502   0.230470390533   0.96805945954
-0.17634756259   -0.929427858498   0.324138079092
-0.956825133469   0.239157554948   0.16519501625
-0.231056924656   -0.281011717335   -0.931474786892
0.080989151789   0.921312384796   0.380294374808
0.866458945465   -0.253661748133   0.430004673702
0.492634974107   0.294683920843   -0.818823123375
0.935553983577   0.0189424141209   -0.352675700129
-0.0284819004227   -0.991265407993   -0.12879631792
-0.352033728302   0.130540779486   -0.926843005937
0.814785287643   0.141369003281   0.562263055304
-0.56628194131   -0.0138642324644   0.824094997352
0.124296827772   -0.989859892422   0.068758338518
0.188616561371   -0.686949444608   -0.701800707011
0.981058763667   0.0996918893458   0.166087947081
-0.0441301942157   -0.719834678579   0.69274133234
-0.478639956024   0.375021968307   -0.793890618506
-0.838087554751   0.0744109764042   0.540437097302
0.261749959764   0.924024636498   0.278685178851
-0.257720020303   0.884911571921   0.387958587485
-0.170145953713   -0.436811720426   0.883315252263
0.951120765287   0.161638455588   0.263139276372
0.150848277947   0.743113242946   -0.651943000051
0.635780059658   -0.5779344703   -0.511643915627
-0.756987901422   -0.337310671065   -0.559638109982
-0.158420805427   0.433066299198   -0.887331076658
-0.916291961434   -0.39928741497   -0.0312828160104
-0.367847659385   0.808098480177   0.460070593285
0.94610357819   0.167523624816   0.277171164766
0.0122938076716   0.836631460017   -0.547628215803
-0.323630779967   0.521520503508   0.789480514717
-0.0901004474181   -0.850383173465   -0.518392134704
-0.0157776845384   0.521662650069   -0.853005955852
0.995807718239   -0.0686771747834   -0.0604191243954
0.93111265123   -0.104192670233   0.349532713076
-0.0901463067005   0.862854737835   0.497348311983
-0.353416006187   -0.494596388497   0.794022378166
-0.956366391066   -0.257456018237   -0.138137541021
0.24459523091   -0.964093169822   0.103439824797
-0.15980849346   0.065138491012   0.984996568372
0.192558239095   -0.130478890032   0.972572155046
0.280710517078   -0.942377643469   -0.182005532506
0.940278120088   0.308057896372   -0.144835795778
-0.330082597408   -0.247338955144   0.910971408985
0.858560945054   -0.479763779917   0.180830875598
0.392324572705   0.841813603603   0.370717251668
0.630430156625   0.51191097956   -0.583527936617
0.190159146598   -0.830672621882   -0.523279973298
-0.752593650499   0.218928254218   -0.621025536937
-0.337537174006   0.109182195405   0.934958822687
0.80631250296   0.546061519984   0.227325749659
-0.485725127499   0.830599841738   -0.272351050125
0.740171847636   -0.316482072217   -0.593283008414
0.491443390506   -0.347591851584   0.798538207133
-0.45894337781   -0.882620514314   -0.101744674704
-0.991580739645   -0.0395974080699   0.123068704001
-0.107884311272   -0.271079186791   -0.956474112837
0.0712378832617   -0.961724387972   0.264559081091
0.731513868858   0.616378448105   0.291487666983
0.274699888325   -0.65770664258   0.701399951482
0.624041202683   -0.43301215837   -0.650440617245
-0.518544881011   0.390942123746   0.760444150428
-0.8428662745   -0.0841061094662   -0.531509636835
-0.143831475516   -0.916564403967   0.373124825619
0.381363894026   0.865282040027   -0.325343805902
-0.443502862069   -0.137535737379   -0.885657478923
-0.811089891546   0.482048700696   0.331303878858
0.728890944517   0.65987764171   0.182426709052
0.566200240168   -0.730809103246   0.381228854768
0.38488348138   -0.174584219344   -0.906303019425
0.604458576379   -0.794570579175   0.0573357157023
-0.748282029275   -0.541603285737   0.383066221697
-0.273319948503   -0.274450943249   -0.92193963568
0.475920093516   -0.845267770821   0.242945356084
-0.804726181561   -0.307067759072   0.508060162522
-0.35484619646   -0.437300527833   -0.826348822158
0.628343299944   -0.708739176729   -0.320738961139
0.0324326899259   -0.388070305552   0.921058942215
-0.777259816566   -0.589143644436   -0.220855061638
-0.167520598859   -0.587474235392   -0.791713881896
0.335239133739   0.721262469205   -0.606131317048
0.927120041444   -0.366952957539   0.076118033197
0.89351286439   0.440934301347   0.0849217449179
0.318098396987   -0.488059854391   -0.812779788188
-0.316935593928   0.753242667504   -0.576348252899
-0.228589773302   0.801936964784   0.551945541401
0.634400408063   0.552752582155   -0.54037091635
-0.738432731133   0.226631219166   -0.635102726151
0.112148520006   -0.0577673195644   0.992010931487
0.875334762897   -0.466773970577   -0.126139535996
0.470331589694   0.882487997917   -0.00178229895518
0.00742617678871   -0.715855849838   -0.698208578621
0.969197141076   0.177043006739   -0.171209364719
0.246174163426   -0.675430342144   0.695120222303
0.0985713877863   -0.506949109692   -0.856321370125
0.990222769122   -0.0353843825369   0.134932654686
-0.0987043882609   -0.861249414497   0.498504657747
-0.378037645002   0.335195778956   0.862978177832
0.553120195021   0.829270539376   -0.0798024010399
-0.742391807272   0.447162345376   -0.498899036522
-0.100623705252   -0.994884739029   -0.00887681342051
-0.957625517952   0.0944278829313   0.272096288105
-0.269866280103   0.0358800596494   -0.962228688423
0.459916989489   0.112826223228   -0.880764788309
-0.233417173173   0.972373006768   0.0026756855875
0.856733793101   0.20435503267   0.473546443782
-0.802397343601   -0.417099290503   -0.426806362848
-0.324135714186   -0.295881748174   0.898539639489
-0.501070382576   0.85934022762   0.102232000689
-0.712640037139   -0.130681432178   -0.68925405692
-0.313460878422   -0.819650528096   0.479499939552
-0.62760741662   0.55776363956   0.543148123304
0.0660385506054   -0.284645553447   -0.956355499877
0.683507744454   -0.685363136925   0.251186337322
-0.726949858321   -0.670264367014   0.149297029841
-0.89822444836   0.423118995578   0.119009688419
-0.439381642191   -0.857162500859   -0.268731029788
-0.0116945654927   -0.293671431104   0.955834886987
0.483720456188   -0.870977416122   0.0860982206914
-0.548935964191   -0.225297072616   0.80492896439
-0.681677247837   -0.436623030888   -0.587091636845
-0.590374018313   -0.175390718081   -0.787842761182
-0.447944772937   -0.740783722327   0.500584180046
-0.671419094705   0.64844208448   0.35877444419
-0.344268593762   -0.894356978082   -0.285665313159
0.937881517268   -0.341566884463   -0.060911929564
-0.0430968090932   -0.288890289472   0.956391689503
0.64713008527   0.35857235598   -0.672791569936
-0.544165023094   -0.40082778708   -0.737035566743
-0.533954172838   0.843067532603   -0.0642651644711
0.757799987405   -0.57199097385   0.313952109721
-0.492823279996   -0.817099728901   -0.299126086854
0.427626958993   0.0719550344121   -0.901088770051
-0.696518622447   -0.393492886683   -0.600020096098
-0.614981571098   -0.103445498207   0.781726306983
-0.369673416411   0.913488751956   -0.169938657662
-0.897963871469   0.2035066574   0.390216316596
0.0849435120007   -0.789858264037   0.607396138386
0.431819792405   0.578558994011   0.691957271494
0.575463735953   0.162897005573   0.801439950462
-0.362470701441   -0.827652732074   0.428492342361
0.733114192482   -0.53708031284   -0.417238682414
-0.44411722299   -0.464829224674   0.765959071806
0.426524442108   -0.861496405499   -0.275500177917
0.787931728056   0.204345882359   0.580866801173
0.776510354096   0.1336739043   0.615762095364
0.192036179662   0.880541745989   -0.433322443103
-0.600128133384   0.454727964068   0.65807955707
-0.631202069368   0.523568549007   -0.572241209984
-0.043781216443   -0.760661709464   -0.647670483735
-0.774381839276   -0.383757507947   0.503053641826
-0.598624323708   -0.357306232457   0.716924841333
-0.517902007108   0.855418113013   -0.00611291575787
-0.611086313795   -0.374956148039   -0.697123705092
0.574513085347   0.524008032776   -0.62876884643
0.0765817211043   -0.799244520361   -0.596106779383
-0.814904853739   0.294318932487   -0.499305843285
0.913556212582   0.397982286982   0.0838135354394
0.381268310121   -0.909762158622   0.164187808508
0.141594792175   -0.118039230829   -0.982856872257
0.680354186425   0.731869217446   -0.0385438238001
0.306067433645   -0.235950653673   0.922306891797
0.66591358588   -0.639292362812   -0.384531347303
0.228295425519   -0.171418086272   -0.958382502701
0.785185977239   0.614436756872   0.0771391243651
0.575642391536   -0.770119018762   0.274868183183
-0.272746944488   0.262386032903   -0.925614787047
-0.321838191187   0.88178039927   0.34479488356
0.906658338602   0.391939922403   -0.156057068924
-0.171231412015   0.0916016698126   -0.980934928499
0.0380698852484   -0.994261936592   -0.0994947667198
-0.984466801725   -0.0543843622284   0.166816972942
0.558473594652   -0.82486181766   -0.0878079358815
0.351667977272   0.139558732212   0.925663550729
-0.751290147412   -0.547837893134   0.368017347901
0.195561453197   0.896167469357   -0.398295867731
0.327593219613   0.323112708828   0.887851829474
0.924358379553   -0.304108624513   -0.230389997798
-0.47645406668   -0.617223479649   0.626120152736
0.159270486931   -0.76095863886   -0.62894718408
0.864652636314   -0.199942052954   0.460867553258
0.188975357634   0.475226005708   -0.859330279077
0.794269314205   0.440607138873   0.41833190838
0.577429252421   -0.761594099606   -0.294193540631
0.239916232218   0.535968276817   -0.809430778612
0.350389751751   0.729771791107   0.587077632694
0.90535473765   -0.424465700837   -0.0127136926995
0.275818585341   0.249442872853   -0.928279223213
0.770848867745   -0.634317801477   0.0585905151288
-0.574209096203   -0.731723362037   -0.367239364027
0.949260195893   0.303029136784   -0.0841333473007
0.251736568339   -0.892495899295   -0.374272189715
-0.188504053084   0.334102250955   -0.923494346688
0.739573780488   0.588869702815   0.32598023295
-0.00167335821415   -0.48270440414   0.875781792982
0.673073427673   -0.648250740187   -0.35601014293
0.608870200607   0.0202201766905   0.793012207196
0.357590989583   -0.899340975215   -0.251625042761
0.708100205109   0.436780977642   -0.554812602289
-0.74116029211   0.534012549069   -0.406831861926
-0.203792370412   0.398442388406   0.894266393752
0.639648525523   0.745703902812   -0.186482041934
-0.780381603651   -0.407154611487   -0.474584713498
0.370658048254   -0.912454688817   0.173320800032
-0.503605142155   -0.040652316098   0.862977013048
0.024763381581   -0.975551304421   -0.218372340459
0.9105851082   -0.0681398012243   0.4076662665
-0.412579189199   -0.208941801847   0.886635067032
-0.624552635875   0.567969709759   0.536045106469
-0.636792033786   0.0270188097223   -0.770562038451
-0.452139196576   -0.822605834036   0.344803952238
0.992728836934   -0.120320782908   -0.0035164311919
-0.0174300287892   -0.1147818137   -0.993237783092
0.11910352717   0.98607708059   -0.11604441103
-0.453426407989   -0.890190146242   0.0442510325626
-0.868318639075   0.430002052499   -0.247220347807
0.20104574451   -0.150521303699   -0.967942832715
0.103777228273   -0.987008631093   -0.122654984031
-0.027006942642   0.120478966166   -0.992348446817
0.994233829644   0.106295705466   -0.0141531106421
0.361945378604   -0.324805808565   0.873782985095
-0.855145377418   0.257465300068   0.449931077084
-0.371109016057   -0.910061963478   -0.184567806466
0.425483503804   0.230572131488   -0.875100152097
0.447321725104   0.787019371089   0.424857367017
0.786681039729   -0.572221111319   0.231723836021
-0.441466566809   0.188192280317   0.877320313187
-0.886575950002   -0.242048133063   -0.394202717693
0.138167836995   -0.951838412435   0.273702910787
-0.76818796949   0.632987085192   0.0959919312837
-0.621804472597   -0.773359213134   0.123590380949
0.152467369461   0.0352524379915   0.987679586643
-0.604730427447   -0.745846228131   -0.279311038619
0.754431291095   -0.648839908436   0.0991985198388
-0.255214966899   -0.150732621895   0.955062825865
0.0381175320479   -0.734587564743   0.677442371618
0.840578183854   -0.343015898217   -0.419247439025
0.540347456704   0.5854239558   0.604403358198
0.992320498345   0.111369370162   0.0538227845155
-0.0780329418784   0.226024844188   0.970991064761
0.0959733750843   -0.967734287526   0.232979565442
-0.758324980469   0.117217257511   -0.641251217461
-0.00168466287771   0.983344744299   0.181742327863
0.65187435236   0.13890005892   -0.745497410653
0.724530068104   -0.570967322726   -0.386072879966
-0.388790226121   -0.80107933167   0.455096223646
-0.569120472606   -0.179629421539   -0.802392463713
0.0676252313668   0.909782060284   -0.409540410663
0.879274674553   0.139636168419   0.455387429185
0.471489970063   -0.390894188695   -0.790505396675
-0.377219023984   0.849730060549   -0.368327347522
0.918511376829   0.394146918767   -0.0313884413972
0.118503423447   -0.350153120531   -0.929166451734
-0.968158802961   0.241658104687   -0.0655166022377
0.163376225262   0.411424321102   -0.896685549866
-0.18973474576   -0.878827700268   -0.437811672172
0.602715507791   0.723878926578   -0.335757829087
-0.7945099408   0.505338067722   -0.336730449467
-0.0740808619435   0.46971559617   0.879704089827
-0.645533341272   0.201282554857   -0.736730718912
-0.354512235531   0.775451728567   0.522489910953
0.676467215715   0.598464673393   -0.429222832082
-0.806249407894   0.459770275113   -0.372132885865
0.420758528468   0.00365944337665   -0.907137838554
-0.415732908658   -0.88800230379   -0.19636253757
-0.972777337426   -0.131318493135   0.190950063408
0.203835071676   -0.0928022178086   0.974597477187
-0.110262128174   0.986987554301   0.117041979872
-0.590894635344   0.508586634045   0.626245452478
0.672636438256   0.739174599519   0.0343681005547
-0.445425586388   0.441543406785   -0.778868212113
0.92745053384   0.373646497585   -0.0149600127369
-0.367547452592   0.903482677545   -0.220517394511
-0.0688794398338   0.210017489822   0.975268310102
0.998172943693   -0.0509926843765   -0.0324117362796
-0.00982182466716   0.392354232218   -0.919761761513
0.0596180028917   0.918399647388   0.391136537733
-0.848826188115   -0.394947406539   0.351444346278
-0.521700945386   0.518136494232   -0.677763486269
0.0855844965267   -0.758651280764   -0.645852720027
-0.338120321393   -0.775422455329   0.533286837243
-0.415430517453   -0.385483440851   -0.823905452921
0.844447938107   -0.500122710897   -0.191794473838
0.436888753141   0.26203147089   -0.860504331547
0.368044351692   0.820818283969   0.436807386839
0.820774970096   -0.507539994752   0.262167073896
0.179707557393   -0.403997468198   0.896934333389
-0.950989025081   -0.304588452014   0.0533449502681
0.251644644086   -0.862561218252   -0.438933987956
0.0515141309048   -0.599989638525   -0.798347482425
0.99811454038   0.0576444163749   0.0210822299954
0.0333711449382   -0.797928273595   0.601827904196
-0.996979658313   0.0221736809059   -0.0743356381107
0.0734477868124   -0.0384741764612   -0.996552972582
-0.024957600658   -0.99900987604   0.0367366799116
-0.596453336147   -0.135670486548   0.791098597565
0.312511530063   0.868582675014   0.384578580662
-0.739310500106   0.476610595986   -0.475670447176
-0.816270836981   0.570274537878   0.0921328714869
-0.00905734255736   -0.172105605197   0.98503673186
0.577598025539   0.803222478529   0.145650196838
-0.936494027217   -0.0118134727619   0.350485347733
0.257082751215   0.656619823014   0.709054986208
-0.238512046114   0.754129270285   -0.611883605832
-0.57651511814   0.16911585485   -0.799393429157
0.538326858034   -0.657380701481   -0.527308733728
-0.614682211277   -0.734336526659   0.287950539231
0.302943510917   -0.101414171538   0.947597152208
0.736545445838   -0.606053796008   -0.300332363431
0.604752844785   0.788932118829   -0.108903891052
-0.220604989924   -0.825893400207   -0.518877150179
-0.247473640337   0.561970486976   -0.789269255252
0.943445919394   -0.045708330126   -0.32836033544
0.953690144081   -0.147946342987   0.261891177887
-0.192527964873   0.368707192242   0.90938880257
-0.23110190869   -0.917696513611   0.323148606964
0.998878191458   -0.0343101883434   0.0326369359449
0.0365824734665   0.996749164164   -0.0717831896843
-0.0300679438456   0.072896602541   0.996886154002
0.888984207429   -0.39604988813   -0.229894730236
-0.216848002072   -0.806240373571   0.55041235535
-0.403341102388   -0.439455689503   -0.802617597784
0.850390054453   -0.525804218735   0.0191487504688
0.525366726433   0.850545696694   0.0237026663575
-0.0287498494092   -0.0100963951942   0.999535646663
