-0.168532540106   -0.859189787917   0.483104239688
0.70250286717   0.239104542875   0.67031242645
-0.691438008561   0.452351562144   0.563286383823
0.787405660505   0.222727852317   -0.5747909443
0.258912058922   0.726713195317   0.636280187929
0.559425483503   -0.64983092848   0.514551156733
0.952216000977   -0.164176552392   0.257547563682
0.057383881115   0.924392332999   0.377101982972
-0.299986296524   -0.344303463558   0.889642258368
-0.602756733559   0.746668770112   -0.281371485871
0.296569063462   -0.11772868123   -0.947727091646
-0.740763765258   -0.654695041513   -0.150477026692
0.559604154173   -0.719351654211   0.411553627802
0.556655282816   0.69414784126   0.456392014418
-0.613985412763   -0.0263053662885   0.788878913891
0.225060737203   -0.949989129575   -0.216490937846
-0.802504469426   -0.0547251104265   -0.594131087897
0.55257058285   0.307450527312   -0.774686996367
0.947210080535   -0.198333242315   0.25190662724
-0.1084848059   -0.937621559144   -0.330295942565
0.301701956811   0.285531588058   -0.909640705642
-0.996781916341   0.0690767520681   0.0406232139782
-0.0719054287657   -0.547183640133   -0.833916421877
-0.0353758746071   -0.834155496107   0.550392825478
-0.989971202672   0.0435009571399   -0.134362475589
0.0365085127439   0.997869231156   0.0540750755199
0.136428503677   0.0486276878246   -0.989449950522
-0.872129512877   -0.247628706171   -0.421982921506
-0.486818405463   0.352871641896   0.799055225953
-0.0489632746524   0.902308948144   -0.42829982461
0.883455213581   0.0299064989648   -0.467560141867
-0.462807533566   0.211010810634   -0.860978292554
0.0729113970344   0.977026117713   0.200259554096
0.216366505329   0.669460291726   0.710639477446
-0.356962238687   0.731730057311   -0.580645406491
-0.908715307043   -0.128039235122   0.397293915856
-0.479298449114   0.778212196601   0.405784702161
0.840254611743   0.27335096306   0.468244212229
0.253471171716   0.565390335877   -0.784913428532
-0.83326538392   0.545487404072   0.0900659563965
-0.52781575898   -0.833360953456   0.164072027926
0.164556704742   0.0891773389027   0.982328096486
-0.00119221199753   0.547430232515   -0.836850481133
0.485004678717   0.732152312221   0.478250411016
0.874510748286   -0.405306223172   -0.266379104823
0.712152026724   -0.695787553119   0.0933764715348
0.69509267397   0.680207744859   -0.232730727247
0.0984157462273   0.230644960352   0.968048161228
-0.176054572209   -0.929479462298   0.324149093669
-0.956794125231   0.23898720416   0.165620243962
-0.231408097703   -0.280985751335   -0.931395278844
0.0807078217051   0.921336859647   0.380300794434
0.866427451555   -0.253470967738   0.430187714482
0.492741082501   0.294781935598   -0.818729417951
0.935617665205   0.0191694126226   -0.352494766285
-0.0282550900482   -0.991261393637   -0.128903733025
-0.351883043816   0.130564375391   -0.926900479251
0.814792931288   0.141460609238   0.562228936054
-0.566255736549   -0.0138493734273   0.824113246602
0.124366077877   -0.98984700759   0.0688185089085
0.188360444971   -0.687072147635   -0.70174939097
0.981108496877   0.0995438279344   0.16588292498
-0.0441187164291   -0.719738071376   0.69284244086
-0.478447893765   0.375152352976   -0.793944801453
-0.838086184336   0.0747882913046   0.540387151349
0.262105290529   0.92394125234   0.278627690656
-0.257488057357   0.885040457074   0.387818777372
-0.170195077832   -0.43661650369   0.883402396934
0.951174878885   0.161460672514   0.263052975778
0.150559813037   0.74305525038   -0.652074049996
0.635832574103   -0.577852044799   -0.511667685443
-0.756999742077   -0.3375733661   -0.559459992159
-0.158031980243   0.433048874304   -0.887408894987
-0.916296392515   -0.399247972549   -0.031653669376
-0.368003798218   0.808127283405   0.459895085376
0.946126937905   0.167287861172   0.277233816378
0.0125026648754   0.836686215155   -0.5475398259
-0.323554478891   0.521508340375   0.789519822661
-0.0902476464049   -0.850472992102   -0.518219105493
-0.0156947502889   0.521492340217   -0.853111604188
0.995795675029   -0.0688579994781   -0.0604114150608
0.9311837297   -0.104241759648   0.349328667784
-0.089996584823   0.862852827416   0.497378744047
-0.353266864156   -0.494589381058   0.79409311165
-0.956361912282   -0.257384415119   -0.138298879279
0.244500775487   -0.964109085077   0.103510738186
-0.159977148188   0.065179482869   0.98496647558
0.192377588659   -0.130304109401   0.97263150624
0.280954304987   -0.942341923069   -0.181816410169
0.940242461479   0.308242384449   -0.144676308712
-0.330120011192   -0.247343839153   0.910956522699
0.85864800121   -0.479561933246   0.180952875283
0.392102500673   0.84192716923   0.370694297964
0.630371278737   0.512110125533   -0.58341670225
0.190227877608   -0.830529036247   -0.52348235507
-0.752625526885   0.219006029177   -0.620959099107
-0.337655296582   0.10926416019   0.934906543253
0.806242513154   0.546151960609   0.227356649605
-0.485759108307   0.8305295777   -0.272504513469
0.740000570185   -0.316719509219   -0.593369948349
0.491439365293   -0.347723148886   0.798483496741
-0.459223794422   -0.882483595773   -0.101666881202
-0.991614415807   -0.0392378184681   0.123226162005
-0.108134171713   -0.271068934575   -0.956474565895
0.0709316171294   -0.961767637165   0.264538040404
0.731313975015   0.616527334661   0.291674405582
0.274881557435   -0.65780819604   0.701233751199
0.624195516355   -0.43264614878   -0.650536342837
-0.518613018802   0.390931544461   0.760403328167
-0.842813374839   -0.0840639720491   -0.531600391294
-0.143896869792   -0.916572904016   0.373078902365
0.381302794654   0.865285699806   -0.325405618527
-0.44345685319   -0.137651862314   -0.885662434289
-0.81114374695   0.482008906415   0.331229851275
0.728884456567   0.659864267885   0.182500703772
0.566084823191   -0.730790340431   0.381435284564
0.385065360507   -0.17471133714   -0.906200851668
0.604386598231   -0.794653791529   0.0569407249119
-0.748291272265   -0.541686115743   0.382931504184
-0.273453956631   -0.27404692418   -0.922020326532
0.476057797741   -0.845251737445   0.242731316319
-0.804635165542   -0.307277058489   0.508077853804
-0.354867921838   -0.437184578295   -0.82640091153
0.628234218893   -0.708741675856   -0.3209470397
0.0325299764258   -0.38822669504   0.920989593214
-0.777343917465   -0.589037576968   -0.220841943905
-0.167548358339   -0.587628242698   -0.791593669639
0.33510715035   0.721188339757   -0.606292472728
0.927162708058   -0.366852031597   0.0760845165148
0.893489759732   0.440957283714   0.0850453205759
0.318181401231   -0.487951810347   -0.812812028831
-0.316917384381   0.753299058968   -0.576284350783
-0.228656513618   0.801962197007   0.55188101398
0.63442170638   0.552741378356   -0.540357290772
-0.738393606076   0.226569057437   -0.635170139004
0.112055037309   -0.0576329640212   0.992029270567
0.87532045328   -0.466840052696   -0.125993686834
0.47038041655   0.882461753568   -0.00186443959342
0.00701535040676   -0.716055947322   -0.698007653045
0.969176990014   0.176772544324   -0.17160257858
0.246265639973   -0.675289096057   0.695225054933
0.0982688887388   -0.506955567988   -0.85635232884
0.99026512703   -0.0354293253271   0.134609730639
-0.0985811199579   -0.86124378284   0.498538792821
-0.378063453874   0.335129897216   0.862992416021
0.553324977973   0.829154659991   -0.079586495671
-0.742225994471   0.447426523056   -0.498908816337
-0.10047735416   -0.994898961651   -0.0089318954618
-0.957579182255   0.0942640840605   0.272315838534
-0.27008486141   0.0359146531405   -0.962165928303
0.459841829536   0.112409011513   -0.88085736908
-0.233401863783   0.972377774957   0.00224336499169
0.856778303013   0.204562158853   0.473376447878
-0.802305625151   -0.417233455205   -0.426877295687
-0.324005502486   -0.296218400968   0.898485807295
-0.501326656058   0.859169689532   0.102470350974
-0.712650775323   -0.130597740193   -0.689245739498
-0.313467204352   -0.819679392635   0.479426484018
-0.62757770113   0.557723652035   0.543219089828
0.0661070772014   -0.284253384729   -0.956467336082
0.683512482981   -0.685444982563   0.250949549272
-0.726939087772   -0.670346928046   0.14897806957
-0.898211513369   0.423169023231   0.118927442134
-0.439404481217   -0.857130488376   -0.268794933248
-0.0118093438071   -0.293692001987   0.955827149622
0.483777517088   -0.870956944361   0.0859846395172
-0.548959003821   -0.225462216987   0.804867009758
-0.681618199059   -0.436578621031   -0.587193214543
-0.590274704252   -0.1752614007   -0.787943532761
-0.448090173365   -0.740782474814   0.500451715481
-0.671406557854   0.648475261223   0.358735800244
-0.344312139728   -0.894356190171   -0.285615377045
0.937871933971   -0.3415688094   -0.0610489312342
-0.0429578161894   -0.288890535735   0.956397869092
0.64710884433   0.358652277979   -0.672769408994
-0.544165775982   -0.400775817472   -0.73706330462
-0.53397915917   0.843058272166   -0.06417927173
0.757734601584   -0.571954844301   0.314174908251
-0.492689160412   -0.817119849226   -0.29928601399
0.427896725983   0.0719887702177   -0.900955916903
-0.696490428063   -0.393783545518   -0.599863303373
-0.614941662574   -0.10325971377   0.781782853585
-0.369794828365   0.913385021668   -0.170234688351
-0.897960962247   0.20363183875   0.390084788541
0.0847695599902   -0.789809892368   0.607439176513
0.431794152002   0.578534619285   0.69198697964
0.575488364218   0.163053151262   0.801390582913
-0.362322170246   -0.827668662405   0.428587753147
0.733168358201   -0.537008833319   -0.417235965988
-0.444207698288   -0.464825862216   0.765909014337
0.426599538756   -0.861486966983   -0.275414725102
0.787840424172   0.20439509555   0.580973461595
0.776285590464   0.133614032159   0.616058416965
0.19224063922   0.880548752523   -0.433217533599
-0.60035341203   0.454731992711   0.657871261333
-0.631324793472   0.523537923233   -0.57213281695
-0.0439162844552   -0.760693308255   -0.647623252064
-0.774273386637   -0.383735012203   0.503237351443
-0.598632532105   -0.357211559076   0.716965062763
-0.517938076515   0.855395106872   -0.00627309192036
-0.611047582481   -0.375098793451   -0.69708080526
0.574533391498   0.524262482269   -0.628538148171
0.0768023375108   -0.799075946093   -0.596304380994
-0.814869777924   0.294323569436   -0.499360373591
0.913443500677   0.398278779438   0.0836358403172
0.381578094414   -0.909628705502   0.164234859528
0.141488861045   -0.118105652151   -0.982868884378
0.680202517831   0.731995803721   -0.0388156852874
0.306159151204   -0.235585749851   0.922369692059
0.666026341989   -0.639281955032   -0.384353228644
0.22834255538   -0.171555606297   -0.958346660519
0.785142751762   0.614500567719   0.0770707261544
0.575682644462   -0.770037474038   0.275012279019
-0.272478575417   0.262137929425   -0.925764073519
-0.322201808467   0.881758735521   0.344510559826
0.906609843584   0.392154608755   -0.155799048073
-0.171320939705   0.0916378802926   -0.980939354575
0.038551241842   -0.994270549633   -0.0996167750735
-0.984455849803   -0.0548835040707   0.166816185945
0.558493383485   -0.824808229424   -0.0881846672843
0.351942758344   0.139347256665   0.925590977117
-0.751146753783   -0.547972395971   0.36810979643
0.195625948527   0.896189881079   -0.398213765536
0.327350033038   0.323095441489   0.887947806177
0.9244308854   -0.304060927572   -0.230161937743
-0.47652923916   -0.617063795671   0.626220400312
0.159120256557   -0.761066888811   -0.62885430434
0.864638919809   -0.200023159173   0.460858127127
0.188954490484   0.475300429234   -0.859293705207
0.79414418138   0.440749303722   0.418419704709
0.577608162182   -0.761465384688   -0.294175508728
0.23974733868   0.535979705116   -0.809473281822
0.35037128832   0.729829576575   0.587016829613
0.905406648198   -0.424351921913   -0.0128172014073
0.275721088666   0.249499465497   -0.928293103045
0.77085619715   -0.634320271095   0.0584716970982
-0.574246281451   -0.731702284241   -0.367223812977
0.949243199244   0.303132614056   -0.083952047088
0.251918783346   -0.892491944954   -0.374158095237
-0.188346102991   0.33401792157   -0.923556704423
0.739486172008   0.58905860918   0.325837632617
-0.00141774808188   -0.482669563856   0.87580141524
0.673170259198   -0.648104994501   -0.356092336213
0.6088257328   0.0202424158053   0.793045578252
0.35785158581   -0.899195099553   -0.251772773403
0.708006558668   0.437078404289   -0.554696724403
-0.741188391088   0.534034470962   -0.406751991727
-0.203734715534   0.398389524114   0.894303098644
0.639634399197   0.745716467822   -0.18648040576
-0.780515372714   -0.40687991821   -0.474599539359
0.370481087334   -0.912572760308   0.173075059855
-0.503527312597   -0.0407424173711   0.863018145336
0.0247317010765   -0.97547596793   -0.218712041597
0.910488425685   -0.068359202175   0.407845341124
-0.41279431663   -0.209221489273   0.886468960565
-0.624489468809   0.568011779107   0.536073957874
-0.636852722846   0.0270128302607   -0.770512022198
-0.452140773343   -0.822576917828   0.344870759905
0.992733732778   -0.120277865808   -0.00360153459716
-0.0174954300927   -0.114660158512   -0.993250721823
0.119053122515   0.98609650718   -0.115931320257
-0.453210443775   -0.890301147137   0.044297413936
-0.86844877306   0.429791423665   -0.247134204685
0.20098537769   -0.150474097311   -0.967966864481
0.103849196993   -0.98702633243   -0.12245138947
-0.026754040755   0.120300300232   -0.992376964089
0.994233144186   0.10633361012   -0.0139138443938
0.362120499257   -0.324943771094   0.87365914134
-0.855129917592   0.257210944719   0.450105943618
-0.370973818025   -0.910084656539   -0.184727785342
0.425739303248   0.230372290668   -0.875028372949
0.447388346848   0.786977567535   0.424864655319
0.786504744345   -0.572359079536   0.231981402991
-0.441457764554   0.188127190984   0.877338711891
-0.886566563331   -0.24211083914   -0.394185339372
0.138256226453   -0.951835339229   0.273668978002
-0.7681370009   0.633065472695   0.0958840982403
-0.621844579128   -0.773282884681   0.123866884761
0.152561372646   0.0355217259158   0.987655423363
-0.604829374533   -0.745783748932   -0.279262985161
0.754302677803   -0.648958544289   0.0993984886937
-0.255359913281   -0.15052969516   0.955056081918
0.0380905685124   -0.73452795552   0.67750853404
0.840494801534   -0.343161212427   -0.419295721853
0.540479065027   0.585413611329   0.604295700145
0.992331230265   0.111237273008   0.0538980382065
-0.0780728231963   0.225998228375   0.970994044161
0.0958298685531   -0.967755686426   0.232949707961
-0.758331479349   0.117068915081   -0.641270837469
-0.00203445352381   0.983311793764   0.181916952816
0.651865997629   0.139257983056   -0.745438116383
0.724467026051   -0.571012769848   -0.386124367069
-0.388597880512   -0.800989742344   0.455420306929
-0.569332326006   -0.179889925711   -0.802185049468
0.0674709375524   0.909706245807   -0.40973436457
0.879214059261   0.139912910372   0.455419634752
0.471625212609   -0.390971804686   -0.790386465909
-0.377059456748   0.849713525502   -0.368526955814
0.918551645008   0.394065451652   -0.031222858749
0.118693167596   -0.350284050502   -0.929091842706
-0.968185904052   0.241504241251   -0.0653836744091
0.163203794979   0.411530204985   -0.896661814198
-0.189641358163   -0.878813739762   -0.437847396676
0.602823247581   0.723798052301   -0.335738751465
-0.794417007933   0.505352977312   -0.336927266346
-0.0742007227479   0.469824163689   0.879636008371
-0.645483094177   0.201379922228   -0.736748141492
-0.354564416213   0.775368037674   0.522578699868
0.676487820899   0.598540349286   -0.429084821863
-0.806393531784   0.45971050678   -0.372023202678
0.420621423108   0.00364185921738   -0.907230627687
-0.415707387229   -0.88806308523   -0.196303323349
-0.972787641203   -0.131271837273   0.190923924374
0.203796314082   -0.0927386757275   0.974611009479
-0.110232946646   0.98699911964   0.116967734807
-0.591076673042   0.508426936463   0.62620301341
0.672409268216   0.739380997713   0.0343727073333
-0.44552658702   0.441381645825   -0.778901839887
0.927462544902   0.373615916928   -0.014979099176
-0.367535475531   0.903535293321   -0.220321688914
-0.0687815456382   0.209845464563   0.975312247251
0.998173293782   -0.0509532863238   -0.0324628733434
-0.00988583042857   0.392332291044   -0.91977042139
0.0596015594565   0.918411193486   0.391111899668
-0.848736945007   -0.395007915034   0.351590409648
-0.521843589081   0.518002549662   -0.677755863546
0.0855940280076   -0.758711070894   -0.645780522089
-0.33818738983   -0.7752139673   0.533546297655
-0.415232996679   -0.385859373471   -0.823828335441
0.844517557726   -0.500154848731   -0.191401104612
0.436802881288   0.261735206273   -0.860638090566
0.36823359671   0.820878528871   0.436534601759
0.820735803649   -0.507595431496   0.262182410214
0.179932297577   -0.403965576261   0.896903652174
-0.950925214856   -0.304759411985   0.0535061156731
0.251725214941   -0.862515786441   -0.438977105159
0.0515358940068   -0.600012231752   -0.798329107563
0.998117815569   0.0575529354036   0.0211772646175
0.0332395619643   -0.797917898057   0.601848947442
-0.996964180507   0.0221988477401   -0.0741458958094
0.0732530423097   -0.038625454814   -0.996546340233
-0.0249878870402   -0.998988402134   0.0369194340675
-0.596630690384   -0.135738729106   0.790953170824
0.312318534984   0.868618325504   0.384654839662
-0.73924897952   0.476526190666   -0.475850638244
-0.816202602364   0.570388288983   0.0920389281985
-0.00918703824245   -0.17209402758   0.985037900372
0.577693312096   0.803144611283   0.145703388779
-0.936551553604   -0.0118259259916   0.350330103111
0.256947208806   0.65665262694   0.709073643676
-0.238430630494   0.75410042285   -0.611950372745
-0.576503224486   0.169224045503   -0.799378235586
0.538375309932   -0.657259191511   -0.52740933169
-0.614649791963   -0.734419362436   0.287807347678
0.302947016552   -0.101439266259   0.94759336224
0.736624793356   -0.605940918158   -0.300365638704
0.604654462246   0.789015638857   -0.108845314593
-0.22044111088   -0.825955093876   -0.518848646428
-0.247535870448   0.561891726475   -0.789305826124
0.943467926239   -0.0455617955289   -0.328317551977
0.95371041989   -0.148141079619   0.26170719368
-0.19229570873   0.368673164967   0.909451732508
-0.231211580805   -0.917678763994   0.323120545068
0.998870365982   -0.0345497982111   0.0326236629656
0.0368308580015   0.996715444977   -0.072123571613
-0.0300246538797   0.0732436558817   0.996862020028
0.889020055718   -0.395869645323   -0.230066427714
-0.216412472572   -0.806103447824   0.550783823044
-0.403495946652   -0.439868618934   -0.802313259163
0.85029494752   -0.525957354615   0.0191668184837
0.525520077636   0.850451317795   0.0236898214194
-0.0287602817277   -0.0100707876858   0.999535604889
