-0.168682764223   -0.859178069343   0.48307272895
0.702452716122   0.239017293899   0.670396132328
-0.691452382964   0.452419979431   0.563213812335
0.787447748922   0.22269128926   -0.574747454362
0.259009189084   0.72658668583   0.63638512942
0.559321273132   -0.649984909566   0.514469959902
0.952243204344   -0.164026749462   0.257542431586
0.057211483687   0.924368044714   0.377187701532
-0.299932867057   -0.34444004052   0.889607402753
-0.602696616849   0.746809319248   -0.281126042895
0.296096936455   -0.11784950006   -0.947859460998
-0.741001090102   -0.654512638737   -0.150100076012
0.559339322339   -0.719634055494   0.411419922592
0.556857765318   0.693855809503   0.456589035826
-0.614043122051   -0.0262858251608   0.788834647817
0.225100148933   -0.950008485918   -0.216365236421
-0.802368257647   -0.0547626210312   -0.594311696178
0.552752402047   0.307384270542   -0.774583731864
0.947208109055   -0.19825505339   0.251975602668
-0.108351512481   -0.937600590992   -0.330399861186
0.301756060879   0.285655478389   -0.909584096605
-0.996795760056   0.069111132355   0.040523493679
-0.0718442710922   -0.54727049134   -0.833875969086
-0.0354528259321   -0.834106937084   0.550466422543
-0.989994454974   0.0431408607475   -0.13438145759
0.0361578599624   0.997887200815   0.0539791873683
0.136426240779   0.0485799304237   -0.989462682366
-0.871974919963   -0.247864004813   -0.422164252058
-0.48707839533   0.352715522801   0.798965717376
-0.0491310227966   0.902305389465   -0.428288140442
0.883448318417   0.0298215769508   -0.467578590519
-0.462805240946   0.211055125071   -0.86096865017
0.0730094084079   0.977019130401   0.200257879224
0.216506438067   0.669343240213   0.710707123135
-0.356859021235   0.731856326073   -0.580549710004
-0.908722524788   -0.127929486839   0.39731277251
-0.479562146253   0.778040605256   0.405799749938
0.840088384816   0.273465928612   0.468474250789
0.253519478885   0.565570008512   -0.784766850332
-0.833175391169   0.545688019932   0.0896826704628
-0.528090609371   -0.833233210607   0.163836363338
0.164130145837   0.089143875621   0.982402494452
-0.0011495922658   0.547088885338   -0.837073755581
0.484973424704   0.732350508593   0.477978578187
0.874528157394   -0.40540904703   -0.266165474876
0.711887875076   -0.69600094429   0.0937994814451
0.695405353394   0.679930438315   -0.232606959918
0.0981175399359   0.230818735978   0.968037013706
-0.175761041511   -0.929531031192   0.324160368577
-0.956763082088   0.238816288591   0.166045393047
-0.231759114727   -0.280960370603   -0.931315573496
0.0703738136363   0.921685285695   0.381501228698
0.865554697641   -0.246527884644   0.435933824301
0.495844752677   0.299532081604   -0.815118024925
0.935681285987   0.0193973648974   -0.352313162449
-0.0280270427785   -0.991251638231   -0.129010418961
-0.351731868151   0.130586927226   -0.926952247923
0.81480081706   0.141552563974   0.562194360901
-0.566229093602   -0.013834578107   0.824131794104
0.124435691644   -0.989834062925   0.0688787549734
0.188102847849   -0.687194654281   -0.701698532983
0.981158426468   0.0993944633785   0.165677061915
-0.0441074396511   -0.719641753793   0.692943202593
-0.478255040567   0.375282524141   -0.793999414309
-0.83808523604   0.0751651904582   0.540336270669
0.262459863559   0.923857767919   0.278570653321
-0.257255770246   0.885169366634   0.387678681873
-0.170244788492   -0.436420992479   0.883489412954
0.951228826307   0.161282432964   0.26296721288
0.150267405476   0.742998618671   -0.65220684849
0.635886985847   -0.577771606003   -0.511692871532
-0.757012854445   -0.337838580093   -0.559283910192
-0.157642766591   0.433031352342   -0.887486663632
-0.91630074185   -0.399208380366   -0.0320247685755
-0.368159857563   0.808156224505   0.459719287228
0.946150563693   0.167050806611   0.277296119092
0.0127122288488   0.83674129355   -0.547450822772
-0.323477215412   0.521495956002   0.789559658547
-0.090396096358   -0.850563234333   -0.518045111598
-0.0156117693147   0.52132108383   -0.853217793708
0.995783523618   -0.0690399539516   -0.0604041896756
0.93125492462   -0.104291459266   0.34912398611
-0.0898462214505   0.862850604866   0.497409782508
-0.353117434636   -0.494582780501   0.794163681448
-0.956358387013   -0.257311947521   -0.138458937178
0.244405634824   -0.964125803792   0.103580919241
-0.160144313941   0.0652202639331   0.984936611575
0.192196034643   -0.130128968021   0.972690505513
0.281198587755   -0.942304836557   -0.181626507986
0.940206212529   0.308427115929   -0.144514856505
-0.330158068415   -0.247348571986   0.910941515757
0.858734970122   -0.479360009442   0.181075554
0.391880099369   0.842040847646   0.370671352128
0.630312094857   0.512310165171   -0.583305176568
0.190297159557   -0.830385676195   -0.523685475826
-0.752657708001   0.219083959222   -0.620893281841
-0.33777414527   0.109345924024   0.93485408578
0.80617224044   0.546242604807   0.227388121565
-0.485793177746   0.830459215124   -0.272658290304
0.739828870963   -0.316956685542   -0.593457401346
0.491435839177   -0.34785458099   0.798428415135
-0.459504128049   -0.882346631213   -0.101588973577
-0.992078092546   -0.0272226875256   0.122686177795
-0.111328013388   -0.262534937984   -0.958482671212
0.0583013410915   -0.964542317818   0.257417000536
0.731112823951   0.616677234725   0.291861596014
0.275063465193   -0.657908483476   0.701067969592
0.624350937511   -0.432279303281   -0.650630688063
-0.518680310747   0.390920855848   0.760362884777
-0.842760852726   -0.0840218711878   -0.531690266412
-0.143961721284   -0.916581299585   0.373033221088
0.381241785428   0.865289684256   -0.325466524348
-0.443410996477   -0.137766955945   -0.88566751383
-0.811197500214   0.481968898552   0.331156445181
0.728876968196   0.659852269722   0.182574851752
0.565970305039   -0.730772083934   0.381642814384
0.38524824226   -0.174838800325   -0.906099771831
0.604314811656   -0.794736509573   0.0565447078981
-0.74829996134   -0.541768575098   0.382796628687
-0.273588361408   -0.273642049816   -0.922100070226
0.476196545818   -0.845235337415   0.242516254683
-0.804543604054   -0.307487825924   0.508095438846
-0.35488941739   -0.437068198553   -0.826453325499
0.628124753876   -0.708743674554   -0.321156781495
0.0326280390245   -0.388384506125   0.920919548798
-0.777428251088   -0.588931072426   -0.220828992232
-0.167575828071   -0.587782424959   -0.791473385844
0.334974008528   0.721114576048   -0.606453767182
0.927205863442   -0.366750022532   0.0760504722704
0.893466076904   0.440981243786   0.0851699159942
0.318265561995   -0.487842939823   -0.812844593752
-0.316899674992   0.7533557222   -0.576220261189
-0.228723990882   0.801987666745   0.551816243557
0.634442884583   0.552730227956   -0.540343907967
-0.738354664417   0.226506280408   -0.635238033109
0.11196046773   -0.0574980193565   0.99204775583
0.875306226145   -0.46690631491   -0.125846608207
0.470429359786   0.882435457184   -0.00194661291683
0.00660366443724   -0.716256151717   -0.697806186971
0.969156374414   0.176501881618   -0.171997013817
0.246358014646   -0.675147521625   0.695329806445
0.0979656788158   -0.506962703092   -0.856382834113
0.990307463782   -0.0354741574205   0.134285995854
-0.0984574429154   -0.861237725126   0.498573686787
-0.37809114109   0.335063991163   0.863005891289
0.553530213449   0.829038498393   -0.0793691735738
-0.742058858429   0.447691059483   -0.49892015364
-0.100330147342   -0.994913148499   -0.00898632718423
-0.957532751179   0.0940998114638   0.272535294246
-0.270303454568   0.0359483398016   -0.96210295348
0.459766938645   0.111991257996   -0.880949668049
-0.233385844498   0.972382521625   0.00181082637854
0.856822856308   0.20476862464   0.473206509583
-0.802215765481   -0.417366431282   -0.42695026624
-0.323876843975   -0.296557458766   0.898431998027
-0.501582553266   0.859000306857   0.102708566705
-0.712675706435   -0.130515070958   -0.689243000055
-0.313476266666   -0.819723073437   0.479357142412
-0.627552967573   0.557688493693   0.543286253035
0.0661748466927   -0.283860125792   -0.956579536724
0.683517387855   -0.685527420053   0.250711591039
-0.726928443241   -0.670429526772   0.148658573221
-0.898198688607   0.423219650174   0.118844877699
-0.439427793835   -0.857098708094   -0.268858481462
-0.0119243974298   -0.293712098415   0.955819548224
0.483835571226   -0.870935970652   0.0858703914363
-0.548981839526   -0.225628648576   0.804804802027
-0.681558602742   -0.436534494076   -0.587295204693
-0.590177358575   -0.175132020581   -0.788046175343
-0.448236852157   -0.740784220704   0.500319419953
-0.671395355565   0.648509501072   0.358695720879
-0.344355796206   -0.894355256828   -0.285565625411
0.937862257687   -0.341570780396   -0.0611862228635
-0.0428186575892   -0.288891057056   0.956403951591
0.647087460324   0.358732850113   -0.672747032615
-0.544166504583   -0.400723433323   -0.73709129747
-0.534004347297   0.84304893557   -0.0640927163817
0.757668950909   -0.57191953658   0.314398182235
-0.492556011667   -0.817143770184   -0.299445700081
0.428166730009   0.0720221882739   -0.900827004052
-0.696461869677   -0.394073977479   -0.599706257938
-0.614901378163   -0.103074195898   0.781839290354
-0.369916464446   0.913280943129   -0.170529879877
-0.898006699992   0.203761557451   0.389963340973
0.0845985360061   -0.78980710476   0.607497887758
0.431779188132   0.578525560048   0.692008610661
0.575512775669   0.16321032284   0.801341054329
-0.362172628062   -0.827684542491   0.428683449638
0.73322307814   -0.536936591256   -0.417232765847
-0.444298703859   -0.464822275725   0.765857932815
0.426673756751   -0.861476988967   -0.27532926866
0.787748453864   0.204443030868   0.581081116366
0.776060541946   0.13355346185   0.616355011995
0.192445965231   0.880555641061   -0.43311235216
-0.600578536455   0.4547364423   0.657662663157
-0.631449247442   0.523507425911   -0.572023918275
-0.0440516636008   -0.760725728523   -0.647576497887
-0.774164607171   -0.383713232373   0.503421469883
-0.598640422549   -0.357117522077   0.717005548285
-0.517974573688   0.855371839945   -0.00643255975802
-0.611009183122   -0.375241405282   -0.697037959373
0.57455323509   0.524517229401   -0.628307547754
0.0770237358436   -0.798907711469   -0.596501729697
-0.814834978765   0.294327446014   -0.499415387606
0.913330159973   0.398576676907   0.0834580419287
0.381889343323   -0.909497170879   0.164281758183
0.141382960759   -0.118171905465   -0.982883427445
0.680049966691   0.732123035581   -0.0390887205893
0.306251782567   -0.235219823278   0.922432423
0.666139559687   -0.639271139736   -0.384175224237
0.228388799371   -0.17169422427   -0.958310840018
0.785099873749   0.614564104549   0.0770010249314
0.575722816103   -0.769955883771   0.275156667174
-0.272209855088   0.261888115973   -0.92591381168
-0.322565943628   0.881737345339   0.344224438009
0.906561075691   0.392369553384   -0.155541405637
-0.171390289215   0.0916707031116   -0.980926344161
0.0390308238253   -0.994243620397   -0.0997351283771
-0.984427044158   -0.055380350594   0.166831053278
0.558512570801   -0.824754833822   -0.0885617174025
0.352217227574   0.139134969209   0.925518500928
-0.751003820431   -0.548106682177   0.368201486203
0.195689500928   0.896211705466   -0.398133408783
0.327108077069   0.323079728127   0.888042682595
0.924503076317   -0.304013287835   -0.229934778892
-0.476604734144   -0.616903273793   0.626321023463
0.158970506458   -0.761175792282   -0.628760279181
0.864624804019   -0.200103626611   0.460849643857
0.188932280295   0.475374073518   -0.859257882321
0.794019282592   0.440892317456   0.41850610541
0.577787155426   -0.761336634887   -0.294157391071
0.239578368826   0.535990374097   -0.809516234193
0.350353704699   0.729887496147   0.586955303149
0.905458169188   -0.424238806767   -0.0129209576026
0.275623239939   0.249556367196   -0.928306780907
0.770863358773   -0.634322296091   0.0583521644928
-0.574283503147   -0.731680881663   -0.367207846557
0.949225880367   0.303237268822   -0.0837699840505
0.252102205651   -0.892488560798   -0.37404480821
-0.188188015922   0.333934423862   -0.923620028671
0.739398548477   0.589247810107   0.325694325299
-0.00116154175499   -0.482634202708   0.875821222126
0.673266979785   -0.647959243   -0.356174584629
0.608780293841   0.0202664588999   0.793080082166
0.358113993467   -0.899050562193   -0.251919406841
0.707913210619   0.437376600316   -0.554582148728
-0.741216249957   0.534056039351   -0.406672693801
-0.203676937324   0.398337785097   0.89433927325
0.639620386052   0.745728621756   -0.186479561503
-0.780649846559   -0.406604695734   -0.474613927562
0.370303642336   -0.912691229637   0.172829017408
-0.503449075181   -0.0408323180004   0.863059526352
0.0246997214683   -0.975400244536   -0.219053190185
0.910391653237   -0.0685796619107   0.408024364938
-0.413009654714   -0.209502285491   0.886302329372
-0.624426570128   0.568053718171   0.536103130361
-0.636913601795   0.0270068562868   -0.770462052395
-0.452142297247   -0.822548286487   0.344937260545
0.992738565471   -0.120235406619   -0.00368611475177
-0.0175604194517   -0.114538810916   -0.993263542427
0.119003244138   0.986115753876   -0.115818478938
-0.452986876009   -0.890408342518   0.0443430567668
-0.868574863114   0.42958260986   -0.247048037058
0.200925434618   -0.150426091558   -0.967981406182
0.103921824874   -0.987043970173   -0.122247503174
-0.026501015668   0.120121350697   -0.992405438369
0.99423234068   0.106372265571   -0.0136744363746
0.362296322121   -0.325081237997   0.873535108532
-0.855114051546   0.25695671932   0.450281277718
-0.370838719641   -0.910107388673   -0.184887063553
0.425994824322   0.230171747915   -0.874956781193
0.447455324642   0.786935879861   0.424871334382
0.78632826157   -0.572497060946   0.232239037828
-0.441448117641   0.188062680006   0.877357372002
-0.886557641387   -0.242172914978   -0.394167226224
0.138344057755   -0.951832276254   0.273635203586
-0.768085111137   0.633144552992   0.095775931807
-0.621885363772   -0.773205507425   0.124143582426
0.152655325563   0.0357911965175   0.987631176287
-0.604929166317   -0.745720821454   -0.279215468332
0.754173737929   -0.649078049983   0.0995980865722
-0.255504979059   -0.150327184104   0.955049185481
0.0380632963523   -0.734468309724   0.677574712339
0.84041175381   -0.343306325264   -0.419343362563
0.540610093179   0.58540334273   0.604188426601
0.992341928306   0.111105632267   0.0539725481113
-0.0781120469357   0.225971133667   0.970997203632
0.0956870189449   -0.967777143673   0.23291931875
-0.758337940828   0.116917973228   -0.641290502721
-0.00238601948847   0.983279028283   0.182089695229
0.651857061214   0.139615678681   -0.745378822927
0.724404313433   -0.571057507883   -0.386175543159
-0.388405183445   -0.8008984314   0.45574340301
-0.569543361753   -0.18014982266   -0.801975893137
0.0673160752153   0.909630389554   -0.409928214486
0.87915298496   0.140190493494   0.455452184111
0.471761184995   -0.391048868269   -0.79026719843
-0.37690184273   0.849697386361   -0.368726545569
0.918592368699   0.393984013295   -0.0310583173771
0.118882185224   -0.35041534002   -0.929018833725
-0.968243674728   0.241354348121   -0.0652527535125
0.16303466445   0.411625726731   -0.896652469078
-0.189550893919   -0.87881399099   -0.437904739046
0.60293188933   0.723716819972   -0.335718776978
-0.794323360234   0.505368968158   -0.337124013232
-0.0743204689986   0.469932085945   0.879568247064
-0.645432272879   0.201476127174   -0.736766325495
-0.354617625211   0.775284590824   0.522666387173
0.676508379915   0.598616056058   -0.428946718822
-0.806512015028   0.459642605276   -0.371905639817
0.42047570774   0.00364054922523   -0.907310705022
-0.415674522569   -0.88811103566   -0.196225489727
-0.97279954569   -0.131224993402   0.190896665912
0.203756343788   -0.0926752185247   0.974625532585
-0.110203848917   0.987011437374   0.11689206319
-0.591259983501   0.508266267796   0.626160531951
0.672181007882   0.739588306961   0.0343776873417
-0.44562798767   0.441219371475   -0.778935901847
0.927475043764   0.373584149969   -0.0149975056043
-0.367522181379   0.903588420187   -0.220125900078
-0.0686839753976   0.209673194718   0.975356172191
0.998173655772   -0.0509142340697   -0.0325129771886
-0.00994884833469   0.392308774962   -0.919779779786
0.0595850093009   0.918423411971   0.391085746103
-0.848648603502   -0.395069247445   0.351736873829
-0.521986937483   0.517866830218   -0.677749484172
0.0856047649617   -0.758772044769   -0.645708503019
-0.338256593328   -0.77500498899   0.533807300359
-0.41503635653   -0.386237315664   -0.823751216153
0.844587348729   -0.500188474873   -0.19100820894
0.436716299842   0.261438126023   -0.860772319312
0.368421936687   0.820939816981   0.43626035273
0.820697359567   -0.50764941156   0.262198258527
0.180157561431   -0.403933823938   0.896872761648
-0.950861186619   -0.304930892147   0.0536675429854
0.251806053321   -0.862470096448   -0.439020614316
0.0515571869521   -0.60003514156   -0.798310510868
0.998121131805   0.0574601124331   0.0212727103166
0.0331066324769   -0.797907357312   0.601870247082
-0.997042006189   0.0222246753723   -0.0739558059151
0.0730579136611   -0.0388252135601   -0.996586352113
-0.0250187664652   -0.999013453248   0.0370575336769
-0.596808250717   -0.135807669312   0.790807378772
0.312125274389   0.868653697178   0.38473182538
-0.739187287804   0.476442065029   -0.476030697034
-0.816133242289   0.570502178908   0.0919438832103
-0.00931755343788   -0.172081076035   0.985038684996
0.577788540035   0.803066181334   0.145756839817
-0.93660917879   -0.0118386330265   0.350174167103
0.256810892914   0.656685770179   0.709092209396
-0.238349041992   0.75407124525   -0.61201743245
-0.576494509922   0.169333812001   -0.799364560191
0.53842424989   -0.657141240488   -0.527511572611
-0.614619367664   -0.734503364337   0.287662039954
0.302950379883   -0.101464532566   0.947589597738
0.736704155553   -0.60582799333   -0.300398898631
0.604556105173   0.789099144429   -0.10878650345
-0.220277537487   -0.826015792476   -0.518821476733
-0.247597209798   0.56181433484   -0.789341673561
0.943490029539   -0.045415487446   -0.328274284706
0.953730496566   -0.148335938644   0.26152359535
-0.192063723993   0.368639327202   0.909514483414
-0.231321567399   -0.917660895386   0.323092615795
0.998862480767   -0.0347907869104   0.0326089817575
0.0370804602322   0.996681571235   -0.0724629913609
-0.0299797267178   0.073589719351   0.996837885152
0.889056431437   -0.395688165167   -0.230237901669
-0.215975601414   -0.805966124619   0.551155506045
-0.403649792533   -0.440282554954   -0.802008332081
0.850199532352   -0.526110943498   0.0191841445564
0.52567392951   0.850356623146   0.0236756074328
-0.0287693605126   -0.0100443857636   0.999535609277
