-0.168833040195   -0.859166216767   0.483041219499
0.702402401054   0.23893011771   0.670479878855
-0.69146675608   0.452488467169   0.563141113331
0.787489494021   0.222654004627   -0.574704707404
0.259107341104   0.726460155556   0.636489623355
0.559217035036   -0.65013909979   0.514388453191
0.952270467441   -0.163877663836   0.257536537973
0.0570401086652   0.9243436833   0.377273351237
-0.299878947409   -0.344576358512   0.889572791091
-0.602637555609   0.746950889015   -0.280879354283
0.295626038695   -0.117968116067   -0.947992285163
-0.741238212391   -0.654330571563   -0.149726539582
0.559073628372   -0.719917359658   0.411285398951
0.557061252288   0.693562612599   0.456786238651
-0.614100517282   -0.0262659834076   0.788790628555
0.225140549705   -0.950027748588   -0.216238216668
-0.802231058124   -0.0548010863305   -0.594493154864
0.552934913725   0.307317520996   -0.774479711151
0.947206135049   -0.198176028492   0.252045262745
-0.108217196824   -0.937580318059   -0.330503761879
0.301810521773   0.285779565462   -0.909527895146
-0.996773999519   0.0691458685609   0.040425498528
-0.0717847691564   -0.547329865026   -0.833820511918
-0.0355291287177   -0.834043492894   0.550548118453
-0.990001432859   0.0427785097421   -0.134401243591
0.0358050009967   0.997905163108   0.0538821277874
0.136424693799   0.0485312362867   -0.989459223621
-0.87182059777   -0.248099695887   -0.422345996794
-0.487338896837   0.352558783586   0.798876313846
-0.0492990845406   0.902302114646   -0.428276861521
0.883442147856   0.0297362728   -0.467595684078
-0.462801605654   0.211098636595   -0.860959945583
0.0731070686912   0.97701233778   0.200255428494
0.216646673676   0.669225674218   0.710775072246
-0.356755781824   0.73198298386   -0.580453459997
-0.908729617925   -0.127819810886   0.397331810822
-0.479828683244   0.777869812761   0.405814994963
0.839922897134   0.273580352722   0.468705346942
0.253568102511   0.565750589728   -0.784622769009
-0.833084631096   0.545889249885   0.089299306659
-0.528365858948   -0.833104793551   0.163601234506
0.163703874139   0.0891110077003   0.982476597463
-0.00110702247955   0.546746338688   -0.837297540747
0.48494317659   0.732548783183   0.47770533178
0.874544936575   -0.405512897037   -0.265951854185
0.711622048753   -0.69621556413   0.094222898732
0.695719486358   0.679651909892   -0.232481580072
0.0978185191257   0.230991725034   0.968026012574
-0.175467330834   -0.929582794063   0.324171998552
-0.956732292525   0.238644602883   0.166470294192
-0.232109836289   -0.280935699746   -0.931236210187
0.0701092321146   0.921709461628   0.38149135189
0.865530951439   -0.246331658851   0.43609165457
0.495923537779   0.299618803532   -0.815038052377
0.935744851221   0.0196260500664   -0.352130883165
-0.0277979776298   -0.991236113811   -0.129116335475
-0.35158016605   0.130608475244   -0.926998292682
0.814808962312   0.141644910606   0.562159300512
-0.566201984254   -0.0138198786495   0.82415068458
0.124505714244   -0.989821073309   0.0689390649064
0.187843707634   -0.687316945661   -0.701648181968
0.981208571326   0.0992436962884   0.165470369947
-0.0440964239764   -0.719545773375   0.693043570443
-0.47806163297   0.375412517465   -0.794054518717
-0.838084823214   0.0755413783212   0.540284525009
0.262813557608   0.923774312587   0.278514063465
-0.257023316725   0.885298293638   0.387538375147
-0.170295137358   -0.436225346799   0.88357629318
0.951282622107   0.161103789399   0.262882043989
0.149974346188   0.742940539016   -0.652338956674
0.635940486087   -0.57768749696   -0.511717808641
-0.75702474006   -0.338104677594   -0.559103793647
-0.15725321503   0.433013877639   -0.887564292096
-0.91630495452   -0.399168729887   -0.0323961794668
-0.36831592574   0.808185166836   0.459543358518
0.946174447596   0.166812449568   0.277358108187
0.0129225131733   0.836796718663   -0.547361175666
-0.323399013853   0.521483321538   0.789600037029
-0.0905455761532   -0.85065386059   -0.517870135298
-0.0155287076372   0.521148907493   -0.853324476278
0.995771222124   -0.0692229155664   -0.0603972759417
0.931326213313   -0.104341784588   0.348918726635
-0.0896952246342   0.862848080478   0.497441413146
-0.352967778254   -0.494576571244   0.794234075648
-0.956356172194   -0.257238636929   -0.138617823908
0.244309832137   -0.964143700692   0.103650329347
-0.160310085007   0.0652607732367   0.984906968712
0.192012469521   -0.129953264746   0.972750368143
0.281443611232   -0.942268756275   -0.181435630436
0.940170528913   0.308612286334   -0.144352753426
-0.330196618164   -0.247353092611   0.910926319216
0.858821778714   -0.479157848223   0.181198896882
0.391657329653   0.842154579279   0.370648427232
0.630252959996   0.512510711661   -0.5831928585
0.190366635433   -0.830241152453   -0.523889151449
-0.752689633174   0.219162198667   -0.620826831453
-0.337893368431   0.109427418544   0.93480139967
0.806101676061   0.546333408414   0.227420043344
-0.485827237406   0.830388721222   -0.272812050523
0.739656774976   -0.317193545818   -0.593545380529
0.491432807923   -0.347986235395   0.79837298426
-0.459784362014   -0.882209658296   -0.101511070516
-0.991612525465   -0.0385129799303   0.123536742276
-0.108631053304   -0.271005942882   -0.956441626896
0.0703126629648   -0.961820171227   0.264523818619
0.730910311238   0.616828433978   0.292049240676
0.275246046292   -0.658008238231   0.70090264652
0.624507557955   -0.431911552212   -0.650724572849
-0.518746933469   0.390910212495   0.760322745729
-0.842708702586   -0.0839799543127   -0.531779376115
-0.14402608962   -0.916589585389   0.372987877459
0.381180988004   0.86529391444   -0.325526496229
-0.443365221856   -0.137880940895   -0.885672700857
-0.811251094398   0.481928723598   0.331083631791
0.728869037739   0.65984048228   0.182648640126
0.56585552077   -0.730751350324   0.381851265801
0.385431598872   -0.17496684693   -0.90599642422
0.604242706758   -0.794819733692   0.0561473793322
-0.748309037281   -0.541852660192   0.38266173547
-0.273723440713   -0.273236179893   -0.922181311414
0.476336341904   -0.845218556873   0.242299885483
-0.804451244824   -0.307699751556   0.508113120022
-0.354911028414   -0.436951186237   -0.826505694072
0.628014998244   -0.708745134137   -0.321368134651
0.0327267860252   -0.388543823256   0.920848839131
-0.77751276556   -0.588824219856   -0.220816384455
-0.167602931574   -0.587936878527   -0.791352964283
0.33483970133   0.721041124767   -0.60661526353
0.927249514222   -0.366646874258   0.0760159958233
0.893441847684   0.441006033984   0.0852956287702
0.318350791302   -0.487732635904   -0.812877401804
-0.316882375614   0.753412619138   -0.576155367413
-0.228791846549   0.802013163556   0.551751096426
0.634463613023   0.552719287114   -0.54033077678
-0.738315861048   0.226442730219   -0.635305837355
0.111864557297   -0.0573624003249   0.992066459235
0.875292215167   -0.466972702819   -0.125698074563
0.470478312548   0.882409215109   -0.002028819798
0.00619091610908   -0.716456577509   -0.69760423229
0.969135418207   0.176230827833   -0.172392728719
0.246451280258   -0.675005692038   0.695434460065
0.0976618140686   -0.50697046147   -0.856412915006
0.990349773305   -0.0355188938634   0.133961518605
-0.0983333936478   -0.861231277387   0.498609274043
-0.378120686695   0.334997984327   0.863018624665
0.553735914387   0.828922050073   -0.0791503518301
-0.741890378116   0.447956015222   -0.498932990866
-0.100182822512   -0.994928299136   -0.00904012835065
-0.957487283893   0.0939338769049   0.272754572648
-0.270521987141   0.035981040764   -0.962041768629
0.45969226498   0.111572959365   -0.881041713939
-0.233369111179   0.972387247509   0.00137808111268
0.856867483868   0.204974427426   0.473036578397
-0.802104979101   -0.417494192105   -0.427019640478
-0.323745712023   -0.29688193732   0.898367360098
-0.501832529577   0.858821168406   0.102956568822
-0.712704463694   -0.13043224067   -0.689242024432
-0.313486821954   -0.819770618656   0.479288910833
-0.627529401789   0.557655160633   0.543352109718
0.0662424435428   -0.283465807483   -0.956691711135
0.683522279217   -0.685609711274   0.250472627799
-0.726917593665   -0.67051202782   0.148338774348
-0.898185553922   0.423270882496   0.11876205683
-0.439451603761   -0.857066741353   -0.268921633882
-0.0120396869981   -0.293731709642   0.955812077581
0.483894618713   -0.870914460851   0.0857554905446
-0.549004437162   -0.225796258841   0.804742311349
-0.681498444792   -0.436490620265   -0.587397498617
-0.590079372759   -0.17500170339   -0.788149154922
-0.44838389028   -0.740786054255   0.500186070761
-0.671384073039   0.648543462118   0.358656018783
-0.344399630664   -0.894354243562   -0.285516033957
0.937852542117   -0.341572875642   -0.0613237641062
-0.042679361144   -0.288891816815   0.956409949287
0.647065930626   0.35881403704   -0.672724440269
-0.544167244241   -0.400670537716   -0.737119493383
-0.534029677086   0.84303951512   -0.0640054128215
0.757603645173   -0.571883466908   0.314621087575
-0.492422190377   -0.817166069573   -0.299604885077
0.428436126971   0.0720555411817   -0.900696237333
-0.69643316485   -0.39436401119   -0.599549131663
-0.614860635898   -0.102889616423   0.781895749074
-0.37003855613   0.913176648122   -0.170823783569
-0.89804736788   0.203891424269   0.389839482919
0.0844260433615   -0.789798850609   0.607555428056
0.431762409822   0.578515031842   0.692031326866
0.575536857234   0.163368419813   0.801291578256
-0.362022190286   -0.827700812512   0.428779388256
0.733278506242   -0.53686366003   -0.41722943743
-0.444391508512   -0.464818390741   0.765806691648
0.426747081146   -0.861468274466   -0.275243768825
0.787656621934   0.204489772783   0.581189239259
0.775835219936   0.133492201111   0.61665188088
0.192652165434   0.880562393693   -0.433006943522
-0.600803506235   0.454741357507   0.657453756769
-0.631573753356   0.523476840315   -0.571913678332
-0.0441875631534   -0.760756976006   -0.64752979905
-0.774054724856   -0.383691776102   0.503606490558
-0.598647362987   -0.357024072439   0.717046225607
-0.518011419804   0.855348313864   -0.00659119697115
-0.6109710688   -0.375383918973   -0.696994561272
0.574572775261   0.52477205275   -0.628076754324
0.0772457393851   -0.7987388735   -0.596698641325
-0.814800105803   0.294330537772   -0.499470008592
0.913216791864   0.39887361968   0.0832791227069
0.382199756746   -0.909357049202   0.164328296638
0.141276051399   -0.118238228404   -0.982889564625
0.679896605415   0.732250765989   -0.0393629798888
0.306345240305   -0.234852570958   0.92249495965
0.666253121734   -0.639259863081   -0.383997008655
0.228434360016   -0.171834014615   -0.958274897839
0.78505729858   0.61462735358   0.0769300774478
0.575762751793   -0.76987419121   0.275301563217
-0.271940705554   0.261636659035   -0.926063966111
-0.322930619589   0.88171619531   0.343936566761
0.906512010738   0.392584775141   -0.155284031964
-0.171455570669   0.0917043743488   -0.98090917731
0.0395128710028   -0.994208178517   -0.0998548388459
-0.984393843658   -0.0558799028374   0.166849461863
0.558531106567   -0.824701666525   -0.0889390947978
0.352491438696   0.138921866879   0.925446107204
-0.750861363367   -0.548240707104   0.368292462212
0.195752155138   0.896232952754   -0.39805470809
0.326867272537   0.323065521653   0.888136489105
0.924574952278   -0.303965674925   -0.229708442844
-0.476680993951   -0.616742096764   0.62642212791
0.158821143288   -0.761285751108   -0.628665385694
0.864610513874   -0.200183687658   0.460841890139
0.188908907777   0.475446807613   -0.859222759025
0.793894576301   0.441036165133   0.418591085913
0.577966104729   -0.761207874773   -0.294138981261
0.239409179827   0.536000243061   -0.809559746634
0.350337019795   0.729945620173   0.586892974834
0.905509368528   -0.424126314659   -0.0130250455114
0.275524633226   0.249613733139   -0.928320583177
0.77087059721   -0.634324414265   0.0582317308719
-0.574321028066   -0.731659344471   -0.367191851099
0.949208301232   0.30334269853   -0.08358704735
0.252286402896   -0.892482891416   -0.373932281781
-0.188029673588   0.33385174508   -0.923681404866
0.73931079958   0.589437454084   0.325550332353
-0.000904595985319   -0.48259846571   0.875841220288
0.673363729999   -0.647813359829   -0.356257047047
0.608734628057   0.0202919449242   0.793114316334
0.35837785523   -0.898903852505   -0.252065136842
0.707818758358   0.437675401755   -0.554466019448
-0.741244063548   0.534077370389   -0.406593903814
-0.203619009034   0.398286993881   0.894375072512
0.639606550421   0.745740459952   -0.186479565536
-0.78078468359   -0.406328969049   -0.474627787981
0.370125747872   -0.912809732432   0.172582663367
-0.503370339785   -0.0409220459367   0.863101180628
0.0246675683279   -0.97532404696   -0.219395752425
0.91029469932   -0.068801050153   0.408203326568
-0.413225184555   -0.209784172073   0.886135173582
-0.624363280533   0.568095461187   0.536132471154
-0.636974438372   0.0270014127875   -0.770411889847
-0.45214383166   -0.822519581612   0.345003605199
0.992743335967   -0.120193407587   -0.00377015222706
-0.0176249897995   -0.114418019874   -0.99327636389
0.118953894471   0.986134940107   -0.115706134484
-0.452765266777   -0.890517904417   0.0443891972422
-0.868703021662   0.429371197124   -0.246963732947
0.200867117953   -0.150379144657   -0.96799974789
0.103995266449   -0.987061512063   -0.12204325496
-0.026247905905   0.119942068426   -0.99243385058
0.994231377554   0.106411802656   -0.0134348903781
0.362472970822   -0.325218224586   0.873410805191
-0.855097705187   0.256702616479   0.45045716914
-0.370703712974   -0.91013012973   -0.185045594875
0.426250083399   0.229970464497   -0.874885395717
0.44752270916   0.786894284578   0.424877407128
0.786151572514   -0.572635112232   0.232496749065
-0.441437748649   0.187998847538   0.877376238845
-0.886549143618   -0.242234509041   -0.394148432872
0.138431380533   -0.951829188725   0.273601729887
-0.768033006156   0.633224323791   0.0956674848816
-0.621926828819   -0.773127791834   0.124420446743
0.152749243858   0.0360608337718   0.987606847304
-0.605029004208   -0.745657381562   -0.279168439149
0.7540444164   -0.649197627294   0.0997973148432
-0.255650085449   -0.150125132063   0.955042135074
0.038035786083   -0.734408671755   0.677640864298
0.840328996282   -0.34345122463   -0.419390483011
0.540740618154   0.585393117558   0.604081505243
0.992352593529   0.110974440179   0.0540463103509
-0.0781506134054   0.225943654841   0.971000483161
0.0955448149299   -0.967798600072   0.232888492522
-0.758345080443   0.116764463882   -0.641310180794
-0.00273934153199   0.983246435378   0.182260645337
0.65184751593   0.139973236032   -0.745320238955
0.724341212631   -0.571102783447   -0.386227281372
-0.388213381535   -0.800808909354   0.456065870392
-0.569754572193   -0.180408753884   -0.801768686315
0.067160686303   0.909554570659   -0.410121882815
0.879091471179   0.140468775195   0.455485169257
0.471897935014   -0.391125347052   -0.790147686332
-0.376744337268   0.849680716132   -0.368925635803
0.918632442092   0.393903383947   -0.030894107747
0.119070905161   -0.350546273965   -0.928945135498
-0.96828932066   0.241202002344   -0.065119791942
0.162862410722   0.411724261787   -0.896638123412
-0.189459305423   -0.878809241671   -0.437951855121
0.603041446865   0.723635240406   -0.335697864093
-0.794228986889   0.505386050057   -0.337320710109
-0.0744401336687   0.470039342954   0.879500815073
-0.645381054294   0.201571366995   -0.736785122954
-0.354671724827   0.775201293527   0.522753218452
0.676528861917   0.598691860477   -0.428808568881
-0.806626022244   0.459573459296   -0.371786640089
0.420328300863   0.00364166957329   -0.9073886771
-0.415640697878   -0.888156702021   -0.196144155164
-0.972812293187   -0.13117849937   0.190867695216
0.203714622946   -0.0926113335703   0.974640764355
-0.110175442692   0.98702404654   0.116815297611
-0.591444200067   0.508104499607   0.626117976256
0.671951469212   0.739796636581   0.0343828904325
-0.445729879789   0.441056433588   -0.778969998258
0.927488053545   0.373551137025   -0.0150152228661
-0.367507510607   0.903642082759   -0.219930020085
-0.0685867227502   0.209500673303   0.975400086524
0.998174030167   -0.0508755179224   -0.0325620512782
-0.0100108817322   0.392283762901   -0.919789776938
0.0595683452369   0.918436243399   0.39105815579
-0.848556072918   -0.395131009807   0.351883310019
-0.522130477418   0.51773079522   -0.677741846913
0.0856162562358   -0.758831820362   -0.645633143198
-0.33832522194   -0.774794419328   0.534068618385
-0.414839585344   -0.386614704997   -0.82367275807
0.844656024544   -0.500222252336   -0.190613681782
0.436628965001   0.261140217444   -0.860907035673
0.368609448334   0.821002119863   0.435984622095
0.820659619963   -0.507701982405   0.262214554409
0.180383363556   -0.40390227194   0.896841602297
-0.950796941473   -0.30510275013   0.0538292471414
0.25188704011   -0.86242412216   -0.439064531355
0.0515780131524   -0.600058346779   -0.798291735862
0.998124510258   0.0573659492776   0.0213685837343
0.0329723688322   -0.797896694322   0.601891760055
-0.997029145794   0.0222491067557   -0.0737632172274
0.0728603307812   -0.0389779296232   -0.996581021966
-0.025048097046   -0.998993162335   0.0372394181751
-0.596986019553   -0.13587732248   0.790661156213
0.311931718067   0.86868878182   0.384809569923
-0.739125370944   0.476358221379   -0.476210612882
-0.816064285963   0.570616524728   0.0918482025736
-0.00944862601754   -0.172068026843   0.985039829488
0.577884100901   0.802987872835   0.145809978808
-0.936667407186   -0.0118513852501   0.350017591916
0.256674010292   0.656719042086   0.709110925274
-0.238267124094   0.754042038994   -0.612085138712
-0.576480541284   0.169443573154   -0.799348696063
0.53847197751   -0.657017810131   -0.527612325979
-0.614587171863   -0.734585401845   0.287517945107
0.302953574691   -0.101489907591   0.947585852255
0.736783520789   -0.605714999813   -0.300432058894
0.604457767118   0.789182600654   -0.10872744769
-0.220114359986   -0.82607557621   -0.518795550812
-0.247657619381   0.561738211152   -0.789376899985
0.943512259971   -0.0452695157501   -0.328230559168
0.953750378076   -0.148530872103   0.261340383398
-0.191831992504   0.368605864581   0.909576933725
-0.231431853068   -0.91764279093   0.323065009564
0.997279172962   -0.0333236271669   0.0657555093107
0.0401689221929   0.993587496083   -0.105689853893
-0.0618118825319   0.108043618037   0.992222690557
0.88909332215   -0.395505581878   -0.230409213052
-0.21553758242   -0.805829459777   0.551527455384
-0.403802700983   -0.440697535937   -0.801703911671
0.850103796342   -0.526265015184   0.0192007379442
0.525828311861   0.85026160031   0.0236600208035
-0.0287770914078   -0.0100171818459   0.999535659732
