-0.169892025989   -0.859081228317   0.482821056537
0.702045838295   0.238318643165   0.671070700276
-0.691569497891   0.452972059834   0.562625944836
0.787772527143   0.222372279254   -0.574425811779
0.259823099462   0.725573784926   0.637208472532
0.558485810746   -0.651224423605   0.513809639351
0.952463088842   -0.162854195767   0.257473445177
0.0558694329027   0.924171280319   0.377870415029
-0.299487346172   -0.345522727195   0.889337603881
-0.602219701138   0.74795243386   -0.279102118067
0.292344632184   -0.118709008805   -0.948916419483
-0.742876471332   -0.653050466515   -0.147170682688
0.557188708161   -0.721926571208   0.410320325093
0.55851495139   0.691476591701   0.458171553171
-0.614493118329   -0.026117979356   0.788489732738
0.22544428816   -0.950165636869   -0.215313967597
-0.801249690385   -0.0551017302013   -0.595787454568
0.554232600797   0.306837122716   -0.773742291585
0.94719361932   -0.197593065735   0.252549313158
-0.107242057856   -0.937434537982   -0.331229489586
0.302197478861   0.286654520491   -0.909122244349
-0.996806115216   0.0694086159077   0.0397683100246
-0.0714036395345   -0.547892377688   -0.833505928994
-0.0360637588955   -0.833674431325   0.551081829438
-0.990091674574   0.0401886293955   -0.134562263452
0.0332832077808   0.9980300875   0.0531805992925
0.136434441245   0.0481749118173   -0.989478889481
-0.870724316317   -0.249759719511   -0.423628553149
-0.489175216099   0.351449850806   0.798242613656
-0.0504844182698   0.90227697788   -0.428192750943
0.88341967266   0.0291288400299   -0.467676375145
-0.462737670331   0.211381270811   -0.860924968638
0.0737802795228   0.976969530664   0.200217384988
0.217635087834   0.668388407658   0.711260783533
-0.356030304004   0.732880923338   -0.579765447281
-0.908777964254   -0.127053090237   0.397467132911
-0.481702097593   0.776661833731   0.405907959221
0.838749250379   0.274403338667   0.470322631188
0.25389874029   0.567009769268   -0.783605450039
-0.832431634429   0.547316485682   0.0866145163385
-0.530305093488   -0.83219088789   0.161971200813
0.160729330739   0.0888978434693   0.98298690436
-0.000812188541555   0.544315441365   -0.838880224023
0.48476187777   0.733937854637   0.475753239223
0.874645786491   -0.406270750931   -0.264459471358
0.709715331656   -0.697751221013   0.0971976017246
0.697957697558   0.677668722325   -0.231560243855
0.095703670908   0.232181669582   0.96795272551
-0.173391889363   -0.929941105438   0.324260324025
-0.956513094497   0.237428672781   0.16944114731
-0.234558984852   -0.280779526966   -0.930669050545
0.068250099431   0.921885319405   0.381403193415
0.865364082508   -0.244944382235   0.437202398314
0.496473506631   0.300213907494   -0.814483730427
0.936181342127   0.0212508537176   -0.35087472231
-0.0261623371091   -0.991192935757   -0.129836639076
-0.350542724439   0.130730340571   -0.927380535784
0.814873452893   0.142301954626   0.561899819663
-0.565998635889   -0.013719212438   0.824292008728
0.125007190994   -0.989728207737   0.0693632917441
0.185987443961   -0.68816782765   -0.701308569143
0.98156527944   0.0981506000634   0.164000180208
-0.0440257920123   -0.718882116831   0.693736427463
-0.476687820735   0.376317526131   -0.794451935243
-0.838094060392   0.0781609437046   0.539897430527
0.265267984916   0.923187959779   0.27813109293
-0.255391963714   0.886201752601   0.386550571683
-0.170663283886   -0.434852417459   0.884181744181
0.951655890706   0.159842944466   0.262299956168
0.147864143629   0.742528228717   -0.653290720101
0.636322169261   -0.577101581251   -0.511907444856
-0.757120223161   -0.340010242125   -0.557820182901
-0.154517162828   0.432891948836   -0.888104211936
-0.916331784113   -0.398887167337   -0.0350027316182
-0.36940572823   0.808389566007   0.458307491803
0.946348651295   0.165108444572   0.27778306744
0.0144139113206   0.837194131294   -0.546715856927
-0.322825758244   0.521387754542   0.789897678495
-0.0916232366755   -0.851298280316   -0.516620220765
-0.0149466416564   0.519919664136   -0.854084395626
0.99568158187   -0.0705322258267   -0.0603607802895
0.931827846205   -0.104711892057   0.347465515019
-0.088620053578   0.862822050609   0.497679207859
-0.351913839696   -0.494543756905   0.794722039593
-0.956341030793   -0.256700364346   -0.139693581306
0.243619205957   -0.964265160754   0.10411490371
-0.161428176605   0.0655374216062   0.984705931201
0.190687618305   -0.128711430709   0.973176189644
0.28317465039   -0.942011413682   -0.180075886138
0.939920552952   0.309917045347   -0.14318239284
-0.330481427753   -0.247379635723   0.910815713314
0.859426001756   -0.477737986842   0.182080412642
0.390088317302   0.842952931658   0.370488087191
0.629837256743   0.513932100882   -0.582390692405
0.190862141003   -0.829215642872   -0.525331818777
-0.752912190132   0.219717255515   -0.620361159516
-0.338744222132   0.109990837424   0.93442727595
0.805600138752   0.546973493956   0.227658520543
-0.486066595024   0.82989276489   -0.273892738125
0.738440688165   -0.318845562283   -0.594174111008
0.491424270328   -0.348909988369   0.797974995074
-0.461744034409   -0.88124878079   -0.100960900409
-0.992006109953   -0.0238092661775   0.123941938923
-0.11346094766   -0.26184779219   -0.958418105927
0.0552729475956   -0.964816962567   0.257050283932
0.729456850906   0.617919205208   0.293374432305
0.27653774478   -0.658684193032   0.699758532361
0.625635339001   -0.42931455104   -0.651359680157
-0.519198913062   0.39083314018   0.760053911175
-0.842355816796   -0.0836933159421   -0.532383422627
-0.144461653267   -0.916648726239   0.372674045953
0.38076031834   0.865330985325   -0.325920029842
-0.443047353488   -0.138648027053   -0.885712011453
-0.811622216664   0.481641994122   0.330590935988
0.728792794462   0.659782033648   0.183162749553
0.565062921728   -0.730584990563   0.383338734697
0.386736110592   -0.175875976492   -0.905263415944
0.603739927363   -0.795395085693   0.0533355062183
-0.748363265873   -0.542444488364   0.381714660373
-0.274682436389   -0.270370703492   -0.92273985835
0.477343266706   -0.845092091507   0.240754516478
-0.803788754887   -0.309224256233   0.508236099911
-0.355059175138   -0.43611885147   -0.82688163649
0.627236912802   -0.708741070136   -0.322893100217
0.0334388041944   -0.389699109165   0.920334973552
-0.778110342458   -0.588065228245   -0.220734214791
-0.167780825861   -0.589023023623   -0.790507109049
0.333867430908   0.720537360556   -0.607748677309
0.927567868349   -0.365893145379   0.0757632463416
0.893256531904   0.44120437769   0.0862059424605
0.318978199044   -0.486926336601   -0.813114776699
-0.316773856154   0.753817901524   -0.575684708463
-0.229278309354   0.802194070814   0.55128591478
0.634599697587   0.552646394818   -0.54024549708
-0.738047905563   0.225979304461   -0.635781946322
0.111161295586   -0.0563953071662   0.992200944858
0.875197235512   -0.467439070289   -0.124621347764
0.47082156344   0.882224603316   -0.00260409995824
0.00327642538966   -0.71786384368   -0.696175804577
0.968977048158   0.174326147065   -0.175196635978
0.247128972569   -0.674004364268   0.696164767104
0.0955140015234   -0.507043725097   -0.85661177874
0.990646058476   -0.0358311701722   0.131668210468
-0.0974549406805   -0.861175238648   0.498878486815
-0.378376901754   0.334534148616   0.86308628139
0.55518753354   0.8280992187   -0.077578990369
-0.740673901468   0.449820631535   -0.499062807531
-0.0991178215494   -0.9950302701   -0.00939583026999
-0.957164452553   0.0927578309828   0.27428166414
-0.272047295172   0.0361798576482   -0.961601514372
0.459178195653   0.108629622054   -0.881677370249
-0.233231380093   0.972419856141   -0.00165725280576
0.857180554689   0.206395805091   0.471849831803
-0.801349979787   -0.418359882922   -0.427564655054
-0.322875089736   -0.299203605717   0.897901812106
-0.503575418699   0.857584395915   0.104689849448
-0.712836256602   -0.129825477275   -0.689209245444
-0.313580636653   -0.820013152545   0.478795524388
-0.62732066989   0.557425614148   0.543824738842
0.0667015432633   -0.280677497387   -0.957481556834
0.683559447527   -0.686192056919   0.248770446619
-0.726840609016   -0.671088962713   0.146089794566
-0.898086105307   0.423646355706   0.118175367322
-0.439632182283   -0.856839050419   -0.269352341826
-0.0128528769503   -0.293855245049   0.955763519712
0.484335241051   -0.870750023381   0.0849340045642
-0.549158705727   -0.227005199722   0.804296828732
-0.68106101362   -0.436191551462   -0.588126576088
-0.589370831864   -0.174071740506   -0.788886421804
-0.44943213105   -0.740798869382   0.499228003533
-0.671307319288   0.648781064065   0.358371191114
-0.344709468438   -0.89434452323   -0.285172350194
0.937782809457   -0.341588657402   -0.0622944987063
-0.0416988948839   -0.288903229559   0.956449751185
0.646911157716   0.359400784525   -0.672560074122
-0.54417123839   -0.400288939482   -0.737323890994
-0.53421310404   0.84297089689   -0.0633758339331
0.757147693155   -0.571625374173   0.316183424712
-0.491482131098   -0.817325431051   -0.30070852963
0.430317140342   0.0722823393561   -0.899779773187
-0.696221417058   -0.396396802202   -0.598454248295
-0.614574418798   -0.101624126828   0.782286541052
-0.370912652597   0.912438230104   -0.172863481928
-0.898195842666   0.204810821867   0.388926008358
0.0831846384764   -0.789604415676   0.607925795704
0.431614676132   0.578399502426   0.692211950859
0.575697904773   0.164500004395   0.800944296548
-0.360943966762   -0.827820344834   0.429457028765
0.733683494756   -0.536333511215   -0.417199247576
-0.445073819017   -0.464783105766   0.765431975086
0.427235927666   -0.861417789189   -0.274643488109
0.787006293495   0.204783417404   0.581966398382
0.774251030851   0.133044070003   0.618736311539
0.194119131562   0.880606096646   -0.432262268511
-0.602372899906   0.454788062128   0.655983778757
-0.632475073304   0.523262173847   -0.571114943599
-0.045151739403   -0.760973611377   -0.647210017338
-0.773263798332   -0.383557275429   0.504922771872
-0.598678137486   -0.356386674891   0.717337624441
-0.518279506217   0.85517682262   -0.00767967396645
-0.610713585009   -0.376379013651   -0.696683580812
0.574696572911   0.526562425555   -0.626463076933
0.0788203731791   -0.797560433284   -0.598067918577
-0.814562044008   0.294329574547   -0.49985920141
0.91241097121   0.400974213876   0.0820104363156
0.384397685326   -0.908364221469   0.164647410694
0.140514950712   -0.118701432761   -0.982935027259
0.678801225482   0.733158786806   -0.0413170386547
0.307024409088   -0.232249696498   0.922928015428
0.667056906552   -0.639170010848   -0.382749024032
0.228729907682   -0.172844932574   -0.958022587555
0.784768997532   0.615061921233   0.0763967497201
0.576038427098   -0.769300638333   0.276326395417
-0.2700449126   0.259829904873   -0.92712688673
-0.325498644274   0.881574816276   0.341872030235
0.90616029274   0.39409931872   -0.153490521535
-0.171944310467   0.0918982206201   -0.980804969924
0.0428909538603   -0.993986804905   -0.100653175201
-0.984166671889   -0.0593751854556   0.166980201785
0.558643505488   -0.82433533432   -0.0915896951493
0.354403527956   0.137407803937   0.924941727569
-0.749877026611   -0.549172392438   0.368909341778
0.196164745398   0.896366306933   -0.397551035298
0.325215258988   0.323007681161   0.888763784221
0.925069952594   -0.303633780428   -0.228149279425
-0.477225193641   -0.615590382187   0.627139971042
0.157788794668   -0.762074151456   -0.627969442869
0.864499137187   -0.200727193618   0.460814297015
0.188709895646   0.47593163459   -0.858998052259
0.793028940841   0.442065537632   0.41914574905
0.579218157153   -0.760307266278   -0.294005418584
0.23822054272   0.536047563369   -0.809878989348
0.350245997722   0.730356851419   0.58643551115
0.905857995859   -0.423357859812   -0.0137625080706
0.27481907021   0.250028204222   -0.928418194231
0.770921718378   -0.634341098698   0.0573672528475
-0.574590419707   -0.731503379801   -0.367081181637
0.949076767613   0.304109355186   -0.082284927045
0.253604640935   -0.892430291873   -0.373166989106
-0.186917081152   0.333296288234   -0.924108404328
0.738695557847   0.59077373495   0.324523137864
0.000911525728938   -0.482335436202   0.875986128124
0.674038605747   -0.646791250435   -0.356837549647
0.608397666232   0.0205138914955   0.79336712775
0.360269365154   -0.89786809721   -0.253058433824
0.707147936199   0.439786046452   -0.553651324675
-0.741435354137   0.534220687029   -0.406056369967
-0.203209214928   0.397958144266   0.894614607885
0.639515076452   0.745813340738   -0.186501638795
-0.781743184788   -0.404383566975   -0.47471172198
0.368867728115   -0.913645142215   0.170847375994
-0.502806013667   -0.0415470515141   0.863400215289
0.0244373772643   -0.974778309548   -0.221833441323
0.909611865794   -0.0703772933386   0.409454888112
-0.41473977632   -0.211788335436   0.884950066697
-0.623918775403   0.568383845976   0.536344368111
-0.637402501413   0.0269701135609   -0.770058915665
-0.452154319633   -0.822321400692   0.345462055664
0.992775027608   -0.119911969577   -0.00434330969023
-0.0180650287618   -0.113583516403   -0.993364220586
0.118622930004   0.986265653643   -0.114929091905
-0.4511951135   -0.891301101779   0.0447077414847
-0.869610315895   0.427859971702   -0.246396362179
0.200485248015   -0.150052040213   -0.968132836908
0.104530053275   -0.987181908272   -0.120604115765
-0.0244741074815   0.118678341876   -0.992631086534
0.994220544357   0.106711460823   -0.011754944777
0.363729546751   -0.326164540445   0.872535107771
-0.854972001707   0.254926411349   0.451702785967
-0.369761677346   -0.910290735485   -0.186137282729
0.428030329851   0.228541710955   -0.874390483688
0.448004329187   0.786605998659   0.424903662016
0.784909009148   -0.573602377365   0.234303549249
-0.441343665884   0.187568300827   0.877515765924
-0.886502495544   -0.242651504593   -0.393996939736
0.139029177922   -0.951807961541   0.273372458887
-0.767651600182   0.633802308479   0.0948991939043
-0.622236357293   -0.772563507604   0.126363544756
0.153405146263   0.0379534391994   0.987434250466
-0.605739159328   -0.745198809469   -0.278852466928
0.753127790129   -0.650046580797   0.101182333786
-0.256668065177   -0.148721441966   0.954988708845
0.0378359577641   -0.733992102286   0.678103244394
0.839759406903   -0.344458912626   -0.419704851604
0.541638767809   0.585323515438   0.603343863463
0.992426427477   0.110067495528   0.0545429444293
-0.0784031363101   0.225740078569   0.97102749555
0.0945660328845   -0.967949686361   0.232660056268
-0.75840307131   0.115618185785   -0.641449573255
-0.0052609828374   0.983023285174   0.183405414681
0.65176486709   0.14246985362   -0.744919616286
0.715093354999   -0.58719353383   -0.379269467149
-0.392700478486   -0.786312362033   0.476969299762
-0.578297422682   -0.192138316186   -0.79287796643
0.0660555901676   0.909024295129   -0.411474762048
0.878649648942   0.142438423867   0.455725883151
0.472875716601   -0.391645397043   -0.789305023632
-0.375663517891   0.84955721044   -0.370310672717
0.918905128474   0.39335447612   -0.0297632877403
0.120377792818   -0.35146128467   -0.928431414199
-0.96862673131   0.240127241462   -0.0641698399007
0.161630129664   0.412387876667   -0.89655836217
-0.188824155313   -0.878794687911   -0.43826643314
0.603833357871   0.723054468566   -0.335525722945
-0.793548345631   0.505535900535   -0.33869525477
-0.0752748192791   0.470771375451   0.879038118309
-0.645009432549   0.202208699038   -0.736935780436
-0.355075939247   0.774624520658   0.523333461212
0.676671101659   0.599223227429   -0.427840661358
-0.807278072806   0.459043750727   -0.370899602218
0.419238964283   0.00374605540345   -0.907863812298
-0.415362938685   -0.888401286454   -0.195466713891
-0.972902843393   -0.130857033291   0.190622988052
0.203379081926   -0.0921415724812   0.974754957968
-0.109989252978   0.987110285574   0.116258033204
-0.592758247512   0.506940916083   0.625818504391
0.670310094855   0.741282094864   0.0344277560865
-0.44645522684   0.439899762735   -0.779208694291
0.927593119069   0.373285945212   -0.0151197566465
-0.367367033208   0.904032478488   -0.218556031108
-0.0679151444511   0.208285570621   0.975707258205
0.998177047978   -0.0506132543241   -0.032876730392
-0.0104177938928   0.392066698621   -0.919877807824
0.0594478804075   0.918543417724   0.390824701385
-0.847906332193   -0.395598672686   0.352919867428
-0.523164384423   0.51673881739   -0.677701222406
0.0857307968454   -0.759263860689   -0.645108488638
-0.3388321668   -0.773290295484   0.535923860916
-0.413469512346   -0.389278754879   -0.823106613801
0.845124386199   -0.500483420537   -0.187831511507
0.43599687676   0.259031651894   -0.861863865215
0.369898049513   0.821466942042   0.434013242471
0.820415840786   -0.508030181181   0.262341718314
0.181980267084   -0.403683869485   0.89661724081
-0.950339703206   -0.306321416608   0.0549688578394
0.252463049793   -0.862094229386   -0.439381245432
0.0517111309617   -0.600229684719   -0.798154266408
0.998149390808   0.0566698739899   0.0220514795176
0.0319953282863   -0.79781752281   0.602049398007
-0.998585889508   0.0498699696431   -0.0333230340509
0.0330772140691   -0.00594038111396   -0.99962932305
-0.0500333526758   -0.998932365939   0.00389491487039
-0.598238318366   -0.136384353815   0.789626591135
0.310569255771   0.868926241044   0.385375037246
-0.738686389994   0.475779875569   -0.477468180523
-0.815575586312   0.571425193256   0.0911544013512
-0.0103863353966   -0.171960043042   0.985048977948
0.578556825567   0.802435426332   0.146181771354
-0.937083104195   -0.0119449335395   0.348903159956
0.255697534675   0.656957665562   0.709242938132
-0.237686489364   0.75383293447   -0.612569783361
-0.576391275219   0.170241691897   -0.799244157271
0.538804658482   -0.656164525896   -0.528335151063
-0.614380172687   -0.735164102899   0.286480204543
0.302971439127   -0.101669171743   0.947560933097
0.737340694375   -0.604922634697   -0.30066158355
0.603769031032   0.789767096631   -0.108309493765
-0.218983813117   -0.826466136879   -0.518651902037
-0.248054930276   0.561244246759   -0.789603470304
0.943670929117   -0.0442562237762   -0.327912402674
0.945344190431   -0.15301622223   0.287941656046
-0.207394299618   0.399262175397   0.893071844282
-0.25161869175   -0.903977737722   0.345705485732
0.997119656724   -0.0347659147496   0.0674071313727
0.0419900559669   0.993165167484   -0.108902641516
-0.0631603149784   0.111419393737   0.991764333574
0.889366316349   -0.394192581542   -0.231602581807
-0.212434028752   -0.804863076072   0.554136337057
-0.404844822951   -0.443629919275   -0.799558023089
0.849424480905   -0.527357249   0.0192972364133
0.526924045346   0.849587085973   0.0235124212063
-0.0287941286111   -0.00980384831066   0.999537284305
