-0.170656679968   -0.859017841164   0.482664119456
0.701785214599   0.23788084653   0.671498487991
-0.691645730283   0.453322242301   0.562250060635
0.787964627453   0.222148757354   -0.574248796054
0.260365184323   0.724940213297   0.637708133468
0.557962114266   -0.652005845299   0.513387442936
0.952602539724   -0.16214480654   0.257405251078
0.0550643090847   0.924046244845   0.378294144375
-0.299192786403   -0.346190120476   0.889177191371
-0.601924265024   0.748681126649   -0.277781815141
0.290018855149   -0.119149289221   -0.949574537811
-0.7440263637   -0.652134426174   -0.145412296707
0.555815398858   -0.72338901169   0.409606613662
0.559584814242   0.689950914551   0.459165078858
-0.614763430808   -0.0260013795549   0.78828284984
0.225684490125   -0.950266411155   -0.214616789744
-0.800525417179   -0.0553491092619   -0.596737529685
0.555180758907   0.306480620454   -0.77320385465
0.947185690667   -0.197146597065   0.252927924562
-0.106510194696   -0.937337648633   -0.331746115102
0.302481229472   0.287285791026   -0.908830967778
-0.995868048187   0.072376115611   0.0550523892936
-0.0863071248027   -0.561630874835   -0.822884706165
-0.0286382242146   -0.824226823951   0.565539419812
-0.990147832757   0.038279959777   -0.134702559015
0.0314250121206   0.998118266373   0.0526535626105
0.13646465967   0.0479017089657   -0.989487588314
-0.869928157778   -0.250954927831   -0.424553960486
-0.490498365789   0.350645328283   0.797783813288
-0.0513399875901   0.902257880976   -0.428129063318
0.883425933571   0.0286844850471   -0.467692019075
-0.462650601477   0.211560476616   -0.860927764732
0.0742498844563   0.976943905991   0.200168903794
0.218348410607   0.667774542009   0.711618664536
-0.355509058798   0.733534726746   -0.579258241834
-0.908810910907   -0.126506769241   0.39756604317
-0.483056249038   0.775789405801   0.405959947131
0.83789774368   0.275012606297   0.471480107934
0.254126055262   0.567905730635   -0.782878180311
-0.831945275074   0.548355048128   0.0846973101934
-0.531702692084   -0.831521312695   0.16082408925
0.158616330787   0.0887630646442   0.983342247873
-0.000604484647799   0.542543866203   -0.840027246946
0.484664716289   0.734930893643   0.474317078665
0.874699797159   -0.406844849512   -0.263396123417
0.708304906416   -0.698882746587   0.099333062865
0.699596953501   0.676216731469   -0.230857152988
0.0941714049355   0.233010362337   0.967903877758
-0.17189293368   -0.930194727113   0.324331385513
-0.9563551461   0.236543962941   0.171557444059
-0.23630047081   -0.280686465181   -0.930256750445
0.0669149605467   0.922015579169   0.381324303821
0.865241737788   -0.243941402505   0.438003897332
0.496867877916   0.300629257821   -0.814089412202
0.936486793859   0.0224364630235   -0.349984140043
-0.0249600012498   -0.991153686417   -0.130327879331
-0.349813223725   0.130785943129   -0.927642132099
0.814928117106   0.142781877039   0.561698761806
-0.565838075163   -0.0136502200547   0.824403385067
0.125377175435   -0.989660044765   0.0696674747254
0.184616903718   -0.688770214706   -0.701079302359
0.981825908036   0.0973295519728   0.162925880108
-0.0439827599409   -0.718416694846   0.694221123739
-0.475685720106   0.376959379161   -0.794748173165
-0.838113669907   0.0800174695727   0.539594886329
0.266999079776   0.922766921546   0.277871676991
-0.254221598846   0.886847845441   0.385839736145
-0.170941361064   -0.433868360995   0.884611397255
0.951919352692   0.158931344021   0.261897667309
0.161437486281   0.772001954756   -0.614778535656
0.653523179732   -0.550417966751   -0.519567811147
-0.739491122059   -0.317893439189   -0.593380084935
-0.152553538491   0.432806564392   -0.888485102286
-0.916348027168   -0.39868114038   -0.036871361863
-0.370180486073   0.808536753673   0.457421763581
0.946480154902   0.163854405334   0.278077419363
0.0154990405349   0.83748838758   -0.546235281944
-0.322389666475   0.521310787678   0.790126552682
-0.0924248498446   -0.851768227885   -0.515702000106
-0.0145306388237   0.519017481126   -0.854640113467
0.995613643681   -0.0714964962539   -0.0603468538942
0.93218861949   -0.104996249089   0.346410399389
-0.0878318473788   0.862794721618   0.497866281035
-0.351155156183   -0.494531146524   0.795065405924
-0.956345346396   -0.256287688873   -0.140425248176
0.24310292814   -0.964362687462   0.104425192547
-0.162183834344   0.0657287991765   0.98456900284
0.189697060332   -0.127811664124   0.973488215461
0.28442814074   -0.941823557533   -0.179078930228
0.939742390171   0.310858181507   -0.142308027373
-0.330699997741   -0.247392696352   0.910732872582
0.859854388027   -0.476718583109   0.182728825906
0.388957507707   0.843526079157   0.37037252995
0.629538855143   0.514964976094   -0.581800481807
0.191224747083   -0.828466629709   -0.526379742208
-0.753069600593   0.220121807871   -0.620025900712
-0.339368732701   0.110386974848   0.93415391223
0.805233694351   0.547435640348   0.227844028167
-0.486238124208   0.829535363607   -0.274669841929
0.737559963111   -0.320020041938   -0.594636420674
0.49143112493   -0.349572281437   0.797680804261
-0.463142256207   -0.880560269825   -0.100562709031
-0.991531057874   -0.0341368678784   0.125443211966
-0.111655580608   -0.270650328229   -0.956192379527
0.0665909640721   -0.962083941035   0.264524327793
0.728381926765   0.618731500766   0.294331572314
0.277474852463   -0.659142562839   0.698955391928
0.62647222664   -0.427436853365   -0.651789949363
-0.519505257843   0.390774967106   0.759874437946
-0.842116264669   -0.0834951374548   -0.532793320755
-0.144756461483   -0.916691578964   0.372454151502
0.380465564215   0.865365131542   -0.326173478295
-0.442822323397   -0.139163735189   -0.885743661781
-0.811883205106   0.481431857686   0.330255994044
0.728716612246   0.6597656606   0.183525660447
0.564508616762   -0.730441690685   0.384430547253
0.387688556127   -0.176539222702   -0.904728447633
0.603381122538   -0.795801604125   0.0512936480075
-0.748395347926   -0.542877682199   0.381035780699
-0.275382705805   -0.268297726123   -0.923136363901
0.478092699704   -0.844991710366   0.239617018436
-0.803297248067   -0.310354998641   0.508323857824
-0.355163113738   -0.43550961252   -0.827157974429
0.626671150978   -0.708722762343   -0.324029800197
0.0339689370723   -0.390566227107   0.919947890611
-0.778543111583   -0.587511749892   -0.220682025791
-0.167895008222   -0.589803905592   -0.789900395011
0.333138315573   0.720189094555   -0.608561035842
0.927809325124   -0.365320440978   0.0755701223427
0.893107419933   0.441372248931   0.0868888785657
0.319459084077   -0.486313267799   -0.813292898813
-0.316709698218   0.75411536487   -0.575330362504
-0.229637979375   0.802327036593   0.550942771855
0.634688675139   0.552596722497   -0.540191841353
-0.73785967308   0.225628602277   -0.636125082192
0.110625081955   -0.0556854672453   0.992300960274
0.875132341711   -0.467775224697   -0.123813099792
0.471068414898   0.882091507683   -0.00301550078052
0.00116813460208   -0.718873848757   -0.695139581409
0.968851516405   0.17295792772   -0.177235168173
0.247639631781   -0.673279997661   0.696684047003
0.0939579379167   -0.507116127472   -0.856740988295
0.990857433815   -0.0360529687538   0.130006571215
-0.0968164945649   -0.86112333377   0.499092336537
-0.378612803717   0.334200954118   0.863111826853
0.556236272731   0.827503490194   -0.0764145105708
-0.739765849634   0.451162599064   -0.499198108789
-0.0983297184887   -0.995106059962   -0.00962925684705
-0.956936497146   0.0918956693656   0.275364633614
-0.273132446977   0.0362914651276   -0.961289331777
0.458821265031   0.106510633323   -0.882121617824
-0.233109889832   0.97244284976   -0.00383198036743
0.857404713601   0.207389464053   0.471006139877
-0.800795398415   -0.418941334327   -0.428005402005
-0.322296575149   -0.300882969319   0.897538513595
-0.504802321113   0.856702179367   0.105938438803
-0.712942908006   -0.129373464164   -0.689192071907
-0.313679415163   -0.8201841089   0.478450335093
-0.627159014695   0.557289875575   0.544152954327
0.0670140509274   -0.278657877624   -0.95804955876
0.683590954364   -0.686611630795   0.247523677782
-0.726782344939   -0.671501564547   0.144475327773
-0.898006742171   0.423932744771   0.117751100697
-0.439776883811   -0.856672070458   -0.26964726993
-0.013438239097   -0.293929218735   0.955732722835
0.484678678521   -0.87061780244   0.0843280231542
-0.549264307319   -0.227906567131   0.803969716494
-0.680731440526   -0.43598535114   -0.588660737205
-0.588841761454   -0.173386945653   -0.789428990804
-0.450199871588   -0.740807878843   0.498516944091
-0.671253484212   0.648949947993   0.358163401269
-0.344934186891   -0.89433533675   -0.284929339412
0.937731318409   -0.341601358489   -0.0629960523996
-0.0409926517041   -0.288916655079   0.956476225241
0.646796307528   0.359839134466   -0.672436109707
-0.5441724131   -0.400005017313   -0.737476997905
-0.534350923226   0.842918581433   -0.0629072261022
0.756823617431   -0.571435430391   0.317300672112
-0.490808376415   -0.81744459447   -0.301484054316
0.431654150066   0.072436498117   -0.899126722496
-0.696061387897   -0.397848417406   -0.597675694614
-0.614366074448   -0.100748559417   0.782562929717
-0.371556086927   0.911902982321   -0.174297892901
-0.898318507689   0.205489086979   0.388255638838
0.0822735308341   -0.789470372458   0.608206490788
0.431508136749   0.57832370213   0.69233908153
0.575804834829   0.165334629612   0.800695536782
-0.360146907373   -0.827912896123   0.429947473714
0.733991203953   -0.53593384414   -0.417171581621
-0.445597469167   -0.464748753405   0.765148039888
0.427558468484   -0.861394935046   -0.274212622179
0.786534603666   0.204957074391   0.582542636999
0.773112495421   0.132703972491   0.620231186771
0.195191187294   0.880633476809   -0.431723383535
-0.603487754441   0.454834404122   0.654926098858
-0.63314469873   0.523107210666   -0.570513266752
-0.0458537130359   -0.761119391315   -0.646987915039
-0.772673267553   -0.383477210998   0.505886224699
-0.598680227174   -0.355949498091   0.717552712158
-0.518482364092   0.855046726757   -0.00843380378267
-0.610539088055   -0.377087583632   -0.696453105213
0.574771310774   0.52784700171   -0.625312362844
0.0799665026447   -0.796720151093   -0.599034762546
-0.814397548372   0.294303977326   -0.500142021959
0.911822172318   0.402498164023   0.0810875261491
0.385994293535   -0.907644643781   0.164868624821
0.139958437747   -0.119031449839   -0.982972478505
0.677996465078   0.733821016199   -0.0427493237355
0.307537001021   -0.230357907738   0.923231395062
0.667638960441   -0.63909461898   -0.381858960474
0.228916189426   -0.173602431041   -0.957841091398
0.784573555964   0.61536327492   0.0759760902554
0.576230592486   -0.768888956186   0.277070497644
-0.268677800147   0.258489558987   -0.92789840812
-0.327350517222   0.881480114503   0.340344609155
0.905899523552   0.39519104494   -0.152217453522
-0.172352432553   0.0920017435503   -0.980766107476
0.04531743371   -0.99389563043   -0.101192825451
-0.984028865731   -0.0618816362467   0.167059556498
0.558704768715   -0.824080237582   -0.0934920147982
0.355762621925   0.136303607391   0.924583316774
-0.749187527689   -0.549830078154   0.369330411212
0.196432684304   0.896445054212   -0.397241076516
0.324070591131   0.323010410381   0.889180821383
0.925414750291   -0.303398328817   -0.227061677857
-0.477626943822   -0.614743224694   0.627664957524
0.157064624713   -0.762660064293   -0.627439530316
0.864409182549   -0.20109805626   0.460821383355
0.188531054062   0.476251353064   -0.858860128822
0.792419095078   0.442823483409   0.419498940706
0.580110377369   -0.759665737152   -0.29390468954
0.237368068764   0.536057964514   -0.810122378698
0.35020844693   0.730655001597   0.58608644057
0.906096271643   -0.422829907649   -0.0142978606695
0.274298970568   0.250337694774   -0.928488698878
0.770958666692   -0.63435408227   0.0567271697014
-0.574789491573   -0.731386543563   -0.367002790185
0.948973885053   0.304686262803   -0.0813316821201
0.254575714069   -0.892371846679   -0.372643980439
-0.186117616211   0.33292433316   -0.924403300387
0.738254897609   0.591737508302   0.323769071196
0.0022271259161   -0.482133653172   0.876094795105
0.674518146609   -0.646060191753   -0.357255392909
0.608139776696   0.0207176482223   0.793559515538
0.361667509555   -0.89711308794   -0.253740619391
0.706655883851   0.441314477951   -0.553062972125
-0.741568245678   0.534316681038   -0.405687598004
-0.202912219156   0.39775172515   0.894773863961
0.639455529437   0.745854758431   -0.186540733934
-0.782440629147   -0.402977814843   -0.474757043492
0.367955336402   -0.914245235725   0.169596967985
-0.502388534915   -0.0419897830587   0.86362174546
0.0242691794853   -0.974374876548   -0.223617091383
0.90911914296   -0.0715303090176   0.410348382658
-0.41582855543   -0.213253396684   0.884086874067
-0.623598792072   0.568585620394   0.536502444979
-0.637710644731   0.0269550451529   -0.76980420886
-0.452161049608   -0.822182326898   0.345784008054
0.996423522649   -0.0844977433784   0.000543161279582
-0.0105091623022   -0.130300270792   -0.991418904205
0.0838434324675   0.987867408852   -0.130722255389
-0.450053941027   -0.89187725779   0.0449330101154
-0.870268607106   0.426746922899   -0.246017446322
0.20024127908   -0.149823193951   -0.968232151996
0.104933783439   -0.987265273091   -0.119566654294
-0.0232067043901   0.117766756028   -0.992770085759
0.994208405287   0.106949870758   -0.0105534634351
0.364648376127   -0.32682739359   0.871903337077
-0.854869620619   0.253661333354   0.452607859549
-0.369092815086   -0.910406391445   -0.186897618607
0.429295240215   0.227500653852   -0.874041796194
0.448357976068   0.786403437293   0.424905593869
0.784015774263   -0.574293558124   0.235597519589
-0.441254267524   0.187277182285   0.877622853772
-0.886482179817   -0.242933730531   -0.393868633012
0.139441605465   -0.95179326127   0.273213467401
-0.767362116792   0.634236095637   0.0943401421852
-0.622478069573   -0.772139437297   0.127756989164
0.153871830875   0.0393111990524   0.987308508042
-0.606258932901   -0.744855595418   -0.278639884029
0.752460526637   -0.650665922021   0.102161385778
-0.257396967445   -0.14772926205   0.954946524424
0.0376881807317   -0.733696168203   0.678431674956
0.839363569479   -0.345168390491   -0.419913783685
0.542262300967   0.585276618585   0.602829062215
0.992478438699   0.109429982617   0.0548782992119
-0.0785662484029   0.225584520047   0.971050451574
0.0938823382313   -0.968058218184   0.232485275349
-0.758452475833   0.114723639776   -0.64155149364
-0.00711256011496   0.982869158576   0.184167392654
0.651689530377   0.144245289368   -0.744643567875
0.714907907641   -0.587328668182   -0.37940966694
-0.391261722391   -0.785739690813   0.479090027108
-0.579500581905   -0.194056757198   -0.791530732996
0.0652486262073   0.908645793688   -0.412438531752
0.878322288286   0.143867544765   0.455908085903
0.473595480088   -0.392001334826   -0.788696693223
-0.374913365204   0.849461387038   -0.371288581431
0.919090340971   0.392980124139   -0.0289744487205
0.121296347439   -0.352110672201   -0.928065254502
-0.970863503463   0.231349272238   -0.0626214825323
0.155820918785   0.410734966447   -0.898344350432
-0.182109244983   -0.881918502425   -0.434822319618
0.604425222125   0.722629973822   -0.335374500877
-0.793041100568   0.505675233957   -0.339673888656
-0.0758679623668   0.471273231533   0.878718150851
-0.644730459227   0.202633100111   -0.737063408152
-0.355391261618   0.774219329742   0.523718895436
0.676771521314   0.599603416444   -0.427148751715
-0.807768329897   0.45865507203   -0.370245514015
0.418439728793   0.00382557742778   -0.908217061429
-0.415155885318   -0.888586271673   -0.194981154678
-0.972975869091   -0.130631430321   0.190403023807
0.203092531986   -0.0917858417142   0.974848060263
-0.109869493099   0.98717310871   0.115835719109
-0.593723104735   0.50607646403   0.625603033668
0.669100949141   0.742371704743   0.0344690909666
-0.446985976332   0.4390567286   -0.779379468337
0.927683229032   0.373059785542   -0.0151730775441
-0.367225998464   0.904327389481   -0.217570764948
-0.0674454737063   0.207408698272   0.975926605706
0.998179705312   -0.0504342083153   -0.033070629539
-0.0106796182957   0.391866574329   -0.919960072456
0.0593567322176   0.918638655724   0.390614643591
-0.847426310861   -0.395966227613   0.353669742156
-0.5239291149   0.515991918567   -0.677680883808
0.0858476702462   -0.759581361218   -0.644723900695
-0.339219310208   -0.772183290769   0.537274396899
-0.412497571756   -0.391201969714   -0.822683016816
0.845444596293   -0.500694076577   -0.185820788704
0.435523950652   0.2574996106   -0.862561788231
0.370792930541   0.821829747253   0.432560364637
0.820263061851   -0.508222212162   0.262447503062
0.183136801124   -0.403531083415   0.896450516798
-0.950005242179   -0.307209227934   0.0557893693448
0.252885160066   -0.861849800497   -0.439617939911
0.0517920931449   -0.600361562842   -0.798049880073
0.99816861046   0.056132783546   0.0225515778395
0.0312576760798   -0.797756317702   0.602169271262
-0.998190810235   0.0503899287603   -0.0315210296037
0.0312651042066   -0.00583857392283   -0.99947332792
-0.0505491195442   -0.998691791817   0.0042939664123
-0.608708216466   -0.108044070728   0.786003055937
0.338740708702   0.860458991845   0.380611425445
-0.717446205252   0.497932529256   -0.487169534635
-0.815221975708   0.572012752626   0.090634657212
-0.0110763503652   -0.17186695096   0.98505793238
0.579042783149   0.802036923411   0.146445470254
-0.937385452863   -0.0120161884721   0.348087515678
0.254980788447   0.657134263781   0.709337365088
-0.237263787542   0.753677856382   -0.612924339084
-0.57631883452   0.17083994179   -0.799169054192
0.539036965659   -0.655548693468   -0.528862898472
-0.614244749707   -0.735574965599   0.285715326863
0.302978541843   -0.101797370879   0.947544883122
0.737741374703   -0.604354480636   -0.300821113039
0.603275786271   0.790185404371   -0.108006313014
-0.218190566209   -0.826713402713   -0.518592229273
-0.248311315621   0.560935894941   -0.789742007781
0.943787285898   -0.0435419119186   -0.327673223159
0.945320659606   -0.153979361073   0.28750514086
-0.206535533087   0.399614386703   0.893113322045
-0.252412208956   -0.903658502315   0.345961526211
0.997003349241   -0.0358131188216   0.0685692503576
0.0433098715482   0.992857356065   -0.111168905121
-0.0640981793876   0.113805496174   0.991433170898
0.88957615856   -0.393218533058   -0.232450893206
-0.210178003569   -0.80416629062   0.556004824703
-0.405560648126   -0.445752558643   -0.798013032368
0.848929596446   -0.528151734343   0.0193465001216
0.52772243453   0.849095450784   0.0233655479214
-0.0287675798605   -0.00962612308203   0.999539776151
