-0.170810525926   -0.859004850452   0.482632758257
0.701732401783   0.237793182793   0.671584696661
-0.691661296251   0.453392804753   0.562173991306
0.788002026562   0.222101805382   -0.574215633754
0.2604767062   0.724813464979   0.637806652787
0.557857232209   -0.652162731884   0.513302132575
0.95263061837   -0.162005083691   0.257389311823
0.0549063849636   0.924021064196   0.378378595952
-0.299132401911   -0.346322719212   0.889145871258
-0.601866144877   0.748828455088   -0.277513083259
0.289555772421   -0.119229250859   -0.94970634191
-0.744254674951   -0.651951398539   -0.145067760181
0.555538057158   -0.723684165538   0.409461473634
0.559801962316   0.689642249505   0.459364052397
-0.614816422055   -0.0259768781245   0.788242329683
0.225734894344   -0.950286709701   -0.214473738709
-0.800378167068   -0.0554017227092   -0.596930077587
0.555372492037   0.306408056702   -0.773094839032
0.947184252583   -0.197054210797   0.253005201693
-0.106360230342   -0.937317285389   -0.331849207646
0.302538419838   0.287412653202   -0.908770905508
-0.996795268118   0.0696575005297   0.0392477443222
-0.071126517212   -0.548351302618   -0.833214689135
-0.036518096387   -0.833338786006   0.551553628398
-0.990160662182   0.0378923854444   -0.13473325531
0.0310477270399   0.998135769116   0.0525455196205
0.136473153429   0.0478451681141   -0.989491251004
-0.869768618725   -0.251195059496   -0.424740033483
-0.49076424666   0.350482652438   0.797692008012
-0.0515122136827   0.902254469388   -0.428116513722
0.883429428763   0.0285946385548   -0.46769090881
-0.462629017086   0.211594206426   -0.8609310376
0.0743426666657   0.976939202611   0.200157260631
0.218491761768   0.667650145927   0.71169137558
-0.355404483637   0.733666752753   -0.579155197313
-0.908817354831   -0.126397674849   0.397586002026
-0.483331746841   0.775616480888   0.405970121765
0.837728633465   0.275133614612   0.471713182699
0.254171992683   0.568085965883   -0.782737266826
-0.831846287091   0.548564666452   0.0843140595161
-0.531983441173   -0.831386011113   0.160596444631
0.158195044895   0.0887378522994   0.983412387582
-0.000563267732182   0.542186061835   -0.840258241277
0.484648535943   0.735129541573   0.474025676299
0.874708771129   -0.406962921571   -0.263183755776
0.708018053224   -0.699112412055   0.099761114534
0.699928704183   0.675922845867   -0.230712212003
0.0938629518114   0.233174078786   0.967894413755
-0.171591398027   -0.930245082132   0.324346178381
-0.956323187105   0.23636566871   0.171980257839
-0.236648089083   -0.280669439822   -0.930173257195
0.0764112847918   0.921685941467   0.380337547421
0.86589718605   -0.250465911393   0.433000356748
0.49435178554   0.296246976449   -0.817223744939
0.936547056803   0.0226760582706   -0.349807812792
-0.0247161405454   -0.991151788883   -0.130423747921
-0.349669589621   0.130793876028   -0.927699925194
0.814939975725   0.142878810574   0.561656911549
-0.565804352354   -0.0136367536962   0.82442677073
0.125452284393   -0.989646255451   0.0697283136482
0.18433840685   -0.688890211666   -0.701034686924
0.981878585732   0.0971613222188   0.162708712242
-0.043974980177   -0.718324410297   0.694317106428
-0.475483367501   0.377087336681   -0.794808692975
-0.838118928769   0.0803872985957   0.539531868733
0.267343186097   0.922682565488   0.277821125807
-0.253987027466   0.886977111893   0.385697119403
-0.170998329324   -0.433671265857   0.884697061346
0.951971762348   0.158747982548   0.26181842165
0.161315115093   0.772109069664   -0.614673777691
0.653667607148   -0.550216049437   -0.519594846548
-0.739388211838   -0.317974416794   -0.593460300804
-0.152160161271   0.432789774189   -0.888560834204
-0.916351078501   -0.398639604566   -0.0372456535886
-0.370335045134   0.808566354196   0.457244391098
0.946507113412   0.163600054529   0.278135409182
0.0157179319829   0.837548299223   -0.546137154324
-0.32229990738   0.521294414776   0.790173968544
-0.0925882981874   -0.851863087243   -0.5155159889
-0.0144474497942   0.518834785879   -0.854752453599
0.995599681304   -0.0716921636799   -0.0603452901342
0.932260987849   -0.105055227269   0.346197702017
-0.0876720988648   0.86278839206   0.497905404501
-0.351002924118   -0.494529663391   0.795133546415
-0.956345528264   -0.256202180579   -0.140567797191
0.242997239634   -0.964381068074   0.104484982188
-0.162330540783   0.0657663488344   0.984542304007
0.189494625848   -0.127630375184   0.973551199441
0.284680612527   -0.94178511624   -0.178876880246
0.939706549649   0.311047386688   -0.142128990924
-0.330745060501   -0.247394715971   0.910715950117
0.859939748818   -0.476514153445   0.182860248189
0.388730389462   0.843640976052   0.370349266876
0.629479022168   0.515173148294   -0.581680910318
0.19129800417   -0.828315466276   -0.526590957399
-0.753101007669   0.220203519706   -0.619958721635
-0.339495333861   0.11046568563   0.934098618025
0.805159601176   0.54752856744   0.227882594571
-0.48627246738   0.829463557109   -0.274825896865
0.737382598882   -0.320254533737   -0.594730138475
0.491433710606   -0.349704989741   0.797621046618
-0.463421851093   -0.880422318861   -0.10048250142
-0.991934630443   -0.0212404491908   0.124900408042
-0.115076216549   -0.26133507663   -0.958359176331
0.0529974810309   -0.965009683782   0.256792127739
0.728163388767   0.618897199309   0.294523876516
0.277663737214   -0.659231784768   0.698796227841
0.62664256653   -0.42705921802   -0.651873748338
-0.51956499497   0.39076303309   0.759839791414
-0.842069607319   -0.083456242089   -0.532873212935
-0.144813787583   -0.916700243594   0.372410589412
0.380407212562   0.86537270725   -0.326221471575
-0.442777435181   -0.13926378208   -0.88575040255
-0.811935042885   0.481389354129   0.330190544522
0.728699492207   0.659764329387   0.183597457182
0.564398387863   -0.730408940203   0.384651659278
0.387880724442   -0.176673339459   -0.904618538142
0.60330937356   -0.795882408862   0.0508819598745
-0.748401050811   -0.542965145272   0.380899791642
-0.275524317842   -0.267880524472   -0.923215192417
0.478245446451   -0.844970782368   0.239386190174
-0.80319728431   -0.310585480444   0.508341399186
-0.355183746221   -0.435386302716   -0.827214329859
0.626557075853   -0.708717508118   -0.324261763206
0.0340770726391   -0.39074370876   0.919868459695
-0.7786301757   -0.587399969108   -0.220672193325
-0.167916434339   -0.589960520884   -0.789778840269
0.332989061455   0.720120650589   -0.608723684737
0.927858996664   -0.365202441403   0.0755303167936
0.893075947082   0.441408366699   0.0870287426812
0.319558472175   -0.486186832492   -0.813329382373
-0.316698170354   0.754175679254   -0.575257548778
-0.229710962487   0.802354036639   0.550872966238
0.634705721209   0.552586912078   -0.540181827835
-0.737822249941   0.2255565551   -0.63619397144
0.110514538821   -0.0555415902015   0.992321330627
0.875119592649   -0.467842810033   -0.123647600021
0.47111802133   0.882064715419   -0.00309786415349
0.000743948041299   -0.719076347446   -0.694930704352
0.968825149441   0.172683584108   -0.177646376443
0.247744439128   -0.673134170723   0.696787693937
0.0936444804997   -0.507132630922   -0.856765561793
0.990899700545   -0.0360972718545   0.129671876347
-0.0966877276636   -0.861111785257   0.499137244392
-0.378665315095   0.334134143626   0.863114703116
0.556447160279   0.827383562632   -0.076177442874
-0.739580404344   0.451431965028   -0.49922945353
-0.0981707786102   -0.995122726105   -0.00967424206837
-0.956892366551   0.091719881256   0.275580727603
-0.273349281702   0.0363111357347   -0.9612295594
0.45875107461   0.106085164536   -0.882209375327
-0.233083182882   0.972447436676   -0.00426759624727
0.857449516827   0.207585934942   0.470837974658
-0.80069624991   -0.419055966961   -0.428101258111
-0.322187124121   -0.301230020407   0.897469179337
-0.505048559738   0.856532292073   0.1061835566
-0.712959560741   -0.129280543532   -0.689187073686
-0.31370172521   -0.820211714696   0.478380407049
-0.627123200871   0.557263965561   0.5442190055
0.0670750404532   -0.278251424683   -0.958163397609
0.683597877371   -0.686695588256   0.247271378169
-0.726770179569   -0.671584199538   0.144151936725
-0.897989851579   0.423991845563   0.117665920923
-0.439807458207   -0.856638070558   -0.269704913906
-0.013555580234   -0.293942606262   0.955726945024
0.484750140903   -0.870589957431   0.0842048764456
-0.549285040096   -0.228090687585   0.803903392657
-0.680663852371   -0.435944774047   -0.588769037766
-0.588735710314   -0.173248330498   -0.789539781549
-0.450355718279   -0.740811505668   0.498372968313
-0.671243456342   0.648984517929   0.358120683319
-0.34497936134   -0.894333303512   -0.284880838699
0.937720834671   -0.341603934306   -0.0631371388009
-0.0408507803147   -0.288919719475   0.95648136758
0.646772894917   0.359928717555   -0.672410694574
-0.544172415792   -0.399947305958   -0.73750833235
-0.534379271482   0.842907750986   -0.0628117986075
0.756758748556   -0.571397468734   0.317524613228
-0.49067406385   -0.817471204244   -0.301637867602
0.431921185341   0.0724663565433   -0.898998653137
-0.696027236245   -0.398138025861   -0.597519802573
-0.614323357205   -0.100575408542   0.782617350736
-0.371686177972   0.911794503847   -0.174581172723
-0.89840021041   0.205631034182   0.388131432336
0.0820931584704   -0.789495909637   0.608281963132
0.431498371166   0.578326993249   0.692355143446
0.575825548364   0.165504158778   0.800645497494
-0.359984784083   -0.827931644065   0.430046187037
0.734054353886   -0.535851790315   -0.417165117026
-0.445705773518   -0.464740959609   0.765089576535
0.427620234286   -0.861391623621   -0.274126286314
0.786439543061   0.204988112047   0.582660001647
0.772884150858   0.132634027531   0.620530661326
0.195407910873   0.880638561484   -0.431614957002
-0.603710058946   0.454844959828   0.654713848581
-0.633282093111   0.523076164411   -0.570390079688
-0.0459952327743   -0.761148473402   -0.646944468099
-0.772552881907   -0.383463208753   0.50608095143
-0.598678807393   -0.355863980008   0.717596413897
-0.518524161531   0.855019910586   -0.00858227663322
-0.610505101873   -0.377229093915   -0.696406373696
0.574784864883   0.528104566509   -0.625082346932
0.0801980351158   -0.796552168154   -0.599226985283
-0.814365181462   0.294296230964   -0.500199091228
0.911702952451   0.402805829006   0.0809014114907
0.386316800075   -0.907502062005   0.1649122457
0.13984600188   -0.119097367397   -0.982982957151
0.677833368514   0.733954705885   -0.043039447839
0.307642348697   -0.229976406777   0.923291373627
0.667756010567   -0.639078449829   -0.381681226704
0.228950894365   -0.173757546118   -0.957804689972
0.784535578915   0.615422585222   0.0758879271494
0.576268543633   -0.768806456293   0.277220522441
-0.268403074155   0.25821653105   -0.928053915823
-0.327722786892   0.881461702339   0.340033891932
0.905846357024   0.395410540835   -0.151963594834
-0.172393230882   0.0920171086372   -0.980722345616
0.0458021555723   -0.993803955207   -0.101295518005
-0.983964242245   -0.0623816570881   0.167107613419
0.558715114944   -0.824029859771   -0.0938733325795
0.356033894549   0.136080660022   0.924511711283
-0.74905091836   -0.549960751848   0.369412887896
0.196483624313   0.896459164344   -0.397184053252
0.323845150195   0.323015349059   0.889261165191
0.925482860019   -0.303351393412   -0.226846729405
-0.47770846503   -0.614571271828   0.627771162986
0.156921119997   -0.762779421138   -0.627330174901
0.864390099048   -0.201170420506   0.460825527786
0.188491707641   0.476312591565   -0.858834795114
0.792298032772   0.442977226264   0.419565267756
0.580288477782   -0.759537689492   -0.293883996102
0.237197336178   0.536057722635   -0.810172548397
0.350203645296   0.730715042486   0.586014453165
0.906142840282   -0.422726448782   -0.0144057071644
0.274193415631   0.250400775187   -0.928502786167
0.770966016762   -0.634356514141   0.0565969691089
-0.574829864509   -0.731362610269   -0.366986868475
0.948952399184   0.3048045968   -0.0811388549316
0.254772875208   -0.892358608067   -0.372541727573
-0.18595735551   0.332852391451   -0.924461787774
0.738166678216   0.59193110443   0.323616332915
0.00249197986209   -0.48209206847   0.876117043368
0.674613780883   -0.645913965829   -0.357339387185
0.608086498179   0.0207628038979   0.793599189513
0.361951793478   -0.896960675506   -0.253874451497
0.706556202166   0.44162228646   -0.552944769803
-0.741594231166   0.534335201462   -0.405615414955
-0.202852452318   0.397713378683   0.894804415908
0.639444176577   0.745861885753   -0.18655073336
-0.782581504399   -0.402695090599   -0.474764666933
0.367771445685   -0.91436571137   0.169345932212
-0.50230368175   -0.0420778448322   0.863666811887
0.0242353205082   -0.974292813609   -0.223978025452
0.909020067384   -0.0717634967791   0.410527112699
-0.416047064201   -0.213549775266   0.883912514368
-0.623534559453   0.56862560829   0.536534680137
-0.637772521174   0.0269526659916   -0.76975301262
-0.45216231226   -0.822154734098   0.34584793356
0.996441188591   -0.0842888296718   0.000592260823831
-0.0104385295088   -0.130367845858   -0.991410727251
0.0836420628752   0.987876301062   -0.130783742672
-0.449811252658   -0.891986375963   0.0449768994822
-0.87039352051   0.426526080128   -0.245942607768
0.200194245286   -0.149776339777   -0.96823525533
0.105016643432   -0.9872816716   -0.119358280354
-0.0229533546285   0.117583610069   -0.992797679192
0.994205532915   0.106999949628   -0.0103131875165
0.364834194515   -0.326958677941   0.871776369112
-0.854847899847   0.253408709295   0.452790348005
-0.368959459764   -0.910429598618   -0.187047777496
0.429547667857   0.227290438706   -0.873972464341
0.448429556782   0.786363276065   0.424904383067
0.783836554748   -0.574431770202   0.235856760442
-0.441234243492   0.187220483582   0.877644996066
-0.886479363282   -0.24298866796   -0.393841040065
0.139522711653   -0.951790374448   0.273182079846
-0.767302633945   0.634324909151   0.0942272590396
-0.622528432905   -0.772052629325   0.128036272541
0.153964986086   0.0395834118279   0.987283109345
-0.606364321803   -0.744785370677   -0.278598574841
0.752325771005   -0.650791247622   0.102356212503
-0.257542906249   -0.147531730765   0.954937716715
0.0376584338313   -0.733637213712   0.678497051173
0.839285552497   -0.345308906557   -0.419954134274
0.542385076457   0.585267590236   0.60272735396
0.992488784671   0.109303295207   0.0549436273435
-0.0785973001603   0.225552519102   0.971055378935
0.0937468769411   -0.968079993703   0.232449289247
-0.758462892394   0.114537268616   -0.64157217358
-0.00748776251504   0.982838851959   0.184314189845
0.651672903554   0.144599451118   -0.744589167009
0.714873473344   -0.587351580446   -0.379438774523
-0.390970965211   -0.785626962755   0.479510569505
-0.579739050802   -0.194439715215   -0.791261165233
0.065085600837   0.90857000291   -0.412631133286
0.878255617019   0.144155609787   0.455945463764
0.47374146274   -0.392071096314   -0.788574254078
-0.374766064011   0.849441850319   -0.371482847328
0.91912671341   0.39290689598   -0.0288184938104
0.121478589182   -0.352239923653   -0.927992878128
-0.9689193807   0.239190240858   -0.0633266424119
0.160533150194   0.412926637646   -0.896509202733
-0.188285269338   -0.87879899384   -0.4384982474
0.604546116083   0.722544204437   -0.335341413198
-0.792937625207   0.505706278366   -0.339869208821
-0.075986270485   0.471371434442   0.878655254718
-0.644673275847   0.202714939648   -0.737090884107
-0.355456883973   0.774139014045   0.523793073466
0.676791490657   0.599679442217   -0.427010306726
-0.807952509039   0.458597605589   -0.370132033366
0.418299233082   0.00379453554135   -0.90833069951
-0.415132795114   -0.888665935105   -0.19493988554
-0.972991224993   -0.130586711599   0.190354460277
0.203030483888   -0.0917126535233   0.974867790583
-0.109846858881   0.987185746077   0.115748892749
-0.593918791725   0.505900240791   0.625559800882
0.668855465305   0.742592455301   0.0344783297486
-0.447093373518   0.438886471719   -0.779413746837
0.927702755622   0.373010881624   -0.015181554529
-0.367193720856   0.90438799375   -0.217373246706
-0.067352570641   0.207232331478   0.975970487302
0.99818029424   -0.0503991238157   -0.0331063204051
-0.0107291379327   0.391822053497   -0.919978447732
0.0593378945647   0.918659559909   0.390568313507
-0.847329064619   -0.396042984877   0.35382066615
-0.524084580097   0.515838398871   -0.677678080538
0.0858746910844   -0.75964609001   -0.644645940421
-0.339298772847   -0.771958592207   0.537546742504
-0.412303718597   -0.391588202896   -0.822596229939
0.845507073944   -0.500738300709   -0.185416131696
0.435427297071   0.257190494674   -0.862702788765
0.370969354051   0.821905403475   0.432265243613
0.820234594887   -0.508256384052   0.262470256682
0.183369621499   -0.403500856656   0.896416553467
-0.9499375539   -0.307388658437   0.0559540091107
0.252970793455   -0.861800015156   -0.439666357353
0.0518068986498   -0.600388896443   -0.798028350544
0.998172569297   0.0560214455461   0.0226528011727
0.031106223616   -0.79774356815   0.602194001058
-0.998012626157   0.0504877246186   -0.0311533135064
0.0308953705445   -0.00576818672915   -0.999392339139
-0.0506459806748   -0.99859429255   0.00442366653579
-0.608993303517   -0.107911220509   0.78580045707
0.338703030032   0.860453645741   0.38065704235
-0.717222034862   0.497970576371   -0.487460653606
-0.815150454314   0.572131321475   0.0905283419739
-0.0112162840661   -0.171846520831   0.985059845439
0.579140591468   0.801956641665   0.146498019905
-0.937445103137   -0.0120310139382   0.347922388083
0.254835435328   0.657170333481   0.709355841236
-0.237178486222   0.753645847396   -0.612994847403
-0.576301626375   0.170961811952   -0.799152970382
0.539082377963   -0.655422772062   -0.52896881157
-0.614217877456   -0.735656083165   0.285561124149
0.302979317931   -0.10182277229   0.947541885664
0.737821942899   -0.604240485736   -0.300852364033
0.603176825335   0.790269249947   -0.107945268134
-0.218033441894   -0.826759442411   -0.518584859497
-0.248359799109   0.560879013919   -0.789767147293
0.943810808532   -0.043400013139   -0.3276241928
0.945315869565   -0.154173384942   0.287416902339
-0.206362660564   0.399683514046   0.893122364951
-0.252571496213   -0.903594861554   0.346011538712
0.996979835621   -0.036024320721   0.0688001139323
0.0435758048302   0.992795175475   -0.111619392462
-0.0642834083875   0.114280303888   0.991366559621
0.889619515239   -0.393020218667   -0.232620350779
-0.209722957072   -0.804026595563   0.556378957069
-0.40570112294   -0.446179751122   -0.797703113569
0.848829667011   -0.52831202835   0.0193545318121
0.527883647976   0.848996155818   0.023332003855
-0.0287585013634   -0.00958795624146   0.999540404234
