-0.171429675657   -0.858951918752   0.482507533801
0.701518543093   0.237442051615   0.671932318066
-0.691725127923   0.453677096222   0.561866051151
0.788148148156   0.22190644465   -0.574090611286
0.260933137159   0.724306519025   0.638195870478
0.557437349014   -0.652792157571   0.512958096904
0.952743597898   -0.16145337671   0.257317786478
0.0542850688104   0.923919777599   0.378715427387
-0.298885876871   -0.346850184929   0.889023160819
-0.601631495804   0.749420003218   -0.276420280262
0.287707374616   -0.119517773665   -0.950231154999
-0.745159700437   -0.651217659553   -0.143707497102
0.554419589496   -0.724873462043   0.408873313764
0.560681066194   0.688395944108   0.460160590309
-0.61502493014   -0.0258745219822   0.788083019911
0.22594393232   -0.950368647871   -0.213889599239
-0.799781446753   -0.0556226987141   -0.597708738894
0.556146531904   0.306113593726   -0.772654822978
0.947178690648   -0.196675262326   0.253320693584
-0.105749330396   -0.93724065119   -0.3322607569
0.302769898982   0.287921816895   -0.908532653684
-0.996804999191   0.0698339718453   0.0389230774621
-0.0709667202957   -0.548674342268   -0.833024306101
-0.0368173083385   -0.833120031161   0.551867911444
-0.990194764522   0.0363219789806   -0.134865140278
0.0295191444102   0.998205294946   0.052103775793
0.136515612047   0.0476119436857   -0.989489846674
-0.869125622542   -0.252157978696   -0.425486315075
-0.491830281895   0.34982880834   0.797322603862
-0.0522036813534   0.902239832084   -0.428064577133
0.883450858576   0.0282320681171   -0.467672458183
-0.46252891392   0.211721863056   -0.860953447317
0.0747099832782   0.976922097707   0.200104010701
0.219067290189   0.667147096736   0.711986148914
-0.354984972137   0.734199125478   -0.578737690647
-0.908842777649   -0.125961884459   0.397666205696
-0.484429819696   0.774914731956   0.406002015885
0.837040533997   0.275633067562   0.47264245277
0.254349411543   0.568801285082   -0.782160310415
-0.831442775638   0.549409055946   0.0827822849792
-0.533110058071   -0.8308384337   0.159691795632
0.156514802639   0.088642500266   0.983689801936
-0.000399562619813   0.540743492943   -0.841187465886
0.484594755274   0.735924016049   0.472846461003
0.874738704463   -0.407446103628   -0.262335508396
0.706855133943   -0.700041723537   0.10147614374
0.701268005086   0.674736001345   -0.230118483968
0.0926229317412   0.233822404675   0.967857466726
-0.170380414743   -0.930445781179   0.324408246431
-0.956195285745   0.235647052903   0.173668496423
-0.238034950343   -0.280607946105   -0.929837511266
0.0752303296076   0.921784107537   0.380334936277
0.86574882731   -0.249636192252   0.433775309873
0.494792454139   0.29664138372   -0.81681376321
0.936786601696   0.0236425279467   -0.349101876482
-0.0237294984223   -0.991128449047   -0.130799235049
-0.349095975622   0.130814983305   -0.927915052705
0.814990650669   0.143269642022   0.561483791703
-0.565663830611   -0.0135838698272   0.82452404795
0.125756389135   -0.989590463063   0.0699717280804
0.183210104016   -0.689368434666   -0.700860321291
0.982091001751   0.0964753199879   0.161832458762
-0.0439464782852   -0.717957966538   0.694697815204
-0.474666370218   0.37759810968   -0.795054369056
-0.838143882317   0.0818625071105   0.539271108395
0.268712885296   0.922343842274   0.27762419753
-0.253046538865   0.887494332   0.38512515888
-0.171230116084   -0.432881617113   0.885038925399
0.952180563066   0.158010957827   0.261504852846
0.160806298401   0.772542691274   -0.614264334555
0.654257929369   -0.549414575337   -0.519704766806
-0.738978649493   -0.318314738806   -0.593792238832
-0.150583588562   0.432723845458   -0.888861407482
-0.916362170959   -0.398471006132   -0.0387448371162
-0.370951344216   0.808684650738   0.456535004179
0.946617046337   0.162571222396   0.27836444729
0.0165993746984   0.837791485277   -0.545737930524
-0.321932646102   0.521225503695   0.790369120587
-0.0932518375057   -0.85224515377   -0.51476433001
-0.0141151686242   0.518096855714   -0.855205484169
0.995542505165   -0.0724834878615   -0.0603430732179
0.932551129345   -0.105298438275   0.345341324456
-0.0870258223057   0.862760195923   0.498067617138
-0.350392490976   -0.494527131598   0.795404311884
-0.956361055482   -0.255850016482   -0.141126822593
0.242565975182   -0.964467953437   0.104717735756
-0.162904139521   0.0659152908215   0.984437623969
0.18866898777   -0.12690120033   0.97380695355
0.285695830071   -0.941632722191   -0.178060193387
0.939564681173   0.311807031902   -0.141401633947
-0.330929582643   -0.247400726968   0.910647282331
0.860280383533   -0.47569438543   0.183391637004
0.387818584173   0.844101718462   0.370255352102
0.629239082434   0.516011607104   -0.581197307087
0.191594105416   -0.827706385774   -0.527441358212
-0.753226385093   0.220532784221   -0.619690075825
-0.340007072196   0.110779180938   0.933875325107
0.804860457593   0.547902193678   0.228041259656
-0.486410108424   0.829174978743   -0.275452395064
0.736669204808   -0.321191394669   -0.59510887366
0.491447782176   -0.350236497263   0.797379130428
-0.464540160711   -0.879869585926   -0.10015964418
-0.99189651177   -0.0195262837139   0.125547494397
-0.116160038385   -0.261005664823   -0.958323662783
0.0514810119127   -0.965140467192   0.256621087092
0.727278281293   0.619569789737   0.29529573044
0.278423618644   -0.659580842963   0.698164269132
0.627332911102   -0.425542399483   -0.652201680191
-0.519798462661   0.390713776983   0.759705449565
-0.841887031161   -0.0833027725667   -0.533185636428
-0.14503741719   -0.916735207465   0.372237471047
0.380175928173   0.865405374598   -0.326404364126
-0.442598200012   -0.13965343004   -0.885778621846
-0.812141062039   0.481217696256   0.329933981953
0.728622815168   0.659769458546   0.183883592144
0.563963575139   -0.730274106117   0.385545827699
0.388656660572   -0.177213884639   -0.904180339324
0.60302273058   -0.79620388734   0.0492240164994
-0.748421406623   -0.543318868242   0.38035534783
-0.276096055973   -0.266203234953   -0.923529661831
0.478866753522   -0.844883013805   0.238451916306
-0.802790690501   -0.311520109153   0.508411552066
-0.355265718372   -0.434888367301   -0.827440841327
0.626097525877   -0.708691541856   -0.32520484716
0.0345163859368   -0.391467452652   0.919544384483
-0.778980431858   -0.586949362751   -0.220635337186
-0.167997727008   -0.590588385795   -0.789292160763
0.332380448844   0.719851023155   -0.609374876371
0.928062494503   -0.36471887981   0.0753666987009
0.892944473635   0.441561506468   0.0875991376004
0.319966868836   -0.485668839296   -0.813478372933
-0.316656558041   0.75441984093   -0.574960359178
-0.230006645427   0.802463715051   0.550589616735
0.63477200744   0.552547683605   -0.54014401303
-0.737672988932   0.225262163418   -0.636471142394
0.110061852886   -0.0549597727924   0.992404027394
0.875069135162   -0.468114817735   -0.122973289305
0.471317662409   0.881956826931   -0.00342793896606
-0.000960780506855   -0.719887785338   -0.694089822911
0.968715437032   0.17158402748   -0.17930239107
0.248172334887   -0.672547784108   0.697201534002
0.0923835493614   -0.507205333047   -0.856859394274
0.991068516441   -0.0362739321125   0.128325320966
-0.0961689510567   -0.861061520688   0.499324129018
-0.378892440967   0.333866359175   0.863118594929
0.557294191301   0.826901320909   -0.075215569215
-0.738825851634   0.452512377424   -0.499368441346
-0.0975202417433   -0.995185162852   -0.00984574004513
-0.956711973974   0.0910146745363   0.276439978412
-0.274212774704   0.0363779390667   -0.960981348051
0.458474295092   0.104377664006   -0.882556865948
-0.232968107486   0.972465790265   -0.00601228234569
0.857628812057   0.208364080161   0.470167234625
-0.832941770642   -0.376499632349   -0.405590041472
-0.314355144252   -0.281307735971   0.906686180297
-0.455451532199   0.882693045799   0.115929623525
-0.71303953969   -0.12890309219   -0.689170840107
-0.313801945492   -0.820329789596   0.478105719653
-0.626977506004   0.55717208561   0.54447947564
0.0673133591211   -0.276617773364   -0.958619573724
0.683628193547   -0.687031420674   0.24625243569
-0.726719596994   -0.671915453428   0.142857346212
-0.897919947963   0.424234210609   0.117324889517
-0.439935327412   -0.856501122846   -0.269931031462
-0.0140250792067   -0.293991817232   0.955705032533
0.485045333863   -0.870473663267   0.0837057810644
-0.549366335329   -0.228839464362   0.803634995395
-0.680387893655   -0.435784554309   -0.589206445604
-0.588301916975   -0.172686328519   -0.789987463489
-0.450984661806   -0.740824487698   0.497786912509
-0.671203095451   0.649121257849   0.357949660266
-0.345161419075   -0.8943248252   -0.284687044896
0.937678529826   -0.341614966687   -0.0637040102802
-0.0402812760845   -0.288933094772   0.956501482446
0.646677881064   0.3602933669   -0.672306794223
-0.544171444187   -0.39971325258   -0.737635970486
-0.534495252665   0.842863022911   -0.0624243746614
0.75650147916   -0.571240023921   0.318418277038
-0.490132616113   -0.817566743308   -0.30224747231
0.432984275354   0.0725834069609   -0.898473768583
-0.695895666964   -0.3992993728   -0.596899490639
-0.614153941043   -0.0998963171441   0.782838114539
-0.372214894578   0.911361941138   -0.17571375952
-0.898478752214   0.206186138929   0.387574824762
0.081344590427   -0.789361852326   0.608508402343
0.431404712867   0.578261786933   0.692460704681
0.575905307775   0.166190265422   0.800446021918
-0.359327958222   -0.828011012193   0.430442815803
0.734313595656   -0.535516941763   -0.41713909051
-0.446151541604   -0.464706293429   0.764850876305
0.42785859934   -0.861383607479   -0.273779655946
0.786057136032   0.205100809084   0.583136207989
0.771968718796   0.132348043247   0.621730078132
0.196282220408   0.880657613632   -0.431179146232
-0.604597043126   0.454891373453   0.653862561906
-0.633839604613   0.522950965638   -0.569886737892
-0.0465652908139   -0.761261019214   -0.646772512352
-0.77206235511   -0.383412697469   0.506867636353
-0.598666218604   -0.355527606471   0.717773566399
-0.518695142729   0.854910102528   -0.0091687880308
-0.610372116412   -0.377794704571   -0.6962162411
0.574833972455   0.529136109339   -0.624164214845
0.0811305895315   -0.795882086951   -0.599991575725
-0.814238181825   0.294256760828   -0.500429258334
0.911222442542   0.404040944514   0.080150305115
0.387612354694   -0.906913999424   0.165084328052
0.13939088472   -0.119361166362   -0.983011615637
0.677174202561   0.734493290637   -0.044212027396
0.308073317264   -0.228440772153   0.923528904306
0.668225956206   -0.639010494364   -0.380971981735
0.229081266829   -0.174390141268   -0.957658525367
0.7843872268   0.615656687469   0.0755216611581
0.576418642144   -0.768475713019   0.277824813359
-0.267299576637   0.257108060315   -0.92867989748
-0.32921833019   0.881389633776   0.338773673362
0.905630276509   0.396292513198   -0.150950386915
-0.172681886725   0.0920713051492   -0.980648090321
0.0477493359977   -0.993640011372   -0.101701268977
-0.98380272575   -0.0643896107138   0.16722028476
0.558750074787   -0.823830668946   -0.0954012435546
0.357117290477   0.135181937069   0.924225682957
-0.748508923935   -0.550480609195   0.369737082693
0.196679174944   0.896510179941   -0.396972002863
0.322954919044   0.323049212005   0.889572539481
0.925752339484   -0.303164443818   -0.225995315615
-0.47803867656   -0.613875244939   0.628200589024
0.15635101012   -0.763264812376   -0.626881900076
0.864310799443   -0.201454060916   0.460850323195
0.188322522158   0.476548295848   -0.858741161151
0.791817140214   0.443598999767   0.419816109905
0.580999377447   -0.759026792279   -0.293799427815
0.236514082525   0.536048839865   -0.810378132162
0.350193600236   0.730956482315   0.585719266158
0.906325282755   -0.42232008912   -0.0148393712039
0.273766545262   0.25065778765   -0.928559354956
0.77099569711   -0.63436715905   0.05606933544
-0.574993423636   -0.731265211007   -0.366924528944
0.948863498582   0.305287314457   -0.0803601192586
0.255570931238   -0.892298287883   -0.372140365389
-0.185314846253   0.332572710964   -0.924691844349
0.737813494006   0.592708226745   0.322998778993
0.0035569234615   -0.481920679548   0.876207644582
0.674995260412   -0.645328944087   -0.357675802056
0.607867770359   0.02095781943   0.793761613713
0.363104488013   -0.896345276161   -0.254401381948
0.706152859078   0.442860815784   -0.552469241344
-0.741697251336   0.534407411651   -0.40533168102
-0.20261202292   0.397569089843   0.894922980255
0.639400830023   0.745887049621   -0.186598489855
-0.783150031638   -0.401558802123   -0.474790756275
0.367031290536   -0.914849708496   0.168338132244
-0.50195992427   -0.0424290400327   0.863849517294
0.024099523178   -0.973959930364   -0.225435741431
0.908621959266   -0.0727045776329   0.411242248146
-0.416923679597   -0.214746607812   0.8832092281
-0.623276989733   0.568784224168   0.536665904398
-0.638021005019   0.0269452290121   -0.769547365218
-0.452166986589   -0.822045288592   0.346101945582
0.996511097707   -0.0834565161139   0.0008013839654
-0.0101448435679   -0.130653958454   -0.991376151876
0.0828415019607   0.987909207507   -0.131044772926
-0.448870637081   -0.892450183299   0.0451555610464
-0.870918482211   0.425617378982   -0.245656989913
0.200018378423   -0.149596222143   -0.968298336316
0.10535493397   -0.987346401236   -0.118521889904
-0.0219407191342   0.11684824025   -0.992907402487
0.994192616782   0.107208157508   -0.00935255854168
0.365583991022   -0.32748005174   0.871266407637
-0.854756746514   0.252399948456   0.453525259174
-0.368428068491   -0.91052241715   -0.187642401835
0.43055556626   0.226443165703   -0.873696401761
0.448718407912   0.786203881023   0.424894398509
0.783117935016   -0.574984306038   0.236895240298
-0.441147439183   0.186998272022   0.877736039455
-0.88647223107   -0.243203204172   -0.393724727051
0.139842383559   -0.951779293435   0.273057265281
-0.767058633211   0.63468720499   0.0937719192915
-0.62273685154   -0.771697941938   0.129155208437
0.154336757641   0.0406743894199   0.98718071246
-0.606789770667   -0.744499134657   -0.278436921655
0.751782310369   -0.65129641447   0.103132159684
-0.258126787959   -0.146744413998   0.954901374843
0.0375389917662   -0.733402557358   0.678757314704
0.838977687374   -0.34586594122   -0.420110892331
0.542869453452   0.585232783282   0.602324943307
0.992530022705   0.108798663202   0.0551996829145
-0.0787167073459   0.225421950794   0.971076017775
0.0932085516088   -0.968167239271   0.232302326395
-0.758507867996   0.113767371565   -0.64165616785
-0.00900436094451   0.982719301685   0.184882919687
0.651601545468   0.146012868184   -0.744375918439
0.714743580701   -0.587430644381   -0.379561410461
-0.389799046862   -0.785188992969   0.481180866337
-0.580687807118   -0.195968265557   -0.790188703741
0.0644277827959   0.90826679703   -0.413401246218
0.877985372507   0.145314920382   0.456097966154
0.474332004638   -0.392345631401   -0.78808264412
-0.374183018307   0.849360357049   -0.3722552301
0.919267962697   0.392620768958   -0.028201098493
0.12220223084   -0.352754692486   -0.927701787511
-0.969106962342   0.238555865316   -0.0627488304251
0.159779729275   0.413274266473   -0.89648155327
-0.18792752515   -0.878805915071   -0.438627508321
0.605037932772   0.722198372837   -0.335199358985
-0.792517000679   0.505841005184   -0.340648911956
-0.0764585091925   0.471756704089   0.87840748434
-0.644440358274   0.203032346667   -0.737207295246
-0.355727730094   0.773820154951   0.524080303314
0.676871119194   0.59998354018   -0.426456716305
-0.808275076317   0.45825746347   -0.369575586826
0.417624440685   0.00391088785871   -0.908579375061
-0.414940771372   -0.888778235229   -0.194493679527
-0.973056433997   -0.130408272929   0.190145895042
0.202767341547   -0.0914140497529   0.974950875762
-0.109759665869   0.987237300399   0.1153932351
-0.594710304054   0.50518458043   0.625386460242
0.667861808881   0.74348441808   0.0345185348584
-0.447526858631   0.438200256397   -0.779551332731
0.927785856226   0.372803059796   -0.0152080413752
-0.367051067373   0.90463584133   -0.216581415978
-0.0669844747388   0.20652330235   0.976146098715
0.998182860378   -0.0502609420809   -0.0332387565324
-0.0109177945423   0.39162901016   -0.920058430798
0.0592602649084   0.91874945008   0.390368626931
-0.846927447934   -0.396360156946   0.354426035649
-0.524713514261   0.515214524315   -0.677665928488
0.0859937015836   -0.759903947001   -0.644325837647
-0.339625866282   -0.771049205447   0.538644286085
-0.411529992009   -0.393140332247   -0.822243290609
0.845752688337   -0.500923233694   -0.183789405394
0.435033812545   0.255944981697   -0.863271547457
0.371666565063   0.822218288299   0.431069664845
0.820127772191   -0.508379049411   0.262566564433
0.184305718345   -0.403380915123   0.896278519692
-0.949663921791   -0.308112343683   0.0566138825205
0.253317554058   -0.861597663275   -0.439863145758
0.0518614437364   -0.600501366544   -0.797940121937
0.998188785625   0.055562988424   0.023061690618
0.0304873362445   -0.797690918903   0.602295354907
-0.99832075228   0.0509080988618   -0.0297083043431
0.0294421081694   -0.00600086753924   -0.999578325492
-0.0510625121122   -0.998715190631   0.00443236823359
-0.610140416527   -0.107380959743   0.784982871701
0.338543448991   0.860435202579   0.380840655137
-0.716321933578   0.498117055464   -0.488633181124
-0.814863234452   0.572609027462   0.0900955898561
-0.0117823625117   -0.171760130981   0.985068471988
0.579533855418   0.801634343227   0.146707465278
-0.937691927357   -0.0120911978764   0.347255791657
0.254248417111   0.657315243878   0.709432325017
-0.236834381588   0.753518602502   -0.613284846244
-0.576240580257   0.171460924858   -0.799093769003
0.539264692181   -0.654929157963   -0.529400077138
-0.614119933058   -0.735983696255   0.284931615174
0.302980002396   -0.10192342387   0.947530871597
0.738145788149   -0.603783793962   -0.300975030318
0.602780169215   0.790605330809   -0.1077000854
-0.217410883179   -0.826931987331   -0.518571101177
-0.248544637487   0.560667972539   -0.789858838284
0.943905748379   -0.042835844421   -0.327424828849
0.945296382001   -0.154954270724   0.287060839734
-0.205667273406   0.39995621193   0.893160690005
-0.253210829892   -0.903340588872   0.34620813772
0.996884897205   -0.0368751218049   0.0697189144983
0.0446462626131   0.992544375017   -0.113412409693
-0.0650170199381   0.116171807378   0.991098833654
0.889797390068   -0.392215139049   -0.233297790841
-0.207889607924   -0.803464456619   0.55787658579
-0.406254212812   -0.447896928719   -0.796458011973
0.84842685052   -0.528957714218   0.0193809730089
0.528533469063   0.848595832867   0.0231838465884
-0.0287098872387   -0.00942630532838   0.999543339311
