-0.172054571619   -0.858897095829   0.482382619588
0.701300138324   0.237090533136   0.672284305641
-0.691791391166   0.453964591571   0.561552149327
0.788288608915   0.221698987945   -0.573977897128
0.261406276091   0.723799595983   0.638577248137
0.557016899625   -0.653424595315   0.5126094698
0.952857674342   -0.160913097289   0.257233800161
0.0536803169286   0.923817616965   0.379050702107
-0.298631338608   -0.347372978676   0.888904572028
-0.601400076546   0.750017577752   -0.27530218448
0.285867745027   -0.119762704083   -0.950755660269
-0.746054483312   -0.650484685633   -0.142380392209
0.553286852591   -0.726076246615   0.408273109553
0.561576961163   0.687131313842   0.46095755403
-0.61522757137   -0.0257649767669   0.787928420759
0.226164978102   -0.950451590796   -0.213286560009
-0.799172200937   -0.0558603218283   -0.598500953227
0.556931931546   0.305812640875   -0.772208137437
0.947173604552   -0.196281039131   0.253645332975
-0.105120704485   -0.937166609394   -0.33267069711
0.303004684372   0.288433543307   -0.908292706309
-0.995766065171   0.0735558236042   0.0552513088696
-0.0871664619049   -0.562354848382   -0.822295192578
-0.029413844306   -0.823624256947   0.566375124891
-0.990232125207   0.0347200363445   -0.135011957917
0.0279601431954   0.998273913434   0.0516470560655
0.136572105852   0.0473677852974   -0.989493671922
-0.868475452915   -0.25312384395   -0.426235154821
-0.492899322789   0.349169068952   0.79695069967
-0.0528993872839   0.902224184854   -0.42800866487
0.883484167531   0.0278646461163   -0.467631576021
-0.462406789934   0.211838599928   -0.860990355956
0.0750712329556   0.976907361997   0.200040849021
0.2196461804   0.666635220608   0.712287190282
-0.35456346933   0.734738345096   -0.578311604245
-0.908867594874   -0.125527080878   0.397746966735
-0.485537116783   0.774210384125   0.406027268657
0.836347451443   0.276139721242   0.47357448545
0.254524659404   0.569515701204   -0.781585851789
-0.831028338683   0.550262981821   0.081252859936
-0.534242516588   -0.830281855599   0.158796882999
0.154842855439   0.088556012881   0.983962152785
-0.000237732676342   0.53928296786   -0.842124592639
0.484558393771   0.73671813121   0.471645586867
0.87475888791   -0.407946414571   -0.261489230673
0.705667648851   -0.70098782062   0.103195182808
0.702626521593   0.673531245702   -0.229503013872
0.0913736371473   0.234460524536   0.967821843617
-0.169162421039   -0.930645519052   0.324473947616
-0.956066959653   0.234920484878   0.175352682198
-0.239416777758   -0.280555720603   -0.929499150597
0.064494687911   0.922259340126   0.381153744424
0.865016290982   -0.242114027539   0.439462918385
0.497581434215   0.301361161813   -0.813384428615
0.937023021675   0.024622266282   -0.348399011323
-0.0227245417343   -0.991104791021   -0.131161855468
-0.348527936169   0.130818886748   -0.928128746597
0.815046744821   0.143665077611   0.561301300542
-0.565514025764   -0.0135328820851   0.82462764441
0.126066217439   -0.989533835063   0.0702146843586
0.182059018833   -0.689844188678   -0.70069216791
0.982306125176   0.0957681970775   0.160944507755
-0.0439226053977   -0.717595605813   0.695073631479
-0.473838607496   0.378107348226   -0.795306123136
-0.838175377108   0.0833307410605   0.538997252899
0.270072274568   0.922003706413   0.2774349343
-0.252102645725   0.888011610871   0.384551211358
-0.171467715139   -0.432090305821   0.885379460651
0.952388092042   0.157268387277   0.261196431859
0.160282722411   0.772974081017   -0.613856748031
0.654858059861   -0.548596394816   -0.519809731984
-0.738559380458   -0.318672725702   -0.594118635913
-0.14900357536   0.432660260659   -0.889158578985
-0.916371992368   -0.39829952476   -0.0402466582372
-0.37156459915   0.808803140907   0.455825846094
0.94673016224   0.161524854874   0.278588803714
0.01748959375   0.838040293629   -0.545327957801
-0.32155266195   0.521150831052   0.790573019037
-0.0939308215519   -0.852631088525   -0.514001175086
-0.0137837177064   0.517348074608   -0.855664052157
0.995483294805   -0.0732883886384   -0.0603473512707
0.932842270591   -0.105553719012   0.344475992238
-0.0863676022565   0.862727298252   0.498239142707
-0.34977983662   -0.494530098626   0.795672070183
-0.956379690902   -0.255481103972   -0.141666345871
0.24212076275   -0.964555548347   0.104939030967
-0.163454838669   0.0660611041997   0.984336559684
0.187819281285   -0.126165489238   0.974066772985
0.286719774324   -0.941478173224   -0.177229683141
0.939423003721   0.312571366091   -0.14065350533
-0.331120328888   -0.247403441657   0.910577179864
0.860619710098   -0.474871375799   0.183931562604
0.386901767924   0.844564172925   0.370159896982
0.628998772125   0.516857932533   -0.580705121769
0.191893975462   -0.827088943029   -0.528299784506
-0.753350690616   0.220866108095   -0.619419865664
-0.340527371865   0.111090950939   0.933648637476
0.804556899044   0.5482790013   0.228206679715
-0.486548223553   0.828884125246   -0.276082973069
0.735949512862   -0.322126868792   -0.595493576753
0.491467532091   -0.350769148779   0.797132796288
-0.465658656585   -0.879315250874   -0.0998334918543
-0.991844206218   -0.0178115702652   0.126199952003
-0.117248209142   -0.260672169808   -0.9582807507
0.0499653617409   -0.96526260037   0.256458682492
0.726375836772   0.620258114718   0.296070966829
0.27919068136   -0.659916837699   0.697540211058
0.628037188161   -0.424016100788   -0.652517932145
-0.52002368046   0.39066207153   0.759577992557
-0.841711076673   -0.0831533200106   -0.533486773794
-0.14525165856   -0.916770865744   0.372066152465
0.379948092713   0.865441805491   -0.326572995866
-0.4424190756   -0.140026815375   -0.885809144527
-0.812345247949   0.481043615788   0.329685047873
0.728535302627   0.659787241336   0.18416519751
0.563534978743   -0.730123058646   0.386454143381
0.38944107582   -0.17776184454   -0.903733560414
0.602736526884   -0.796522296317   0.0475483841441
-0.748437620051   -0.543677454983   0.379810102175
-0.276676248089   -0.264512412359   -0.923841511405
0.479503516763   -0.844789950669   0.237500300669
-0.802374629796   -0.312476538436   0.508481620538
-0.355346882678   -0.434382946504   -0.827671623397
0.625633159024   -0.708657301211   -0.326171665762
0.0349664397602   -0.392212200655   0.919209904027
-0.779333352421   -0.586493247199   -0.220601717605
-0.168071286503   -0.591218149971   -0.788804894302
0.3317536649   0.71958821217   -0.610026487463
0.92827343383   -0.364216843002   0.0751966670708
0.892804217339   0.441728069936   0.0881870317391
0.320392265473   -0.485130594914   -0.813632135676
-0.316621914215   0.754668647958   -0.574652899042
-0.230307814422   0.802576341744   0.550299403625
0.634835817929   0.552507879374   -0.54010970534
-0.73752403502   0.224958274354   -0.636751088966
0.109592516237   -0.0543677740889   0.992488589287
0.875019389282   -0.468389566283   -0.122279353372
0.471519377232   0.881847672232   -0.00375911514266
-0.00267787804739   -0.72070168121   -0.693240184254
0.968598915504   0.170481200506   -0.180976053926
0.248614173465   -0.67195630655   0.697614310431
0.0911109738856   -0.507288699253   -0.856946315976
0.991237099067   -0.0364500400954   0.126966269433
-0.0956442694986   -0.861004991711   0.499522362167
-0.379147144294   0.333597875079   0.863110616057
0.558146661957   0.826415081123   -0.0742322155318
-0.73805134073   0.453597371928   -0.499529459092
-0.0968557130635   -0.995248860522   -0.0100074039281
-0.956532842322   0.0902983814012   0.277294688782
-0.275073379415   0.0364297748715   -0.960734166232
0.458204393842   0.102661202516   -0.882898304934
-0.232839522098   0.972484206838   -0.00776045740858
0.857807960039   0.20912949397   0.469500121636
-0.833052442371   -0.376048892645   -0.405694012442
-0.314268499521   -0.281798414509   0.906536663317
-0.455231492319   0.882700765872   0.116586673656
-0.713128701235   -0.128515644373   -0.689157840425
-0.313918946685   -0.820448569035   0.477835583613
-0.626825091058   0.557095754073   0.5447353282
0.0675425617169   -0.274972554412   -0.959076751003
0.683663342033   -0.687366401264   0.245218429264
-0.726665366421   -0.672248270813   0.14156205683
-0.897845776665   0.42448610014   0.116983912847
-0.440072268781   -0.856362187572   -0.270149791558
-0.0144942514985   -0.294034117777   0.95568502717
0.485355047147   -0.870349880246   0.083196309697
-0.549445446519   -0.229608215016   0.803361634951
-0.680103110779   -0.435627479811   -0.589651293883
-0.587856694211   -0.172113172195   -0.790442274881
-0.451623193405   -0.740836285265   0.497187357644
-0.671161996198   0.649257909755   0.357777445856
-0.345344926326   -0.89431572815   -0.284493073108
0.937635413207   -0.341626463666   -0.0642747189135
-0.0397084646245   -0.288947721872   0.956521015674
0.646580679666   0.360667922795   -0.672199429337
-0.544168672264   -0.399474726022   -0.737767167919
-0.534615637128   0.842815868027   -0.062028453868
0.756244477066   -0.571081134074   0.319313479013
-0.489592256539   -0.817670651814   -0.302849174225
0.434043986148   0.0726948299171   -0.897955972744
-0.695759620868   -0.400459776365   -0.596280448846
-0.613981554948   -0.0992320707507   0.783057822321
-0.372753345184   0.910925282572   -0.176833179649
-0.898607858468   0.206755440655   0.387018776085
0.0805877633119   -0.789269379157   0.608757183558
0.431320017721   0.578214392668   0.692557290014
0.575980991699   0.166889533369   0.800246051944
-0.358657300504   -0.828093922464   0.430842472362
0.734582058586   -0.535171167803   -0.417110172532
-0.446616592458   -0.464666150212   0.764603743373
0.428082563282   -0.861382867566   -0.27343141902
0.785670945465   0.205194519276   0.583623461517
0.771050218152   0.13205244819   0.622931542831
0.197168004311   0.880674544609   -0.430740202405
-0.605480250878   0.454944496415   0.653007782082
-0.634410517027   0.522824237515   -0.569366118343
-0.0471413261993   -0.761367490507   -0.646604112145
-0.771557292373   -0.383371881005   0.507666469522
-0.598643354712   -0.355201041882   0.717954380072
-0.518872654621   0.854796028571   -0.00974322200714
-0.610243754827   -0.378359593423   -0.69602207173
0.574875453984   0.530170065277   -0.623247763743
0.0820742593344   -0.795212850983   -0.600749323292
-0.814114174475   0.294203391151   -0.50066154626
0.910734531528   0.405289568415   0.0793905352262
0.388923086634   -0.906326477038   0.1652529879
0.13892920511   -0.119624759397   -0.983049280853
0.676504493546   0.735037521909   -0.0454040019123
0.308519796918   -0.226889842886   0.923762187377
0.668698150823   -0.638937309369   -0.38026562834
0.229197876587   -0.175042430397   -0.957511610889
0.784244825605   0.615885558419   0.0751334443856
0.576566033459   -0.768143950386   0.27843578137
-0.266188699332   0.255973601385   -0.929312164097
-0.330724662499   0.881319729238   0.337485900577
0.905408626289   0.397181382831   -0.149940570107
-0.173039238698   0.0921104116423   -0.980622994286
0.0497056631429   -0.993573439497   -0.102094857809
-0.983684467655   -0.0664054591626   0.167300670261
0.558774803049   -0.823635028341   -0.0969332509826
0.358198536895   0.134272869901   0.923939714429
-0.747973611314   -0.550995578769   0.370053161913
0.196861525385   0.896552673239   -0.396785636035
0.322082987685   0.323105564437   0.889868159209
0.926017324838   -0.302978705253   -0.225157308867
-0.478375459089   -0.613165858049   0.628637216935
0.155787375908   -0.763762787399   -0.626415945299
0.864226482759   -0.201728217013   0.460888691376
0.18813486855   0.476769125967   -0.858659691597
0.791341698676   0.444231315096   0.420043867547
0.58170747063   -0.758518117945   -0.293711889684
0.235830462391   0.536027666124   -0.810591348639
0.350198026689   0.731199735085   0.585412922329
0.906501701841   -0.421925690942   -0.0152766593055
0.273332022255   0.250921602528   -0.928616135917
0.771025563757   -0.634378323301   0.0555307300863
-0.575160115561   -0.731165119064   -0.366862861486
0.948769872974   0.305784699062   -0.0795701244892
0.256383535007   -0.892225906106   -0.371751115687
-0.184670435828   0.332305773132   -0.924915214233
0.737459990498   0.593489324519   0.322371170346
0.00463029028247   -0.481742035761   0.876300804592
0.675374940459   -0.644744105362   -0.358013495678
0.607640242586   0.0211753428166   0.793929996313
0.364281767253   -0.895721176615   -0.254915432811
0.705742182554   0.444111122012   -0.551989929235
-0.74179826468   0.534476592363   -0.405055999038
-0.202369497   0.397439523447   0.895035474335
0.6393607564   0.74590662006   -0.186658274604
-0.783725168217   -0.400414138375   -0.474809329394
0.366283626022   -0.915335527763   0.167325240583
-0.501609097604   -0.0427778986986   0.864036112834
0.0239637752821   -0.973619585052   -0.226915570209
0.908220822796   -0.0736584306647   0.411958020981
-0.417804630706   -0.215961518828   0.882496411976
-0.623017983166   0.568940966372   0.536800519101
-0.638271183725   0.0269407764317   -0.769340046599
-0.452170893081   -0.821936973288   0.3463540192
0.996579829887   -0.0826291773555   0.00103047391
-0.00983357393121   -0.13096453672   -0.991338310334
0.0820484225971   0.987937631514   -0.131329155924
-0.447916159078   -0.892918902852   0.0453342105238
-0.871445197083   0.424693915079   -0.245384750201
0.199856514016   -0.149419677688   -0.968356933755
0.105703922817   -0.987409637862   -0.117681219158
-0.0209298632979   0.116108820721   -0.993015943665
0.994177349927   0.107428723377   -0.00839318298988
0.366343942494   -0.327995546701   0.870753137488
-0.854658939484   0.251393747216   0.454267837717
-0.36789971767   -0.910615227507   -0.188227747988
0.43156097491   0.225585799641   -0.873422098734
0.449010875053   0.786046566961   0.424876482195
0.782396542452   -0.575536130958   0.237936545634
-0.441050117956   0.1867830725   0.877830787142
-0.886471363754   -0.243409482278   -0.393599233859
0.140154658397   -0.951768837207   0.272933616655
-0.766805905022   0.63506054036   0.0933103126469
-0.622956165153   -0.771332255716   0.130277273294
0.154707209486   0.0417691478995   0.987077006935
-0.607222944717   -0.744204339247   -0.278280729204
0.751231554289   -0.651809229514   0.103903063707
-0.25871106401   -0.145960940846   0.954863334824
0.0374201923942   -0.733170104368   0.679014965826
0.838676678793   -0.34641341073   -0.420260838641
0.543342575365   0.585200258123   0.601929815065
0.992571084003   0.10829658153   0.0554481159758
-0.0788290491467   0.225287592247   0.97109807689
0.0926748301697   -0.968254793098   0.23215086626
-0.75855607675   0.112958984833   -0.641742221057
-0.0105455756075   0.982602382357   0.185422086951
0.651522525609   0.14742057943   -0.744167791845
0.714627154832   -0.587488178112   -0.379691604557
-0.388612065413   -0.784764301241   0.482831162931
-0.581625942173   -0.197491543768   -0.789118895981
0.0637616963935   0.907962834338   -0.414171441084
0.877709245184   0.146485576999   0.456254860513
0.474932597393   -0.392613688357   -0.787587205148
-0.373613537562   0.849276235607   -0.373019817043
0.919404855278   0.39234387179   -0.027594085186
0.122917128038   -0.353265618309   -0.927413695654
-0.969299137627   0.237914074106   -0.0621589679856
0.159009236736   0.413609600619   -0.896462739014
-0.187571070774   -0.878820956253   -0.438744137436
0.605542644939   0.721848427288   -0.335041737529
-0.792085886963   0.505992553253   -0.341425686842
-0.0769289642298   0.472129643196   0.878166008453
-0.644200378097   0.20333411377   -0.737333844995
-0.356011429614   0.773505341002   0.524352325768
0.676950384284   0.600287212701   -0.425903176496
-0.808764135067   0.45794943395   -0.369043906904
0.416978363422   0.00394480666699   -0.908911037239
-0.414777209735   -0.888972747119   -0.194150105552
-0.973125721675   -0.130231091917   0.189913655053
0.202479576527   -0.0911050445895   0.975039715632
-0.109678415228   0.987289364203   0.115025244239
-0.595515324598   0.504451343278   0.625212511369
0.666849264363   0.744390643302   0.0345641994505
-0.4479664058   0.437505962852   -0.779689050445
0.927876918945   0.37257576574   -0.0152224491179
-0.366886788714   0.904892415047   -0.21578647461
-0.0666221317664   0.205808204746   0.976321911415
0.998185786908   -0.0501258966152   -0.0333545991106
-0.0110914154548   0.391412318376   -0.920148558763
0.0591786726491   0.918849162909   0.390146245883
-0.846519245166   -0.396695012665   0.355035266991
-0.525355363703   0.514570483094   -0.677659253244
0.0861319668249   -0.760166684751   -0.644001868896
-0.33996569276   -0.77012301473   0.539753669359
-0.410758803171   -0.394702130418   -0.821880522823
0.845990949728   -0.501119676685   -0.182149713639
0.434629811009   0.254684546842   -0.863847617695
0.3723501655   0.822547616054   0.429849709582
0.820031876972   -0.50847930162   0.262671881756
0.185249067642   -0.403262618206   0.896137328791
-0.949385854624   -0.308846452558   0.0572754536754
0.25367173736   -0.861390294414   -0.440065371478
0.0519082989171   -0.600618973262   -0.797848587667
0.99820570659   0.0550835638941   0.0234767913251
0.0298477338647   -0.797635657025   0.602400587493
-0.9982409396   0.0513037389358   -0.0282331960251
0.0279587807348   -0.00603721971176   -0.999569228054
-0.0514538003107   -0.998643210292   0.00463535888353
-0.611297571791   -0.106853453004   0.78415410872
0.338369312203   0.860421504815   0.381026307179
-0.715417035861   0.498254129721   -0.489817651093
-0.814571758961   0.57309236134   0.0896508345255
-0.0123584555596   -0.171664776235   0.985077665213
0.579930509056   0.801308856371   0.146916240027
-0.937941798347   -0.0121534564089   0.346579275731
0.253651974301   0.657462589083   0.709509386856
-0.236485891338   0.753389134247   -0.613578846408
-0.576172073317   0.171973314701   -0.799032415224
0.539443087397   -0.654428925843   -0.52983573815
-0.614026690794   -0.736308313814   0.284292355678
0.302976947925   -0.102021653871   0.947521238804
0.738472569068   -0.603324901117   -0.301093351127
0.602381258488   0.790942806719   -0.107453298805
-0.21679806868   -0.827085066813   -0.518583480185
-0.248714778798   0.5604845348   -0.789935454344
0.944001849825   -0.0422771271222   -0.327220235489
0.945276199878   -0.155743255988   0.28670009604
-0.204965710417   0.400222945062   0.893202475248
-0.253854218812   -0.903086730303   0.346399197499
0.996788480987   -0.0377356806236   0.0706310315521
0.0457277013523   0.992290219812   -0.115191566897
-0.0657396496741   0.11805142169   0.990829026828
0.889981978645   -0.391391859005   -0.23397539279
-0.20603586788   -0.802899618349   0.559375836384
-0.406793919416   -0.449627087582   -0.795206949154
0.848019203758   -0.529610339287   0.0193988832378
0.529190954086   0.848190618867   0.0230131761208
-0.0286419668502   -0.00924990167472   0.999546935891
