-0.172211779479   -0.858883082183   0.482351444813
0.701244772164   0.237002579507   0.672373052846
-0.691808380035   0.454037007104   0.561472659477
0.788322825276   0.221645233058   -0.573951659295
0.261527177714   0.723672878982   0.638671348129
0.556911709216   -0.653583159412   0.512521596287
0.952886380326   -0.160779803811   0.257210812003
0.0535317288657   0.923791946437   0.379134270696
-0.298566409915   -0.347502943726   0.888875584759
-0.601342502826   0.750167767142   -0.275018677257
0.285409192179   -0.119816955227   -0.950886597136
-0.746276453279   -0.650301506022   -0.142053629068
0.553001431779   -0.726379027721   0.408121204069
0.561803588513   0.686812303701   0.461156787096
-0.615277284691   -0.0257364029754   0.787890536197
0.226222005752   -0.950472462958   -0.213132947092
-0.799017954653   -0.0559221559923   -0.59870105639
0.557130024428   0.305736396165   -0.772095383809
0.947172414463   -0.196180100713   0.25372779801
-0.104960802171   -0.937147705565   -0.332772863943
0.303063784386   0.288561808031   -0.908231683557
-0.996809256049   0.0700647387502   0.0385433559431
-0.0707949172857   -0.549076903182   -0.832778931715
-0.037185179709   -0.832840682127   0.552267051733
-0.990247911312   0.0343146860715   -0.135051065707
0.0275657098856   0.99829090624   0.0515306156791
0.136588504887   0.0473051269269   -0.989501397917
-0.86831466526   -0.253366583527   -0.426423265634
-0.493167841375   0.349002012152   0.796858643502
-0.0530745452619   0.902221476048   -0.427996337765
0.883494334891   0.0277720632666   -0.46761787298
-0.462372843299   0.211866146109   -0.861001803847
0.0751606040932   0.976904020337   0.200023586616
0.219791367115   0.666505874065   0.712363444359
-0.354457794759   0.734874206699   -0.578203746762
-0.908873714416   -0.125418582644   0.397767208272
-0.485814525277   0.774033486472   0.406032118113
0.836172937975   0.276268238894   0.473807387889
0.25456774524   0.569693588555   -0.781441794945
-0.830923665686   0.550477906741   0.0808710003233
-0.534526482545   -0.830141954384   0.15857476991
0.154426305923   0.0885358254268   0.984029433121
-0.000197634762443   0.538915066235   -0.842360103508
0.484552113526   0.736916544795   0.471341981593
0.874762391667   -0.408074215945   -0.261278074713
0.705367017208   -0.701226876752   0.103625477106
0.70296902798   0.673227323914   -0.229345846507
0.091059968621   0.234618496564   0.967813124167
-0.168856476419   -0.930694884383   0.324490953268
-0.956034428203   0.234738011094   0.175772990218
-0.239761378585   -0.280544121631   -0.929413384768
0.0642264488628   0.922285157014   0.381131502098
0.864989000131   -0.241906233181   0.439625204397
0.49765968532   0.301440507961   -0.813302548339
0.937081879926   0.0248690510126   -0.348222510091
-0.0224706547377   -0.991091921013   -0.131250452597
-0.348385498993   0.130817208092   -0.928175292585
0.815061628034   0.143764596226   0.561254201749
-0.565475110171   -0.0135203974838   0.824654518286
0.126144511918   -0.989519537767   0.0702753469001
0.181767763272   -0.689962746833   -0.700651060362
0.982360301282   0.0955881386444   0.16072077809
-0.0439174096481   -0.717505636233   0.695166836535
-0.473629865055   0.378234375745   -0.795370001673
-0.83818424818   0.0836968130444   0.538926680612
0.270410518766   0.921918411779   0.277388824281
-0.251866066628   0.888140940814   0.38440752936
-0.17152785346   -0.431892298973   0.885464415851
0.952439853674   0.157081843319   0.261119927661
0.160147659012   0.773083158485   -0.613756551197
0.655011125556   -0.548392517016   -0.519836187481
-0.738454534462   -0.318765848993   -0.594202767892
-0.148608156743   0.43264478168   -0.889232324259
-0.916374268919   -0.398256245709   -0.0406224540705
-0.371717409985   0.808832787043   0.455648656519
0.94675891604   0.161260631021   0.2786441542
0.0177134071405   0.838103396017   -0.5452237481
-0.321455737225   0.521131182301   0.790625387481
-0.0941029483578   -0.852728130708   -0.513808681656
-0.0137010360537   0.51715926558   -0.855779511162
0.995468185257   -0.0734916676365   -0.0603494684319
0.932915198292   -0.105619478018   0.344258273933
-0.086201141567   0.862718333514   0.49828349487
-0.349626366999   -0.494531701644   0.795738525604
-0.95638376158   -0.255386197638   -0.141798079147
0.242007246542   -0.964576479211   0.104992416668
-0.16358880712   0.0660969363333   0.984311884925
0.187602862561   -0.125980695278   0.974132571397
0.286976987928   -0.94143969015   -0.177020006955
0.939387891469   0.312763071477   -0.140463454951
-0.331168871535   -0.247403570673   0.910559492133
0.860704383591   -0.474665083259   0.18406779451
0.386671798251   0.844680094548   0.370135689291
0.619994333888   0.516084949408   -0.590985044613
0.193797538911   -0.830615442324   -0.522034832242
-0.760295673981   0.209127179381   -0.614992839013
-0.340658932366   0.111168720559   0.933591491087
0.804480389491   0.548373665495   0.228249091489
-0.486582839386   0.828811112625   -0.276241455523
0.735768625903   -0.32236058733   -0.595590616365
0.491473275214   -0.350902478894   0.797070559839
-0.465938354631   -0.87917638125   -0.0997514224605
-0.991440384718   -0.030469115332   0.127087468011
-0.114228743568   -0.27042646138   -0.955951241366
0.0634931937885   -0.962269512526   0.264609934785
0.726147627452   0.620432536397   0.296265263749
0.279383491072   -0.659998862183   0.697385446693
0.628215332223   -0.423633171652   -0.652595223888
-0.520078578275   0.390648742411   0.759547141989
-0.8416680496   -0.0831164407558   -0.53356027946
-0.145303802888   -0.916779819579   0.372023626971
0.379891653592   0.865451510652   -0.326612978157
-0.442374293105   -0.140117716253   -0.885817166889
-0.812396048482   0.480999741232   0.329623928878
0.728511416895   0.65979433407   0.184235429021
0.5634294187   -0.730084925582   0.38668357983
0.389638995382   -0.17789979622   -0.903622767154
0.602664939263   -0.796601592449   0.0471267197995
-0.748441218285   -0.543768196239   0.379673676563
-0.276822628382   -0.264087600636   -0.923919494464
0.479665178798   -0.844765767316   0.237259670103
-0.802269026498   -0.31271891493   0.508499145814
-0.355367080367   -0.434255420856   -0.827729784193
0.625516374242   -0.708647446805   -0.326417035234
0.0350805352388   -0.392401801378   0.919124721522
-0.77942199148   -0.586378456121   -0.220594034319
-0.168088468387   -0.591375883397   -0.78868299347
0.331594143335   0.719523569608   -0.610189449905
0.928327325763   -0.36408845794   0.0751531572939
0.892767809348   0.441771729183   0.0883367463344
0.320501221609   -0.484992800616   -0.813671303413
-0.316614289642   0.754731582978   -0.574574339267
-0.230383903586   0.802604971888   0.550225742149
0.63485145426   0.552497782101   -0.540101636451
-0.737486772252   0.224880870182   -0.63682152688
0.109472604952   -0.0542182315387   0.992510035278
0.87500702699   -0.468458807591   -0.122102870393
0.471570238115   0.881820158314   -0.00384210130016
-0.00310895556094   -0.7209055406   -0.693026356162
0.968568684444   0.170205072608   -0.181397166864
0.248726822673   -0.671807584182   0.697717375327
0.090791038201   -0.507311217956   -0.856966940027
0.9912791918   -0.0364939487182   0.126624560418
-0.0955121566466   -0.860989862619   0.499573714118
-0.379214927809   0.333530654945   0.863106731529
0.55836056713   0.826292904105   -0.0739831045132
-0.737854596023   0.453869281723   -0.499572967488
-0.0966854877526   -0.995263333853   -0.0100458315507
-0.956486697729   0.0901191434352   0.277507055149
-0.275287521531   0.0364398803264   -0.960669313274
0.458138057598   0.102230688498   -0.882982672538
-0.232805209294   0.972488830999   -0.00819803499643
0.857852696096   0.20931879892   0.469333981134
-0.833094060283   -0.37593687858   -0.405728853471
-0.314255607981   -0.281932328962   0.906504654214
-0.455178923137   0.882711016461   0.116741870924
-0.713146059214   -0.128416397523   -0.689152546808
-0.313949995589   -0.820471475438   0.47776691018
-0.626783379004   0.557077237949   0.54480029578
0.0675985235872   -0.2745597161   -0.959191015758
0.683672865516   -0.687449719509   0.24495775388
-0.726651123562   -0.672331652181   0.14123843913
-0.89782619197   0.424550533349   0.116898728718
-0.440107911771   -0.856326778718   -0.270203267488
-0.0146114386649   -0.294043575678   0.955680328029
0.485434717558   -0.870317715482   0.0830673430201
-0.549464780168   -0.229803286371   0.803292501938
-0.680030561602   -0.435588639009   -0.589763421776
-0.587744262233   -0.171968246713   -0.790557357142
-0.451784382477   -0.74083978859   0.497035564719
-0.671151908705   0.649292232333   0.357734025024
-0.345391048822   -0.894313389135   -0.284444496874
0.937624519991   -0.341629434713   -0.0644179711154
-0.0395647482016   -0.288951514106   0.956525826095
0.646556046975   0.360763070492   -0.672172059166
-0.544167670102   -0.399414474998   -0.737800509919
-0.534646441089   0.842803685676   -0.0619282367438
0.756180673686   -0.571040217767   0.319536782724
-0.489456390033   -0.81769421001   -0.302998108704
0.434307642204   0.0727219452076   -0.897823807598
-0.695725849226   -0.400750251441   -0.596126330711
-0.613938512234   -0.0990690491937   0.783113024127
-0.372889889099   0.910815975558   -0.177111984542
-0.898646343307   0.2068995357   0.386879020579
0.0803969100558   -0.789251165323   0.608821986666
0.431299352295   0.578204511156   0.692580819222
0.575999289684   0.167066296108   0.800195989709
-0.358487571113   -0.828115174604   0.430942812333
0.734650549989   -0.535083076586   -0.417102513352
-0.44673622503   -0.464655267108   0.764540799337
0.428136302125   -0.861384248825   -0.273344114362
0.785573967176   0.205214962424   0.583746929812
0.77082011948   0.131977111525   0.623232206422
0.197391182608   0.880678440728   -0.430630008081
-0.605700472277   0.454958816668   0.652793542791
-0.634555750446   0.52279238751   -0.569233353332
-0.0472861121053   -0.761393472819   -0.64656280058
-0.771428878501   -0.383363471203   0.507867877734
-0.598635725325   -0.355120822044   0.718000115225
-0.518917991968   0.854766855301   -0.00988498933057
-0.610212324789   -0.37850072279   -0.695972555724
0.574884346442   0.530429065846   -0.623019295264
0.0823119661438   -0.795046386695   -0.600937755263
-0.81408401065   0.294187782848   -0.50072042229
0.910611446973   0.405603653921   0.0791991666341
0.389252967371   -0.906179157306   0.165294594745
0.1388126776   -0.119690649529   -0.983059542275
0.676335510448   0.73517433547   -0.0457050594404
0.308633841505   -0.226499684382   0.923819768181
0.668816423146   -0.638918233165   -0.380089453385
0.229224875917   -0.175208613538   -0.957474746725
0.784210130311   0.615941984941   0.0750329196041
0.57660248039   -0.768060810905   0.278589596801
-0.26590974628   0.255685974797   -0.929471183563
-0.331103007356   0.881302526814   0.337159686195
0.905352305626   0.397404753077   -0.14968853536
-0.17308063054   0.0921145267055   -0.980574847828
0.0501927509174   -0.993471576573   -0.102187442599
-0.983612121712   -0.0669066486941   0.167358020757
0.558779389655   -0.823586682585   -0.0973168763811
0.358468552324   0.134044015601   0.923868230668
-0.74784082207   -0.551123567733   0.370130955618
0.196905167854   0.896561988453   -0.396742962681
0.321867861609   0.323123039833   0.889939660835
0.926082856573   -0.302932535601   -0.224949897232
-0.478460579461   -0.612986396315   0.628747476043
0.155647431252   -0.763889145448   -0.626296681392
0.864204598369   -0.201795277225   0.460900384673
0.188085131521   0.476821986622   -0.858641229156
0.79122376222   0.444390921368   0.420097198487
0.581883944985   -0.758391383886   -0.293689560546
0.235659572514   0.536020431425   -0.810645831898
0.350201371815   0.731260832956   0.585334600033
0.90654485099   -0.4218289842   -0.0153864751357
0.273222387929   0.250988399999   -0.928630216183
0.771032905595   -0.634380876109   0.0553945142389
-0.575202150406   -0.731139601433   -0.366847187501
0.948745662707   0.305911593448   -0.0793711318679
0.256589167129   -0.892207639769   -0.371655718429
-0.184509292156   0.332240982907   -0.924971731623
0.737371603232   0.593685192542   0.32221271047
0.00489995630591   -0.481696391165   0.876324534265
0.675469561905   -0.644598007353   -0.358098286349
0.60758180533   0.0212331700774   0.793973400958
0.364579922304   -0.895564795555   -0.255042013864
0.705638780959   0.444425585528   -0.551870305794
-0.741822732074   0.534493460858   -0.404988269258
-0.202308461463   0.397409562636   0.895062472892
0.639351268363   0.745910372805   -0.186674805973
-0.783868716371   -0.400126663422   -0.474812462865
0.366095545317   -0.915455914294   0.167071205828
-0.501519963084   -0.0428647796772   0.864083453337
0.0239300157026   -0.97353328763   -0.227288956114
0.908120021238   -0.0738987378384   0.412137087204
-0.41802554793   -0.216268096349   0.882316694304
-0.622952958876   0.568979907105   0.536834647905
-0.63833398812   0.0269400917941   -0.769287936206
-0.452171752204   -0.821910016055   0.346416825597
0.996596833247   -0.0824230665633   0.00109081272635
-0.00975304174359   -0.131045858208   -0.991328300157
0.0818512672525   0.987944005809   -0.131403762825
-0.447678116511   -0.893038448593   0.0453789006753
-0.87157880952   0.424459853659   -0.245318719152
0.199818152545   -0.149376117591   -0.968374635745
0.105792805298   -0.987425201747   -0.117470436992
-0.0206775136171   0.115923390016   -0.993042878684
0.994173160492   0.107485763851   -0.00815361600819
0.366535429153   -0.328123615762   0.870624313874
-0.854633466979   0.251142615568   0.454454675498
-0.367768188195   -0.910638406692   -0.188372760628
0.43181197858   0.225369931662   -0.873353777778
0.449084521735   0.786007549879   0.424870837347
0.782215775598   -0.575673978909   0.238197327101
-0.441024173564   0.186730266015   0.877855044196
-0.886472090681   -0.243459757742   -0.393566477689
0.140231605957   -0.951766330394   0.272902812833
-0.766741289301   0.635155622051   0.0931939020853
-0.623012717678   -0.77123903941   0.130558300994
0.154799616347   0.0420434551752   0.987050873285
-0.607332477666   -0.744129311914   -0.278242460074
0.751092720156   -0.651938642803   0.104095007873
-0.258857152047   -0.145765606665   0.954853582394
0.0373907474588   -0.733112390582   0.679078937309
0.838602547105   -0.346548646099   -0.420297360761
0.54345905854   0.585192554848   0.601832157188
0.992581330456   0.108171326386   0.0555091572488
-0.0788561279907   0.225253476475   0.97110379374
0.0925419551815   -0.968276732802   0.232112367367
-0.758568301033   0.112750953575   -0.641764116124
-0.0109346410729   0.982573557652   0.1855522452
0.651501643821   0.147771528185   -0.74411626148
0.71459993787   -0.587499473564   -0.379725559639
-0.3883132677   -0.784660796797   0.483240634953
-0.581859036373   -0.197871356452   -0.78885249714
0.0635938459914   0.907886748386   -0.414363957379
0.877639238906   0.146780061534   0.456294853043
0.475084417131   -0.392679613281   -0.787462726255
-0.373473037099   0.849254647918   -0.373209645826
0.919438223071   0.392276216657   -0.0274439248453
0.123094478768   -0.353392640055   -0.92734179416
-0.96934499981   0.237751672117   -0.062009145698
0.158813173024   0.413692494016   -0.89645809213
-0.187481646618   -0.878824713624   -0.438769052256
0.605670781575   0.72176034022   -0.334999884998
-0.791976503843   0.506033050647   -0.341619346903
-0.0770462784518   0.472220893337   0.878106657038
-0.644139123347   0.203407217627   -0.737367032754
-0.35608426773   0.773427297248   0.524417952704
0.676970185053   0.600362972426   -0.425764650433
-0.808833986027   0.457859498187   -0.368898723021
0.416803520842   0.00398313516926   -0.908967887263
-0.414724502459   -0.888995205264   -0.19402976067
-0.973143089739   -0.130186998447   0.189851870659
0.202403760353   -0.0910258141172   0.975062532253
-0.109659040449   0.987302167244   0.114931557081
-0.595718357305   0.504265197347   0.625168908636
0.666593082975   0.744619446481   0.0345764084029
-0.448077242572   0.437331084   -0.779723164107
0.927900919975   0.372515918658   -0.0152241341248
-0.366842357471   0.904957924112   -0.215587202628
-0.0665324633419   0.205628420989   0.976365906921
0.998186578418   -0.0500925841412   -0.0333809480394
-0.0111324690884   0.391354440163   -0.920172687324
0.0591576099073   0.918875638691   0.390087095428
-0.846411935302   -0.396780463546   0.355187576811
-0.525516750901   0.514407626473   -0.677656658344
0.0861689938109   -0.76023132389   -0.643916674132
-0.340053066349   -0.769889110437   0.540033064442
-0.410566532722   -0.39509462214   -0.82178856497
0.846049688416   -0.501170710375   -0.181738168262
0.434527211506   0.254367067385   -0.863992753448
0.372518940735   0.822632510766   0.429540900165
0.820009586392   -0.508500876254   0.262699660592
0.185486060175   -0.40323326551   0.896101450939
-0.949315553537   -0.309031445075   0.0574410475335
0.253761416693   -0.861337580577   -0.44011661712
0.0519188181899   -0.600649164913   -0.797825177391
0.998210026027   0.0549604654967   0.0235815150841
0.0296846244438   -0.797621416842   0.602427503582
-0.998410533772   0.0514069928267   -0.0278680192288
0.0275915155598   -0.00614176009495   -0.999661582654
-0.0515559276547   -0.99872012729   0.00459149916087
-0.611588329013   -0.106722128808   0.78394519888
0.338323491395   0.860418796795   0.38107309909
-0.715190116538   0.498286944343   -0.490115488672
-0.814498668707   0.573214179958   0.0895379316134
-0.0125039050997   -0.171639867769   0.985080281954
0.580030335121   0.801227192144   0.146968083672
-0.938004956055   -0.0121692723042   0.346408658694
0.253501504994   0.657499696666   0.709528855846
-0.236398047734   0.753356568382   -0.613653105036
-0.586839016696   0.183499678863   -0.788638202945
0.512543395056   -0.669826964244   -0.537246320944
-0.626834599773   -0.71948746274   0.299027133058
0.30297545401   -0.102045654563   0.947519156009
0.73855488071   -0.603209880926   -0.301122085112
0.602281126053   0.791027500374   -0.10739146476
-0.216646495241   -0.827120178879   -0.518590815877
-0.248755001963   0.560443168646   -0.789952136457
0.94402604499   -0.0421383267935   -0.327168320324
0.945271026277   -0.155941806857   0.286609210145
-0.20478934807   0.400288783148   0.893213417079
-0.254015766013   -0.90302327678   0.346446167893
0.996764135702   -0.0379523640311   0.0708581381491
0.0459998058343   0.992226151214   -0.11563426165
-0.0659187040278   0.118519545513   0.990761243439
0.890029126922   -0.391183236526   -0.234144879619
-0.205569261597   -0.802757860687   0.559750863838
-0.406926808993   -0.450061580611   -0.794893124795
0.847916559468   -0.529774542208   0.0194021173869
0.52935648406   0.848088574834   0.0229669669511
-0.0286220284994   -0.00920343493502   0.999547935953
