-0.173484378955   -0.858766451717   0.482103094177
0.700789794087   0.236298317553   0.673094938917
-0.69195149867   0.454624365492   0.560820671351
0.788582862396   0.22118809136   -0.57377077124
0.262532793604   0.722659295727   0.639406033213
0.556069781567   -0.654858283346   0.511807608424
0.953118848207   -0.159739332362   0.256997680355
0.0523807759446   0.923584516896   0.379799810158
-0.298028046202   -0.348532619967   0.88865308104
-0.600886589169   0.751379861029   -0.272697785048
0.281759215982   -0.120158262504   -0.951931754605
-0.748029091505   -0.648837903993   -0.139506944474
0.550686717828   -0.728829397086   0.406880634472
0.563653753873   0.684220709886   0.462748816622
-0.615661097124   -0.0254898309583   0.787598681393
0.226704345056   -0.950641414959   -0.21186313352
-0.797756216365   -0.0564530552428   -0.600331574827
0.558739748389   0.305112898202   -0.771178249235
0.947163776498   -0.195339072705   0.254407924299
-0.103643205227   -0.937004745621   -0.333584924051
0.30354378808   0.289591889075   -0.907742493698
-0.996797426407   0.0704550844906   0.0379967466679
-0.0705838325144   -0.549718977756   -0.832368240282
-0.0377570427272   -0.832379147932   0.55292153281
-0.990304898645   0.030999695014   -0.135399534186
0.0243408019354   0.998424288111   0.0505614926117
0.136753575126   0.0467756141919   -0.989499019567
-0.867004665921   -0.255309125725   -0.427928050725
-0.49531488711   0.347657914376   0.796114266791
-0.054482372223   0.902192891517   -0.427880104428
0.883601941415   0.0270213300879   -0.467458507598
-0.462052467972   0.212064353477   -0.86112497542
0.0758625431051   0.976882057452   0.199865746926
0.220959364161   0.665450568057   0.712988421157
-0.353607450866   0.735976878042   -0.577321229092
-0.908921733662   -0.124553491882   0.397929265498
-0.47919000235   0.774660329334   0.412651699626
0.837276319972   0.262383802763   0.479713096133
0.263340872371   0.575376107207   -0.774336909892
-0.830059694518   0.552217366132   0.077824225869
-0.53680974063   -0.829000729497   0.156820977774
0.151115624454   0.0883939887551   0.984556026078
0.00011777854751   0.535933550896   -0.844260168318
0.484541234078   0.738501545355   0.468865934295
0.874768423792   -0.409134086686   -0.25959492451
0.702908630301   -0.703174708227   0.107073782555
0.705748738905   0.670757146182   -0.228042927912
0.0885335119283   0.235860529014   0.967745642698
-0.166395710972   -0.931087996257   0.324634379291
-0.955773796333   0.233261218377   0.179124449866
-0.242505231357   -0.280471498591   -0.92872317493
0.0620540969756   0.922512009536   0.380952298641
0.864784553443   -0.240261120489   0.44093906448
0.498297840357   0.302078093744   -0.812684058171
0.937544694128   0.0268724966454   -0.346824624448
-0.0203987699342   -0.991041171614   -0.131929890565
-0.347265520005   0.130764959999   -0.928596730961
0.815194128988   0.144569496005   0.560854877689
-0.565141236097   -0.0134254923338   0.82488492808
0.126782949427   -0.989403568892   0.0707578004609
0.179388622773   -0.690905933941   -0.700334700088
0.982798869049   0.0941012381611   0.158906631525
-0.0438871814712   -0.716794199888   0.69590227962
-0.471936372386   0.379248777119   -0.795893422083
-0.838268867048   0.0866110157958   0.538334268849
0.273095735593   0.921232241909   0.277037602773
-0.249965401137   0.88917536604   0.383255008643
-0.172018725996   -0.430305321264   0.886141531588
0.95285192508   0.15557771218   0.260516306366
0.159039775804   0.77394852983   -0.612954436721
0.656253853907   -0.546717347866   -0.520035341691
-0.737590907993   -0.319545850467   -0.594857979902
-0.145438595311   0.432528136576   -0.889812886995
-0.916389586126   -0.397902244343   -0.0436333207388
-0.372931212467   0.809069311808   0.454234669072
0.946995288923   0.159111450056   0.279076102382
0.0195200188106   0.838620709026   -0.544365943496
-0.320653852815   0.520959555085   0.791064002055
-0.0955121743754   -0.853511441762   -0.512245654545
-0.0130429689607   0.515627164113   -0.856713776077
0.995342791595   -0.075145405317   -0.0603809870942
0.933500404001   -0.106174172027   0.342496775582
-0.084841915531   0.862635336696   0.498660331281
-0.348394669102   -0.494557703225   0.796262415176
-0.956445713684   -0.254587324074   -0.142809165079
0.241065753886   -0.964767744054   0.105394774159
-0.164610040743   0.0663780877786   0.984122687575
0.185818267991   -0.124486778463   0.974666437495
0.289054940854   -0.941123602563   -0.175310375401
0.939105352748   0.314308015398   -0.138894490144
-0.331568750189   -0.247397439078   0.910415616029
0.861379443213   -0.473007157538   0.185174507991
0.384821441167   0.845611406461   0.369937523356
0.619358444888   0.517469829011   -0.590440558917
0.19415243535   -0.829642478924   -0.52344818331
-0.760723280437   0.20956656419   -0.614314072398
-0.341728225887   0.111789309903   0.933126499073
0.803857991024   0.549139566322   0.228600302642
-0.48686162649   0.828220331972   -0.277519237777
0.734307783863   -0.324229123317   -0.59637870799
0.491529760636   -0.35197220649   0.796563937825
-0.468177938566   -0.878060982066   -0.0990876765245
-0.991345073917   -0.0275285207353   0.128433107694
-0.116314554649   -0.27028796913   -0.955733634947
0.0610230037174   -0.962391831396   0.264735300249
0.724287114031   0.62185951539   0.29782366619
0.280940378389   -0.660625348624   0.69616575065
0.629667131757   -0.420553197237   -0.65318788328
-0.520500784554   0.39053593769   0.759315876839
-0.841338677264   -0.0828319946326   -0.534123656989
-0.145698831799   -0.916853604556   0.371687116416
0.379448263934   0.865537324258   -0.326900808194
-0.442014506749   -0.140809135022   -0.885887087737
-0.812798975089   0.480643211449   0.329150286488
0.728296629414   0.65987799686   0.184783986208
0.562598388611   -0.729735239935   0.388548575661
0.391237965223   -0.179019473174   -0.902710026533
0.6020941771   -0.797227563819   0.0437137341898
-0.748459341487   -0.544504452358   0.37858131892
-0.278013116976   -0.260659571821   -0.924535379334
0.480992437004   -0.844560060801   0.23529662839
-0.801402960123   -0.314705390061   0.508638988553
-0.355527066673   -0.433218915643   -0.828203844828
0.624572074186   -0.708549898019   -0.328430751921
0.0360162147376   -0.393963374079   0.918420200588
-0.780136237504   -0.585448438881   -0.220539231046
-0.168207229478   -0.592640763214   -0.787707620278
0.330278331349   0.719022449144   -0.61149239685
0.928774780616   -0.363020183105   0.0747916189949
0.892457007066   0.442150557811   0.0895732687381
0.321410233552   -0.48384547454   -0.813995675222
-0.316569025669   0.755245908125   -0.573922997793
-0.231003737702   0.802842472745   0.549619123973
0.63497439499   0.552412492746   -0.540044382729
-0.737187042199   0.224241792641   -0.63739376305
0.108479470878   -0.0529993145979   0.992684883905
0.874907787212   -0.46902023365   -0.120649853199
0.471983654333   0.881595766694   -0.0045095549992
-0.00658265944384   -0.722541746482   -0.691295922422
0.968311491623   0.167989824893   -0.184803247199
0.249658732987   -0.670606299982   0.698539687663
0.0882062413598   -0.507515239549   -0.857116061748
0.991615069079   -0.0368434184967   0.123863313193
-0.094441603423   -0.860854718988   0.500009937718
-0.379818109723   0.332992111863   0.863049450379
0.560083364667   0.825306464305   -0.0719433912102
-0.736236867446   0.456054251545   -0.499969681596
-0.0953077123846   -0.995393976348   -0.0103328751319
-0.956133171695   0.0886507517619   0.279195242185
-0.276993311188   0.0364891370724   -0.960178289361
0.457624325847   0.0987667237332   -0.883643089956
-0.232498658735   0.972526270263   -0.0117058669873
0.858209968382   0.21080272275   0.468014809602
-0.806282115216   -0.403615754317   -0.43238234457
-0.342947464655   -0.276566587734   0.897698914939
-0.481920331087   0.872107005054   0.0846010815077
-0.713320525189   -0.127601254419   -0.689122111732
-0.31423648043   -0.820672478607   0.477231075624
-0.626439781124   0.55696677194   0.545307768003
0.0680246559411   -0.271236546435   -0.960105960068
0.683762960039   -0.68811072593   0.242841459911
-0.726526622471   -0.673004083235   0.138652940077
-0.897660723589   0.425086622029   0.116221154537
-0.440413857907   -0.85604005455   -0.270613764613
-0.0155443479678   -0.294104640573   0.955646823666
0.486103055012   -0.870044676601   0.0820127992464
-0.549615649521   -0.231408665698   0.802728292666
-0.679430994527   -0.435284199991   -0.590678632195
-0.586826342441   -0.170785500625   -0.791495566373
-0.453095569232   -0.74087140198   0.495794169983
-0.67107177258   0.649568908294   0.35738233008
-0.345762192431   -0.894294152897   -0.284053524189
0.937535752613   -0.341653370061   -0.0655714704382
-0.0384076695665   -0.288982479154   0.956563628521
0.646354096867   0.361545799321   -0.671945702348
-0.544154645854   -0.398925046971   -0.738074907865
-0.534903835569   0.842700114642   -0.0611100222763
0.751304532308   -0.573641570778   0.326307760307
-0.506617578239   -0.818179223535   -0.271883621245
0.422942118475   0.0389541057946   -0.905318631854
-0.695440791368   -0.403067207319   -0.594891850747
-0.613582855446   -0.0977912083538   0.78355042207
-0.373999421395   0.909929673551   -0.179305886612
-0.8988457119   0.208067351383   0.385719057249
0.0788382304728   -0.788990865937   0.609321814611
0.431109901594   0.578097325399   0.692781999093
0.576136751998   0.168508198537   0.79979459766
-0.357100013219   -0.828293384925   0.431751679611
0.735218329464   -0.534354675579   -0.41703594946
-0.447734253864   -0.464554840775   0.764017677486
0.428533976821   -0.86140919073   -0.272640899618
0.784788406074   0.205336867969   0.584759761064
0.768973246686   0.131354780489   0.625640524629
0.199200244242   0.880704561051   -0.429742641684
-0.607453213927   0.455088339809   0.651072341331
-0.635752920094   0.522533764047   -0.568135520903
-0.0484557962892   -0.761594196995   -0.646241203793
-0.770371040789   -0.38331987048   0.509504386885
-0.598554211556   -0.354501593622   0.718374428889
-0.519296247276   0.854523609534   -0.0109927081372
-0.609970989087   -0.379628834767   -0.695570057798
0.5749386071   0.532504539725   -0.621195903283
0.0842364838096   -0.793714945875   -0.602428511712
-0.813848665219   0.294031991627   -0.501193537883
0.90961223321   0.408137478272   0.0776462426415
0.39191702787   -0.904965237562   0.165618787799
0.13786291536   -0.120217879023   -0.983123448057
0.674961592063   0.736279716099   -0.0481563306333
0.309582044686   -0.223347933071   0.924269804087
0.669765488905   -0.638754955206   -0.378690257317
0.229409283466   -0.176583180821   -0.957178019094
0.783946355188   0.616381100461   0.0741785066307
0.57688776393   -0.767393457693   0.279835287781
-0.263659928264   0.253328382599   -0.930756785105
-0.334155798329   0.881167817304   0.334489434949
0.904888592531   0.39920923113   -0.147677497451
-0.173807560554   0.0921258616994   -0.980501157771
0.0541181068669   -0.993284178591   -0.102915116103
-0.983331543933   -0.0709444586948   0.167576294275
0.558793245774   -0.823207858419   -0.100393839679
0.360625740672   0.132192706708   0.923295266511
-0.746792592607   -0.552135758517   0.370738340917
0.197226787719   0.896617292748   -0.396458104234
0.32018712102   0.323312263159   0.890477058255
0.926596894879   -0.302566710151   -0.223319471145
-0.479153385366   -0.611519987286   0.629646809931
0.154541437923   -0.764927477363   -0.625302023108
0.864018948908   -0.202309123094   0.461022981719
0.18764710118   0.477210520362   -0.858521208511
0.790294169044   0.445688982044   0.420471692925
0.583286955609   -0.757384603376   -0.293504445275
0.234294195828   0.535935577203   -0.81109757508
0.350260373403   0.731752501504   0.584684482141
0.906875895608   -0.421083518938   -0.0162716313838
0.272329156784   0.251538898965   -0.928743883885
0.771093007346   -0.634404840692   0.0542816455363
-0.575545474804   -0.730930301279   -0.366726950778
0.948541651296   0.306957468438   -0.0777550019415
0.258264586377   -0.892030570832   -0.370918548975
-0.183216077843   0.331750326481   -0.925404392879
0.736664255289   0.595259173237   0.320924084946
0.0070732696208   -0.481314371151   0.876519431382
0.676221650406   -0.643430541248   -0.358777504297
0.60709618704   0.0217433481679   0.794330862023
0.367019251288   -0.894285565755   -0.256028401878
0.704791572549   0.446968567345   -0.550897651801
-0.742015958389   0.534622032383   -0.404464427018
-0.201815735361   0.397201668155   0.895265993847
0.639282878852   0.745929000152   -0.186834795566
-0.785041307003   -0.397808709199   -0.474824253586
0.364574036544   -0.916433815597   0.16502880245
-0.500794980791   -0.043554157619   0.8644694323
0.0236627750633   -0.972826134928   -0.230324608742
0.907306480638   -0.075847588018   0.413572410698
-0.419803602158   -0.21876128519   0.880856651638
-0.622429555362   0.569288139974   0.537114935508
-0.638841027583   0.026939588478   -0.768866955357
-0.452176494012   -0.821696578579   0.346916629253
0.996730350533   -0.0807836342905   0.00161643225145
-0.00907068125203   -0.131750685376   -0.991241399827
0.080289047597   0.987985725818   -0.132052669459
-0.44572721452   -0.89399482358   0.0457383875022
-0.872640982752   0.42256105136   -0.244819271882
0.199540622182   -0.149036962111   -0.968483320955
0.106525830135   -0.987546553188   -0.115775779368
-0.0186652571945   0.114431707147   -0.993255743026
0.994134716211   0.107968366505   -0.0062428684196
0.368088090531   -0.329137117786   0.869586064412
-0.854414762182   0.249140320019   0.455965486356
-0.36672411959   -0.910822632722   -0.189514028789
0.433816299774   0.223621448442   -0.872809758735
0.449679618641   0.785700441689   0.424809439574
0.780763515877   -0.576774017419   0.240291650522
-0.44079520275   0.186320648808   0.878057100039
-0.886490954739   -0.243843639299   -0.393286312506
0.140831254583   -0.951748366043   0.272656631533
-0.766204973501   0.635940655782   0.0922470609754
-0.623489275858   -0.770468522719   0.132813696513
0.155535079083   0.0442474565893   0.986838893893
-0.608226467596   -0.743509591018   -0.277946321071
0.749964773263   -0.652991080045   0.105620056768
-0.260025976003   -0.144209034364   0.954772354632
0.0371626691961   -0.732658029359   0.67958157396
0.838025986392   -0.34760191845   -0.420577349746
0.544363251683   0.585136798537   0.601068684764
0.992663159801   0.107170774978   0.0559846066281
-0.0790602644866   0.224974129705   0.971151953654
0.0914840191946   -0.968452924771   0.231796480267
-0.758673489719   0.111004141615   -0.641944587509
-0.014098377443   0.982348431561   0.186528274375
0.651318669041   0.150564411241   -0.743716736602
0.714412248077   -0.587540757182   -0.380014611351
-0.38589019728   -0.783860683353   0.486468754699
-0.583698553908   -0.200895376514   -0.786725944335
0.0622339767349   0.907275224882   -0.415907021699
0.877067114072   0.14916013463   0.456623016338
0.476319495502   -0.393195839186   -0.786458434868
-0.372378154513   0.849075582431   -0.374706738437
0.919693317817   0.391758036343   -0.0262646303601
0.124493717407   -0.354395661605   -0.926771273572
-0.969756463122   0.236443398746   -0.0607889350723
0.157215146573   0.414319147993   -0.896454950173
-0.186773052461   -0.878887136776   -0.43896919619
0.60672283229   0.721048133746   -0.334629634634
-0.791079325304   0.506394075637   -0.343159641713
-0.0779801553644   0.472921375543   0.87764712017
-0.64363561512   0.203958609082   -0.737654366965
-0.356693334005   0.772812484275   0.524910195789
0.677128455167   0.600967331848   -0.424658946722
-0.809785408766   0.457208794785   -0.36779443353
0.415469688607   0.0040974065252   -0.909617467623
-0.414364049132   -0.889370067816   -0.193303386571
-0.973295026386   -0.129834952397   0.189306446244
0.201743838744   -0.0903719829532   0.975259355657
-0.109514697562   0.987407855146   0.114153518628
-0.597373377058   0.502737551671   0.624819554973
0.664503305894   0.746479777219   0.0346873916398
-0.448976478886   0.435916061671   -0.779997898827
0.92811053143   0.371993964652   -0.0152095555032
-0.36643885996   0.905501678436   -0.213984276926
-0.0658285821492   0.204174433077   0.976718689431
0.99819383304   -0.0498319406509   -0.0335536787043
-0.0114267522916   0.390839439809   -0.920387937643
0.0589788181951   0.919108972929   0.389564101287
-0.845549162465   -0.397506309439   0.356414915182
-0.526838375021   0.513055827692   -0.67765334298
0.0865111808557   -0.760763735073   -0.643234802142
-0.340776505043   -0.767980028225   0.542289873111
-0.409031857086   -0.398249840874   -0.82103000661
0.846501370418   -0.501601443492   -0.178414257591
0.410157065289   0.269981677088   -0.871137811197
0.366812521967   0.825681872159   0.428600073204
0.834996865736   -0.495337605133   0.239626593657
0.187395539509   -0.403002061529   0.89580811863
-0.948743202372   -0.310536207955   0.058766444856
0.254497903634   -0.860904464787   -0.440538539439
0.0519863086485   -0.600902290773   -0.797630148923
0.998245744277   0.0539302027411   0.0244327872131
0.0283346353271   -0.797501074609   0.602651791539
-0.998258490987   0.0521770275466   -0.0248805253336
0.0245874307387   -0.00621696618737   -0.999643468996
-0.0523157815018   -0.998583579202   0.00499287993395
-0.613935507035   -0.105681952651   0.782249692792
0.337922434692   0.86040769883   0.38145383134
-0.713366445189   0.498527754689   -0.492522539253
-0.813904353091   0.574202034226   0.0886095804141
-0.0136887081203   -0.171421919436   0.985102583233
0.580837544517   0.80056636459   0.147381171743
-0.938513703901   -0.0123004918196   0.345022402913
0.252277495784   0.657801912748   0.709684903021
-0.235685862392   0.753090495463   -0.6142529264
-0.587530759814   0.184121691763   -0.787976943813
0.511821963966   -0.669687492622   -0.538105787708
-0.626774870715   -0.719457270576   0.299223787008
0.302954038148   -0.102229190725   0.947506216012
0.739221545202   -0.602283920459   -0.301339599445
0.601473477326   0.791709062502   -0.106894313548
-0.215459460986   -0.827353645837   -0.51871296116
-0.249043722426   0.560179937842   -0.790047878898
0.944221592464   -0.0410410934452   -0.326743295222
0.945227357966   -0.157550131011   0.285872696463
-0.20336437695   0.400804190658   0.893307862739
-0.255319745716   -0.902515353699   0.346811001962
0.99656569179   -0.0397083270192   0.0726640948847
0.0482022431851   0.991705850848   -0.11914717403
-0.0673302730724   0.122240558297   0.990214057745
0.89041933693   -0.389475084024   -0.235504841528
-0.201790950375   -0.801616307713   0.562753201333
-0.407962968669   -0.453563570174   -0.792367190665
0.847085307659   -0.531102301681   0.0194119305299
0.530696449673   0.847262041625   0.0225456753749
-0.0284210520847   -0.00879626758365   0.999557336757
