-0.176113470726   -0.858506142256   0.481613224415
0.6998047241   0.234892000411   0.674610352732
-0.692284220787   0.455843156792   0.559418977453
0.789025420825   0.220131947797   -0.573568490311
0.264751344126   0.720632362119   0.640777439833
0.554387602046   -0.65744271779   0.510317023713
0.953600902884   -0.157801095634   0.25640618514
0.0502862257367   0.923156137101   0.381122081851
-0.296844425689   -0.350544661905   0.888257747416
-0.599998441939   0.753845421849   -0.267804637921
0.274562714873   -0.120382269481   -0.954004028823
-0.751410380376   -0.645929912116   -0.134748857042
0.545898137614   -0.733864685674   0.40427446112
0.567545631747   0.67883940567   0.465906656485
-0.61634987846   -0.024893368457   0.787078868002
0.227796628335   -0.950987951904   -0.209118580387
-0.79508759275   -0.0576916428617   -0.603744442646
0.562089303567   0.303798531111   -0.769260681932
0.947150293392   -0.19348622161   0.255869860713
-0.100816190718   -0.936747982748   -0.335169579845
0.304536367719   0.291660133738   -0.906747656284
-0.995408621611   0.0772183293097   0.0565423554651
-0.0903949907429   -0.564475116151   -0.820484641026
-0.0314396881588   -0.821829441022   0.5688650901
-0.990380893719   0.0239905110597   -0.136294619657
0.0175283114463   0.998673374561   0.0484174895486
0.137275366567   0.0455625984272   -0.989487545773
-0.864354602135   -0.259206398631   -0.43093532383
-0.49960450759   0.344896302055   0.794633633029
-0.0573458491224   0.902141517532   -0.427614002693
0.883950469315   0.0254692874276   -0.466886373173
-0.46116280636   0.212356607378   -0.86152977468
0.0772038605705   0.976860277638   0.199458209816
0.223323109141   0.663229829439   0.714319937747
-0.351880067221   0.738265344274   -0.575451732789
-0.909014410454   -0.122843281542   0.398249071494
-0.482322445939   0.772652257326   0.412763983878
0.835029292944   0.263120238521   0.483212270011
0.264748365553   0.577733941544   -0.77209614945
-0.828213430955   0.555795493908   0.0717903050548
-0.541428622418   -0.826625049369   0.153447192138
0.144628924406   0.088217701739   0.985545590552
0.000711863501567   0.52977894554   -0.848135455775
0.484732139204   0.741649734744   0.463670595782
0.874662355256   -0.411448583705   -0.256272928192
0.697720331813   -0.707244032799   0.113983422861
0.71149749142   0.665619545429   -0.225215330114
0.0834126028868   0.238236234198   0.967618641216
-0.161412103221   -0.931851472818   0.32495943717
-0.955240395033   0.230240864512   0.185754444
-0.247914483032   -0.280431379083   -0.927305830646
0.0576747784948   0.922965131736   0.380541166715
0.864352487064   -0.236908469647   0.443590532008
0.499570807866   0.303336690131   -0.811431356844
0.938439696688   0.0310183357651   -0.344047775
-0.016053268293   -0.990969690247   -0.133130481502
-0.345069994658   0.130458021502   -0.929467422797
0.815534955898   0.146218016511   0.559931265659
-0.564347520703   -0.0132634920339   0.825430752807
0.128119500823   -0.989163456387   0.0717009374286
0.174379276255   -0.692766144049   -0.699762033347
0.983699665296   0.0908821766516   0.155162368602
-0.0438953545427   -0.715412791187   0.697321822016
-0.468425417345   0.381270264506   -0.797000931466
-0.838504845977   0.0923714321663   0.537007506502
0.278365088737   0.919837172639   0.276427910354
-0.246112888528   0.89124030857   0.380944999053
-0.173029278828   -0.427120984855   0.887484341932
0.953671457364   0.152506724073   0.259330698504
0.145298588636   0.740760378767   -0.655868841487
0.624939255643   -0.582637990315   -0.519602521097
-0.76703376897   -0.334379895364   -0.547587527218
-0.139081745385   0.432341469765   -0.890919225221
-0.916407005549   -0.397153845003   -0.0496684527138
-0.37530575872   0.809536662873   0.451437650276
0.947498042285   0.154650373541   0.279876260558
0.0231934861912   0.839721392458   -0.542521928954
-0.318919302424   0.520529771638   0.792047494143
-0.0984896453295   -0.855103773651   -0.50901609442
-0.0117553012722   0.512466981458   -0.858626479731
0.995068671491   -0.0785821550346   -0.0605247076768
0.934676593932   -0.107433103217   0.338877252204
-0.0819864424005   0.862404431236   0.499536603345
-0.345916011469   -0.494688511239   0.797261178452
-0.956660749729   -0.252770520371   -0.144589456819
0.238999314982   -0.965209467345   0.106060565565
-0.166368189358   0.0669072504384   0.983791154552
0.181953178081   -0.12142597745   0.975780957549
0.293310770291   -0.940467238698   -0.171724963639
0.93854224047   0.317452993538   -0.135505162477
-0.332410938352   -0.247348260783   0.910121905315
0.862722653247   -0.469646882217   0.18746070007
0.381067800034   0.847496742403   0.369508646223
0.618078070628   0.520318810439   -0.589277330112
0.194894079661   -0.827626205349   -0.526356213673
-0.761574509811   0.210482544318   -0.612944615213
-0.343952810235   0.113035771015   0.932158421148
0.802563483777   0.550716861733   0.229352945829
-0.487430263888   0.82700292244   -0.280138983593
0.73131658339   -0.327966360399   -0.59800845245
0.491687836102   -0.354128415854   0.795509947088
-0.472672312056   -0.875803100322   -0.0977229012782
-0.991441230771   -0.0071607252031   0.130389400814
-0.124119253495   -0.258647458278   -0.957967224579
0.040584267173   -0.965947988491   0.255539694939
0.720402496975   0.624862728079   0.300943192046
0.284119961222   -0.661720526318   0.693831205514
0.632689561647   -0.414333760593   -0.654241089129
-0.521253907556   0.390272892656   0.758934402954
-0.8407560814   -0.0823189421743   -0.535119425641
-0.146367927898   -0.91701180874   0.371033381509
0.378605090639   0.865752342293   -0.327308833838
-0.441277501037   -0.1420108656   -0.886062690409
-0.813592255355   0.479901871292   0.328270988604
0.727735855728   0.660206033321   0.185818444304
0.561029864879   -0.728866115463   0.392427734132
0.394519950561   -0.181334027057   -0.900817303564
0.600963054508   -0.798434589971   0.0366783258923
-0.748440300096   -0.546041949232   0.376396192766
-0.280499930917   -0.253651694798   -0.925731654236
0.483824443954   -0.844081054462   0.231173352063
-0.799557457699   -0.318923983939   0.508915966368
-0.355839594543   -0.431062364959   -0.829194521407
0.622638984442   -0.70825332475   -0.332712955151
0.0379982918772   -0.397319721719   0.916893190199
-0.781586087619   -0.583535963244   -0.220474322288
-0.168341140775   -0.595180057738   -0.785762008396
0.327445871379   0.718106881659   -0.614086070282
0.929752889904   -0.360670485717   0.0740023266653
0.891734812904   0.443056127493   0.0922512616038
0.323420187895   -0.481310975223   -0.814701896924
-0.316557118762   0.756333965045   -0.572495048751
-0.232293059772   0.803368377284   0.548305709089
0.63522838314   0.55220289286   -0.539960048489
-0.736562829291   0.22287037284   -0.638595294391
0.106326789062   -0.050446265762   0.993050723599
0.874698857392   -0.470197907309   -0.117540448165
0.4728598886   0.881118052447   -0.0058693057919
-0.0136430579681   -0.725841497617   -0.687726677386
0.967713380618   0.163537049544   -0.191797921444
0.251683681282   -0.668139019991   0.70017538746
0.0829076040276   -0.508049467518   -0.857328455875
0.992280742214   -0.0375282238461   0.118197192537
-0.0922240279413   -0.860509957088   0.501016316871
-0.381330247068   0.331917018999   0.862796789315
0.563586474766   0.823284096222   -0.0676282324538
-0.732773834559   0.46047191539   -0.501007069739
-0.0923963104196   -0.995664386191   -0.0107858144235
-0.955443887152   0.0856028818972   0.282488844064
-0.280340653893   0.0364060240658   -0.959210863274
0.456691376092   0.0917384858548   -0.884882509616
-0.231706141371   0.97260508221   -0.0187515079023
0.858920991513   0.213596360481   0.465436723342
-0.80521516744   -0.4056676406   -0.432548187759
-0.340960659418   -0.280098334363   0.897394016675
-0.485190682199   0.870059743813   0.0872012780645
-0.713703433515   -0.125840570776   -0.689055537099
-0.314984317867   -0.820997554556   0.47618719258
-0.625634287709   0.556896322152   0.546305597502
0.0687629419949   -0.264525070282   -0.961924149281
0.684025988487   -0.689375806599   0.238472863071
-0.726209356075   -0.674379230507   0.133538585686
-0.897273476606   0.426259998905   0.114902947396
-0.441133405341   -0.85544071813   -0.27133459606
-0.017366423905   -0.294148869895   0.95560182548
0.487596174808   -0.869415657099   0.0797896397186
-0.549897269782   -0.234839770038   0.801538070059
-0.678131966584   -0.434703002357   -0.592596269874
-0.584895503742   -0.168300774367   -0.793454460001
-0.455821317108   -0.740948576981   0.493173200354
-0.670911363459   0.650129008755   0.356664203751
-0.346512182057   -0.894258608397   -0.283250456365
0.937352250043   -0.341699781592   -0.0679116391793
-0.0360560544447   -0.289037666585   0.956638483092
0.645924446708   0.363219389662   -0.671456080997
-0.544097175852   -0.397919308704   -0.7386598853
-0.535480958546   0.842455837356   -0.0593991501083
0.750263794286   -0.572336836162   0.330961814417
-0.504880173507   -0.819185330373   -0.272099678651
0.426850309862   0.0370509202925   -0.903566925751
-0.694847303741   -0.407686319914   -0.592437215826
-0.61283638772   -0.0954125851196   0.784429594026
-0.376326390288   0.908124490724   -0.183549145024
-0.899325639769   0.210513241379   0.383310193512
0.0756058318301   -0.788482837084   0.610414620636
0.430727625582   0.577932890651   0.693160871203
0.576363752829   0.171528773021   0.798988570868
-0.354177220155   -0.828689307722   0.433396661044
0.736453225313   -0.532777673244   -0.416874926804
-0.449963537258   -0.464280892646   0.762873667485
0.429157476389   -0.861551425002   -0.271206957807
0.783171015984   0.205359699617   0.586916178352
0.765250918618   0.130018159523   0.630465149253
0.202933043018   0.880727069429   -0.427946265928
-0.610908508927   0.455428484687   0.647592218191
-0.63832762465   0.52198987744   -0.565740673749
-0.050844584487   -0.76193924844   -0.645648019374
-0.768082528322   -0.383370714248   0.512908919597
-0.598269014965   -0.353374790969   0.71916670715
-0.520132940832   0.853985257139   -0.0130741254696
-0.609537709602   -0.381884100222   -0.69471479263
0.574948077104   0.536671721104   -0.617590653171
0.0881975076234   -0.791079626368   -0.605321735448
-0.813422369231   0.293558627063   -0.502162853908
0.907532692516   0.413332562499   0.0744346011659
0.397393207603   -0.902467779372   0.166218507941
0.135878459015   -0.121268902068   -0.983274560555
0.672108703676   0.738532674838   -0.0532859440384
0.311671478081   -0.216892310406   0.925104677535
0.67166270805   -0.63837862029   -0.375954783358
0.22960813128   -0.179576852872   -0.956573185531
0.783491602586   0.617193984708   0.0721976009086
0.577426197918   -0.766044214658   0.282409713904
-0.259051681088   0.248325140572   -0.933395336211
-0.340409843826   0.880901888525   0.32883582722
0.903887917459   0.402922433722   -0.143666793016
-0.175194765117   0.0919228830929   -0.980165898602
0.0619821289177   -0.992513836817   -0.104168394029
-0.982513725559   -0.0790127975935   0.168316636161
0.558702121327   -0.822491172915   -0.106584288057
0.364935036534   0.128396090033   0.922137117724
-0.744764633353   -0.554096305032   0.371891013829
0.197735996313   0.896628326188   -0.396179420546
0.317037498961   0.323941033789   0.891375028643
0.927570866748   -0.30186066672   -0.220210001033
-0.480601296138   -0.608422064715   0.631541893367
0.152393525905   -0.76715374593   -0.623098351411
0.863596424942   -0.203218929819   0.461414505682
0.186569321892   0.477801322765   -0.858427510611
0.788518667049   0.448379850793   0.420943969887
0.586029185899   -0.755421346027   -0.293101337732
0.231587342698   0.535627625695   -0.812077808515
0.350546471587   0.732744141844   0.583269406053
0.907460462912   -0.419748824146   -0.0180681057883
0.270474149455   0.252714170675   -0.92896671151
0.771212680797   -0.634454231601   0.0519474230454
-0.576259146679   -0.730481404091   -0.366499751922
0.948076798669   0.309212600141   -0.0744173056506
0.26177192226   -0.891564067348   -0.369578650072
-0.180626211228   0.330908576176   -0.926214380785
0.735252445711   0.598435260875   0.318243770126
0.0114929280781   -0.480469254795   0.876936318242
0.677695928338   -0.6411120278   -0.360143980893
0.606021756962   0.0229964155311   0.7951157344
0.372177259212   -0.89161856927   -0.25787894135
0.703009213271   0.452204185672   -0.548899215562
-0.742373429576   0.534850686013   -0.403505068797
-0.200799495757   0.39695617437   0.895603330462
0.639187890512   0.745895774691   -0.1872919372
-0.787454272664   -0.393080453875   -0.47476629762
0.361442972419   -0.918406757924   0.160895870224
-0.499273730797   -0.0449027855245   0.865279980594
0.0231658760639   -0.97131991022   -0.236645208469
0.905638161965   -0.0798645152467   0.416462672079
-0.423418046704   -0.223962652361   0.877814266023
-0.621360661991   0.56989506076   0.537708626433
-0.63988289048   0.0269556994867   -0.76799953674
-0.452173455314   -0.821275241124   0.347916875798
0.996984663639   -0.0775452361444   0.00288390060489
-0.00751170171444   -0.133432859067   -0.991029399052
0.0772344150541   0.9880194491   -0.133613010828
-0.441692502174   -0.895958465315   0.0464820426643
-0.874785107351   0.418601072821   -0.243971118869
0.199131031776   -0.148422772231   -0.968663972169
0.108097265639   -0.987771204095   -0.112352357847
-0.0146885787883   0.111415315972   -0.993665384185
0.994031815189   0.109062818754   -0.00246527409055
0.371291739856   -0.331122662057   0.867467715182
-0.85390010022   0.245172489323   0.459069800448
-0.364687637649   -0.911179590154   -0.191715155761
0.437813803138   0.220016329619   -0.871729247595
0.450891717407   0.785113687236   0.424609414017
0.777827568029   -0.578955360973   0.244530068727
-0.440236582407   0.185553952218   0.878499591989
-0.88659025812   -0.244514529844   -0.392645390647
0.141948992653   -0.951726021188   0.272154532849
-0.794901794316   0.598460721639   0.0998763337199
-0.586933029029   -0.800179908654   0.123373868335
0.153753493673   0.0394494183543   0.987321428004
-0.61011398685   -0.742167760588   -0.277394741422
0.747614513182   -0.655190020568   0.108620800609
-0.262361138707   -0.141113265818   0.95459608024
0.036778016882   -0.731806222278   0.680519629218
0.836968120259   -0.349519774091   -0.421094054171
0.546014357306   0.585060244611   0.599643898388
0.992826928986   0.105158214783   0.0568897081165
-0.0794208670501   0.224391726495   0.971257264071
0.0893701007216   -0.968808596678   0.231133905355
-0.758903227012   0.10709772837   -0.642336197435
-0.0206721832915   0.98192436623   0.188141430876
0.650875083864   0.156059648058   -0.742971624621
0.714181479924   -0.587379035387   -0.380697746525
-0.380895224246   -0.782432895109   0.492664352865
-0.587250997076   -0.206845848946   -0.782528998201
0.0594344471205   0.906030780357   -0.419017604586
0.875855928939   0.15404679807   0.457324785057
0.478898652795   -0.394179898437   -0.784396744482
-0.370351788121   0.848692987612   -0.377571143981
0.920144115141   0.390842172957   -0.0240269312918
0.1271792568   -0.356318254983   -0.925668959728
-0.971292485429   0.231041352909   -0.0566935629159
0.15114186303   0.415274074192   -0.897053274291
-0.183712830445   -0.879868361133   -0.43827356049
0.60895893303   0.719592250174   -0.333700482667
-0.7891759507   0.507311184015   -0.346174352555
-0.0798143939381   0.474154359908   0.876816574741
-0.642554595035   0.204898584549   -0.738336029441
-0.35803296798   0.771637012701   0.525726834702
0.677448091119   0.602156857419   -0.422458450282
-0.811598560886   0.4557801834   -0.365467282622
0.412679826344   0.00447802986011   -0.910863373293
-0.413518163054   -0.890079293264   -0.191723034303
-0.973652433053   -0.129130420538   0.18794904425
0.200145425943   -0.088953324087   0.97571938852
-0.109276334204   0.987629409825   0.112455271889
-0.600827602069   0.499478027894   0.624121654188
0.660116062237   0.750348586028   0.0349825035473
-0.450835805977   0.43301119019   -0.780543609448
0.928620876862   0.370725490584   -0.0150292700312
-0.365381948218   0.906693317949   -0.210720812362
-0.0644926371208   0.201171169598   0.977430744698
0.998213603822   -0.0493412744726   -0.0336903516241
-0.0118271606515   0.389542266646   -0.920932649871
0.0585638064854   0.919685960511   0.388262822648
-0.843723090939   -0.399157958398   0.358896596285
-0.529613035093   0.510124081018   -0.677705037913
0.0874292607629   -0.761870730243   -0.641803192641
-0.342371236777   -0.763980351879   0.546914395616
-0.405982934429   -0.404656079923   -0.819408740471
0.847324725912   -0.502580191563   -0.171620029273
0.406492735141   0.265859212146   -0.874118149365
0.36970352696   0.827041025937   0.423464809136
0.835513591682   -0.495299931093   0.237897080289
0.191275587052   -0.402557533641   0.89518776913
-0.947542321343   -0.313676739581   0.0614048037535
0.256080571607   -0.859973507016   -0.441439027708
0.0520348762393   -0.601469216123   -0.797199562199
0.998322072252   0.0516373134135   0.0262033618535
0.0254047233536   -0.797225412399   0.603146944734
-0.998424846749   0.0536258937006   -0.0187764489236
0.0184502554272   -0.00659164754387   -0.999828319482
-0.053738995004   -0.998559634618   0.00555137572685
-0.618730020107   -0.103676364353   0.778732491788
0.33693019248   0.860440251665   0.382257258688
-0.709683822337   0.498892551456   -0.497448510376
-0.812667550606   0.576252162034   0.0866304045217
-0.0161636699489   -0.170897677905   0.985156167126
0.582503319313   0.79920421896   0.148197388785
-0.939561943063   -0.0125851952557   0.342146532047
0.24973302194   0.658425931028   0.71000604543
-0.234213693631   0.752540217965   -0.615488884964
-0.588988896985   0.185305280993   -0.786608423992
0.510387672494   -0.66937544836   -0.539851509068
-0.626574244305   -0.71944227073   0.299678157436
0.297782162885   -0.0930840864077   0.950084806111
0.748493167828   -0.59495736813   -0.292888568316
0.592523217824   0.798348976697   -0.107494891296
-0.213241189771   -0.827546791468   -0.519321198898
-0.249447689686   0.560045994574   -0.790015402241
0.94461846785   -0.038920349433   -0.325854510083
0.9451239045   -0.160879886064   0.284356232508
-0.200439503702   0.401788635496   0.89352666048
-0.258001569883   -0.901489628278   0.347493359448
0.996147111685   -0.0433396917414   0.0762404286781
0.0527455698121   0.990622380203   -0.126036520971
-0.0700630909285   0.129572261202   0.989091599557
0.891256458169   -0.38586516054   -0.238264519124
-0.194000953153   -0.799295510148   0.568761763843
-0.409909176974   -0.460689040152   -0.787235481796
0.845376881652   -0.533819189728   0.0193648897228
0.533445963203   0.845562872589   0.0214203443267
-0.0278088226798   -0.00777814156561   0.999582998
