-0.176450117653   -0.858470919142   0.481552714436
0.69967359065   0.234717042358   0.674807204645
-0.692330991896   0.455999537151   0.559233593604
0.789073042163   0.219987200975   -0.57355851131
0.265048074007   0.720378921777   0.640939722594
0.554177997537   -0.657768835489   0.510124403391
0.953662934794   -0.15757251827   0.256316033302
0.0500442505072   0.923101106726   0.381287189423
-0.296685996355   -0.350792316497   0.88821290905
-0.599889608904   0.754156255289   -0.267172674629
0.273673110768   -0.120371533981   -0.954260985897
-0.751821736786   -0.645569007442   -0.134182873221
0.545285747191   -0.734504953341   0.403938027542
0.568048998399   0.678149688458   0.466297477315
-0.616428253729   -0.024808777665   0.78702016099
0.227944023907   -0.951031919519   -0.208757681462
-0.794740732709   -0.0578615246988   -0.604184703799
0.562519910124   0.303628517417   -0.769012991721
0.947148907171   -0.193239206634   0.256061574129
-0.100445913337   -0.936718391787   -0.335362917704
0.304662992863   0.291918271261   -0.906621868587
-0.996767365567   0.0714090530926   0.0370642985039
-0.0704048286027   -0.551223308695   -0.831390497932
-0.038938094414   -0.831304846058   0.554454811404
-0.990381214588   0.0230790027007   -0.13642550975
0.0166431148126   0.99870246098   0.0481290020972
0.137359261812   0.0453955256372   -0.989480262538
-0.864022038749   -0.259692838149   -0.431309205306
-0.500137826161   0.344544828336   0.794450595689
-0.0577075004705   0.902135923219   -0.427577147002
0.884005699957   0.0252707453864   -0.466792581516
-0.461029650415   0.212384888859   -0.861594066808
0.0773665700978   0.976859285644   0.199400014232
0.223620675516   0.662941841166   0.714494170178
-0.351661505421   0.738559140398   -0.575208297295
-0.909025846492   -0.122631622774   0.398288216805
-0.482718619207   0.77240376729   0.412773532482
0.834748020353   0.263212568216   0.483650992413
0.264925105187   0.578026781578   -0.771821154885
-0.827971850146   0.556251270836   0.0710429952373
-0.542010025913   -0.82631968985   0.153038786319
0.143832247042   0.088205793467   0.985663239885
0.000781988578287   0.528993005809   -0.848625813084
0.484775776919   0.742040410012   0.462999429223
0.87463810627   -0.411755297664   -0.255862728239
0.697047455478   -0.707767672194   0.114846714781
0.712231867659   0.664959576825   -0.224843342932
0.0827684262854   0.238523970215   0.96760307117
-0.160785446796   -0.931944781203   0.325003428067
-0.955172770877   0.229858308358   0.186575214299
-0.248582544123   -0.280435835091   -0.927126150206
0.0571242162266   0.923020809988   0.38048732851
0.864296287397   -0.236485169395   0.44392371472
0.499729877452   0.303494515978   -0.811272723233
0.938549293639   0.0315484987619   -0.343700233223
-0.0154922515107   -0.990958170421   -0.133265818381
-0.34479725671   0.130401228643   -0.929574268314
0.815584998344   0.146427122861   0.559803724847
-0.56423603186   -0.0132461698932   0.825507269103
0.128291905484   -0.989132776063   0.0718160797127
0.173730646196   -0.692996262717   -0.699695504557
0.983814061475   0.0904571719608   0.154684662401
-0.043903435867   -0.715243757189   0.697494688335
-0.467975605766   0.381522583367   -0.797144463103
-0.838539970515   0.0930856550974   0.536829343677
0.279015222747   0.919660559535   0.276360151321
-0.245625999946   0.89149778055   0.380656770696
-0.173156420719   -0.426722519447   0.887651253169
0.953773937454   0.152117062037   0.259182709017
0.145052732922   0.740884179604   -0.655783079776
0.624995047581   -0.582429910069   -0.519767877078
-0.767034553203   -0.334466871237   -0.547532571259
-0.138286435945   0.432323169593   -0.891051898483
-0.916407990571   -0.397056429491   -0.0504234243261
-0.375597129349   0.809594221778   0.451091971765
0.947563412112   0.15408003073   0.27996950548
0.0236557100319   0.839865081013   -0.54227949675
-0.318691052982   0.520467087665   0.792180549357
-0.0988754439636   -0.855304063789   -0.508604555346
-0.0115979449151   0.512064878026   -0.858868466842
0.995032222055   -0.079022238183   -0.0605504088581
0.93482377599   -0.107603566659   0.338416870246
-0.0816182065132   0.862369141786   0.499657809881
-0.345605228534   -0.494712978455   0.7973807673
-0.956696679079   -0.252522474166   -0.144788289995
0.238723510865   -0.965270487676   0.106130837545
-0.16656030211   0.0669706604338   0.983754336516
0.181441794793   -0.121036756874   0.975924735583
0.293851997613   -0.940383370086   -0.171261156522
0.938472157038   0.317851354755   -0.135058063707
-0.332518577018   -0.247339138999   0.910084995601
0.862890278682   -0.469222349935   0.187751701488
0.380593898866   0.847734442367   0.369451725008
0.61791746073   0.520681324092   -0.589125539531
0.194989087668   -0.827368165474   -0.526726536055
-0.761680509319   0.210600443582   -0.612772358264
-0.344237967984   0.113193034158   0.932034079634
0.802397466228   0.550918153418   0.229450394337
-0.487502302325   0.82684733433   -0.280472743201
0.73093662066   -0.32843397463   -0.598216342474
0.491710946911   -0.354399412692   0.795375042949
-0.473235684182   -0.875518268551   -0.0975489396702
-0.991107812167   -0.0209110928687   0.13153495676
-0.121070125139   -0.270132812599   -0.955191919579
0.0555044453514   -0.962607035412   0.265177833575
0.71990383112   0.62525024182   0.301331480392
0.284522405927   -0.661842681487   0.693549979599
0.633076240667   -0.41355375561   -0.654360811821
-0.52133986382   0.390236287058   0.758894236291
-0.840690286219   -0.0822603872936   -0.535231842149
-0.146439968144   -0.917032672513   0.370953426154
0.378503903493   0.865783139831   -0.327344418502
-0.441182807321   -0.142144915889   -0.886088363205
-0.813690693116   0.479806639875   0.328166214387
0.727653698923   0.66026195262   0.185941512221
0.560842954855   -0.728741947196   0.392925360793
0.394937048191   -0.181629604107   -0.90057503748
0.600822972029   -0.798580915539   0.0357795516769
-0.748432547657   -0.546241124804   0.376123600404
-0.280820897706   -0.252762264807   -0.925878162696
0.484194604619   -0.844014657979   0.230640127769
-0.799316240792   -0.319473499054   0.508950192609
-0.355878010878   -0.430785339198   -0.829321968303
0.622393966291   -0.708206539524   -0.33327051084
0.0382554814991   -0.397760050254   0.91669155452
-0.781768670487   -0.583292709854   -0.220470662336
-0.168347852677   -0.595497658084   -0.785519959441
0.327074239423   0.718000651148   -0.614408270631
0.929882524499   -0.360357628379   0.0738980607311
0.891635411668   0.443182404791   0.0926048380712
0.323688711677   -0.480972035065   -0.814795446151
-0.316562660279   0.756475615747   -0.572304840704
-0.232458258333   0.803439561983   0.548131377391
0.635262791772   0.552171589715   -0.539951584025
-0.73648103983   0.222691261487   -0.63875210485
0.106043754692   -0.0501168405339   0.993097688958
0.874670885719   -0.470351321663   -0.117134403
0.472975220487   0.881055009058   -0.00604207540178
-0.0145343560029   -0.726256372399   -0.687270269184
0.967630682521   0.162979279525   -0.192687849899
0.251951589794   -0.66782439818   0.700379158961
0.0822339190887   -0.508127880759   -0.857346841668
0.992363201909   -0.0376119232169   0.11747587865
-0.0919392496093   -0.86045997197   0.501154460612
-0.381546383321   0.331783519757   0.862752614103
0.564029710067   0.823026349813   -0.0670679968849
-0.732320191778   0.461028552328   -0.501158490012
-0.0920179121126   -0.995697742011   -0.0108308646208
-0.955358331706   0.0852139801557   0.282891959089
-0.280752131095   0.0363786892471   -0.959089315581
0.456583721042   0.0908513981363   -0.885029553568
-0.231589620982   0.972615420747   -0.0196338954105
0.859009624327   0.213928179191   0.465120609417
-0.805071194392   -0.405912170301   -0.432592394076
-0.340728888402   -0.280554452725   0.897341492067
-0.485597254954   0.869800689111   0.0875359279238
-0.713749355526   -0.125607900276   -0.689044450773
-0.315092451825   -0.821026029008   0.476057357292
-0.625520860208   0.556899017791   0.546430727435
0.0688445391835   -0.263684145488   -0.962149170805
0.684067376576   -0.689526812723   0.237916928025
-0.726162640024   -0.674554157762   0.132907635616
-0.897220186957   0.426415089296   0.114743088636
-0.441232886388   -0.855363955589   -0.271414655093
-0.0175881988527   -0.294147151355   0.955598297161
0.487796431905   -0.869329694121   0.0795019529706
-0.549931290954   -0.235288222664   0.801383251473
-0.677960362291   -0.434632515386   -0.59284436196
-0.584644515046   -0.167979650293   -0.793705355675
-0.456170387659   -0.740957502092   0.492833222055
-0.670890402348   0.65019908061   0.356573998198
-0.346605842375   -0.894254984172   -0.283147416385
0.937329052178   -0.341704768181   -0.0682066365319
-0.0357586921469   -0.289043112023   0.956648000474
0.645868217229   0.363438039571   -0.67139185931
-0.544086814374   -0.397792389179   -0.738735892938
-0.535559311168   0.842421493365   -0.0591796076232
0.750128981223   -0.572172959853   0.331548561049
-0.504660924483   -0.819305638577   -0.272129389177
0.427344937516   0.0368124593992   -0.903338183371
-0.694769783111   -0.408261189685   -0.59213138009
-0.612739304528   -0.0951305856722   0.784539287468
-0.37662622715   0.90789545097   -0.184064684166
-0.899378755916   0.210827164043   0.382998929505
0.0751915123947   -0.788407308494   0.610555071961
0.43067680407   0.577912767064   0.693207976939
0.576387595835   0.171918109779   0.798887675581
-0.353799029465   -0.828742172984   0.433604339819
0.736616318999   -0.532569845457   -0.416852263352
-0.450263961119   -0.464239488974   0.762721473035
0.42921938406   -0.86157778208   -0.271024766863
0.782964283284   0.205342155396   0.587198029242
0.764783308901   0.129843718631   0.631068224609
0.203409380538   0.880726763551   -0.4277206967
-0.611335521042   0.455478846061   0.647153698075
-0.638668544246   0.521919121346   -0.565423477763
-0.0511465320969   -0.761979157081   -0.645579308494
-0.767780769938   -0.383391499742   0.513345771593
-0.598222198609   -0.353243866415   0.71926989042
-0.520244935007   0.853913191901   -0.0133224202877
-0.609487991698   -0.382166259792   -0.694603162567
0.574940251001   0.537193323391   -0.617144205934
0.088701675551   -0.790752472457   -0.605675032055
-0.813373008138   0.293485204065   -0.502285313982
0.907265453212   0.413992580395   0.0740236955447
0.398090299587   -0.902148323664   0.166288402408
0.135622555272   -0.121399599583   -0.98329443601
0.671743244819   0.738817040674   -0.0539479815571
0.311950807325   -0.216072487252   0.925202324737
0.671898577252   -0.638327524316   -0.375619803762
0.229617001655   -0.179974124185   -0.956496392965
0.783441498526   0.617289487734   0.0719243213639
0.577490652323   -0.765874013294   0.282739358144
-0.258464463437   0.247674260212   -0.933731019083
-0.341206308531   0.880867788926   0.328100894044
0.903755724844   0.403397325824   -0.143165003548
-0.175543719654   0.0918892275528   -0.980256783982
0.0629762437181   -0.992686600324   -0.1043212155
-0.982538032551   -0.080033075263   0.168311475598
0.558679904949   -0.822405265594   -0.107360796972
0.36547411797   0.127914313891   0.92199056017
-0.744516910954   -0.554335190181   0.372030997494
0.197788179267   0.896620522279   -0.396171027128
0.316663364906   0.324042117571   0.891471270284
0.927687532003   -0.301775332728   -0.219835172407
-0.480787735468   -0.608019157305   0.631788185735
0.152130336508   -0.767446114083   -0.622802829485
0.863539210458   -0.20332168613   0.461476423025
0.186416953463   0.477857631184   -0.858429266397
0.788305353857   0.448723360717   0.420977452756
0.586364553984   -0.755181720494   -0.293048087263
0.231252700268   0.535576889085   -0.812206627636
0.35059753971   0.732868083966   0.583082965038
0.907526074142   -0.419597157815   -0.0182942165269
0.270236767541   0.252868176599   -0.928994041826
0.771227778096   -0.634460958492   0.0516464290428
-0.576350551988   -0.730422702689   -0.366473746513
0.948013376771   0.309508982853   -0.0739920092265
0.262223783687   -0.891495833408   -0.369423223707
-0.18030339754   0.33081568959   -0.926310590396
0.735076618962   0.598833815427   0.317900020485
0.0120506624225   -0.480356177274   0.876990712163
0.67787693799   -0.640824460509   -0.360314936859
0.605878023913   0.023172658492   0.795219943271
0.372847077061   -0.891273686454   -0.258100448941
0.702777907596   0.452872843649   -0.548642913909
-0.742415445589   0.534876986008   -0.40339281181
-0.200669126053   0.396940988083   0.895639268933
0.639179984535   0.74588498312   -0.187361771577
-0.787761124924   -0.392481302657   -0.474751857857
0.36104365643   -0.918654244338   0.16037529837
-0.499077526669   -0.0450686724894   0.86538449454
0.023108966125   -0.971123033083   -0.237457491314
0.905425674402   -0.0803760671476   0.416826185611
-0.423875398791   -0.224632534358   0.877422289754
-0.621224548706   0.569970848776   0.537785399757
-0.640016016744   0.0269584385664   -0.76788843435
-0.452171873249   -0.821222491681   0.348043321573
0.997015315332   -0.0771433026435   0.00306132959299
-0.00729956104403   -0.133667445265   -0.990999338168
0.0768581634583   0.98801917122   -0.133831602285
-0.4411770834   -0.896207921238   0.0465788364946
-0.87505453083   0.418091825677   -0.243878974487
0.199092426205   -0.148353456427   -0.968683248319
0.108302232009   -0.987797557772   -0.111922323705
-0.0141970463333   0.111036230004   -0.99371494638
0.994016632436   0.10921051068   -0.00199833403154
0.371700495862   -0.33136837997   0.8671987785
-0.853828632016   0.244680006683   0.459465277689
-0.364438460957   -0.911222624285   -0.191984128204
0.438313145969   0.219556171218   -0.871594331983
0.451044384162   0.785043017296   0.424577939522
0.777457751509   -0.579225820291   0.245065096484
-0.440158670406   0.185461625347   0.878558042564
-0.886607661953   -0.244589388452   -0.392559296995
0.142081323185   -0.951724715143   0.272089903428
-0.794950741973   0.598412383058   0.0997791533254
-0.586818825744   -0.800195152781   0.123819727213
0.153938056984   0.0398783010844   0.987275440443
-0.610359449701   -0.74199063796   -0.277328475742
0.747311699209   -0.655473719018   0.108992072032
-0.262652649908   -0.140726474836   0.954573014752
0.036739748861   -0.731706915091   0.680628491871
0.83684534054   -0.349738157071   -0.421156794101
0.546205116741   0.585053980082   0.59947626752
0.992847444698   0.104904177142   0.0570005714353
-0.079463218795   0.224317631025   0.971270916884
0.0891041434761   -0.968853296812   0.231049210374
-0.75893332615   0.106573696086   -0.642387912891
-0.021514152339   0.981873480838   0.188312529157
0.650812818386   0.156737087796   -0.742883663713
0.71416527269   -0.587336887581   -0.380793060543
-0.380258609516   -0.782270007517   0.493413715844
-0.587683047535   -0.207579106803   -0.782009987023
0.0590783089189   0.905872583468   -0.419409962489
0.875698328097   0.154668846197   0.457416742865
0.479230938361   -0.394300013956   -0.784133533049
-0.370114360078   0.848643583371   -0.377915291876
0.920194906308   0.390739180934   -0.0237585049112
0.127503858119   -0.35654901564   -0.925535695187
-0.970665688095   0.233381145769   -0.05787414853
0.153378003412   0.415596329976   -0.896525106786
-0.18517927621   -0.879099152444   -0.439202912108
0.609249618257   0.719408088941   -0.333566929658
-0.788928753119   0.507443838978   -0.346543162006
-0.0800394746258   0.47429183231   0.876721699224
-0.642413306805   0.205002337954   -0.738430230492
-0.358209833243   0.771495378883   0.525814224418
0.67748865617   0.602303017314   -0.422185047058
-0.811801045116   0.455584871896   -0.365163337117
0.412317204602   0.00454832559563   -0.911005711356
-0.413396130924   -0.890156900684   -0.191503382056
-0.973702306212   -0.129041539641   0.187755755894
0.199920860914   -0.0887663509587   0.975782892186
-0.109250135906   0.987658283192   0.112230028057
-0.601271544971   0.499051751778   0.624035069789
0.659549327776   0.750844721035   0.0350267329168
-0.451073279534   0.432642504657   -0.780610810464
0.928692907438   0.370546492327   -0.0149926876554
-0.365227130663   0.906851891314   -0.210306419846
-0.0643321590403   0.200785816792   0.977520551745
0.998216579579   -0.0492830166803   -0.0336874535239
-0.0118589943484   0.389356508764   -0.921010789886
0.0585066193783   0.919767739758   0.388077675398
-0.843485497114   -0.399381938466   0.359208497778
-0.529970708379   0.509737003051   -0.677717066692
0.0875655520717   -0.762012756752   -0.641617335785
-0.342584584011   -0.763464725264   0.547501465597
-0.405603593834   -0.405465177856   -0.819197273872
0.847420772829   -0.502712703369   -0.170758174774
0.406024333788   0.265326568061   -0.874497600358
0.370054551536   0.827225102383   0.422798130301
0.835585943897   -0.495278146478   0.237688216932
0.191764946361   -0.402503448137   0.895107335911
-0.947386878141   -0.314081547535   0.0617318784649
0.256289429531   -0.859850973094   -0.441556300797
0.0520333386166   -0.601545624014   -0.797142012286
0.998331912282   0.0513303797026   0.0264306429002
0.0250183620867   -0.797187586578   0.603213089041
-0.998442102235   0.0537947257809   -0.0179992232556
0.0176689429037   -0.00663526667201   -0.999848192145
-0.0539041094566   -0.998556321074   0.00562187523524
-0.619338159154   -0.103434233317   0.778281252396
0.336787724545   0.860449368674   0.382362290887
-0.709220964897   0.498927101163   -0.498073756323
-0.81250809685   0.576515798381   0.0863725836657
-0.0164822294206   -0.170824610372   0.98516361631
0.582716933944   0.799029754768   0.148298588012
-0.939695781516   -0.0126226074067   0.34177849974
0.249407080467   0.658505298311   0.710047101574
-0.2340255997   0.752470230656   -0.615646489255
-0.589177345303   0.185447007793   -0.786434230713
0.51021008231   -0.66933415083   -0.540071077833
-0.626542148498   -0.719444580564   0.299740119325
0.297671414004   -0.092985798619   0.950129109625
0.748699526288   -0.594755466453   -0.292770987215
0.592318075899   0.798510784445   -0.107423238702
-0.212980396846   -0.827543500672   -0.519433492573
-0.249482322345   0.560068727621   -0.789988359814
0.9446681796   -0.0386625438984   -0.325741140753
0.94510908383   -0.161307285896   0.284163296437
-0.200066949597   0.401908601114   0.893556204469
-0.258344799065   -0.901359769672   0.347575213146
0.99609257501   -0.0438045014579   0.0766860324577
0.0533263932031   0.990482770323   -0.126886473933
-0.0703979950711   0.130480064114   0.98894846929
0.891365052945   -0.385397457252   -0.238615104318
-0.1930062703   -0.799002174179   0.569512537599
-0.410142594338   -0.461589374662   -0.786586755402
0.845159903142   -0.534163022555   0.0193545869076
0.533794617139   0.845347053652   0.0212523452437
-0.0277135600811   -0.007630255589   0.999586783515
