-0.176958520321   -0.85841704474   0.481462190806
0.699473310847   0.234455019066   0.675105858071
-0.692403604329   0.456235695107   0.558951010732
0.789141134103   0.219765116984   -0.573549963323
0.265501116925   0.719998670879   0.641179433806
0.553864084395   -0.65825922157   0.509832683675
0.953756777847   -0.157235297018   0.256173903729
0.0496895214381   0.923017924408   0.381534874944
-0.296443854784   -0.35116231391   0.88814754828
-0.599726590718   0.754623208686   -0.2662171126
0.272342984125   -0.120340131198   -0.954645147136
-0.752434074938   -0.645028581431   -0.133345021937
0.544361805587   -0.735469218763   0.403429368212
0.568810525862   0.677108588409   0.466881726755
-0.616542628334   -0.0246777097901   0.786934685438
0.22816935452   -0.951098018205   -0.208209496533
-0.794215016877   -0.0581220588019   -0.604850544436
0.563170615042   0.303371445434   -0.768637996813
0.947146959595   -0.19286233626   0.25635264483
-0.0998836874187   -0.93667448528   -0.335650579525
0.304853748946   0.292304946589   -0.906432131115
-0.995333466522   0.0780056839417   0.0569205042996
-0.0911733905245   -0.564930977712   -0.820092081862
-0.031815772774   -0.821449160414   0.569396132309
-0.990383347735   0.0216972467421   -0.136629770952
0.0153015938519   0.998745086414   0.0476876514557
0.137493003649   0.0451384576562   -0.98947250339
-0.86352296926   -0.26042117545   -0.431868521191
-0.500935543269   0.344015145449   0.794177372251
-0.0582510919044   0.902128000055   -0.427519650167
0.884093070243   0.0249710947787   -0.46664320931
-0.460821331614   0.212424363535   -0.861695753285
0.0776088957474   0.97685839062   0.199310122131
0.22406782998   0.662505508084   0.714758734747
-0.351332574468   0.739003022482   -0.574839065628
-0.90904291387   -0.122315089064   0.398346572276
-0.483297943364   0.772022525477   0.412782533543
0.834316412615   0.263358984359   0.484304418985
0.265187336581   0.578459909384   -0.771389666829
-0.827605407432   0.55693827286   0.0699253277582
-0.542883592699   -0.825858584907   0.152431964116
0.142643597881   0.0881921715897   0.985837181659
0.00088525644318   0.527807554321   -0.849363534274
0.484849384146   0.742625015463   0.461983943494
0.874597222981   -0.412222361056   -0.255249754087
0.6960282476   -0.708559053708   0.116141034692
0.713339490127   0.663962309239   -0.224278436525
0.0818012491165   0.238952113764   0.967579682677
-0.159843491315   -0.93208299687   0.325070672617
-0.955070124174   0.229283485009   0.187802751833
-0.249581075325   -0.280446256227   -0.926854095662
0.0562976999761   0.923103658049   0.380405289264
0.864211229174   -0.235847994435   0.444423252938
0.499967497917   0.303731316922   -0.811033851934
0.938712809066   0.0323483675872   -0.343178756904
-0.0146436624076   -0.990942583188   -0.133462792669
-0.344388790797   0.130308622087   -0.929736611416
0.815663213162   0.146741837662   0.559607320188
-0.564063608248   -0.0132213675866   0.82562547501
0.128552579044   -0.989086453357   0.0719875494328
0.172748645439   -0.693340497212   -0.699597633121
0.983986301227   0.08981032488   0.153964447743
-0.0439187014975   -0.714991641277   0.697752173856
-0.46729655652   0.381900980935   -0.797361617828
-0.838594749704   0.094154652526   0.536557299061
0.279987061476   0.919394654198   0.276262023539
-0.244893247633   0.89188362305   0.380224850984
-0.173346821023   -0.426124665362   0.887901284896
0.953927782388   0.151530244552   0.258960215212
0.14468282089   0.741074866122   -0.655650290187
0.625082737273   -0.582114592246   -0.520017858703
-0.767033787902   -0.33459683891   -0.547456324765
-0.137093651204   0.432297925585   -0.891248485828
-0.916409064896   -0.39690864566   -0.0515556844126
-0.376031628633   0.809680224751   0.450575367726
0.947662466137   0.153220070939   0.280106157414
0.0243493825605   0.840083117484   -0.541910934656
-0.318344086059   0.5203690646   0.792384424783
-0.0994595508167   -0.855604751854   -0.507984520773
-0.0113638023653   0.511459281446   -0.85923236249
0.994976697585   -0.0796862432171   -0.0605924257789
0.935044476883   -0.107864294715   0.337723436627
-0.0810617250872   0.862313519096   0.499844366166
-0.345138845173   -0.494753158239   0.797557827568
-0.956754112411   -0.252141652285   -0.145076260785
0.238302531065   -0.965364118471   0.106230845726
-0.166836560587   0.0670647156004   0.983701120269
0.18066337208   -0.120450502327   0.976141724989
0.294667342612   -0.940255978395   -0.170559174385
0.938366744921   0.318450861607   -0.134377229016
-0.332680745425   -0.247324323272   0.910029808027
0.863141814256   -0.468583827845   0.188189959075
0.37988127206   0.84809193566   0.369364740906
0.617676176711   0.521227598527   -0.588895753689
0.195132479408   -0.826979738963   -0.52728469794
-0.761839703389   0.210778622577   -0.612514333565
-0.344668254126   0.113429863099   0.931846273643
0.802146870736   0.551221737501   0.229597472833
-0.48761071493   0.826612525867   -0.280976046863
0.730364327207   -0.329135779974   -0.598529530281
0.49174665964   -0.354806256573   0.79517155191
-0.474081409687   -0.875089831146   -0.0972864229948
-0.99132890855   -0.00505692039769   0.131244142446
-0.125498953677   -0.258244241924   -0.957888074391
0.0387377076772   -0.966061063282   0.255380657855
0.719151384755   0.625835651752   0.301912339235
0.285127515194   -0.66201924533   0.693132774059
0.633658917452   -0.412383898075   -0.654535040711
-0.521465415688   0.390180023171   0.758836827126
-0.840594319842   -0.082174792237   -0.535395615255
-0.146543406996   -0.917064242517   0.370834449053
0.378353970832   0.865830888464   -0.32739142562
-0.441039303826   -0.142339478573   -0.886128549223
-0.813838193666   0.479662741776   0.32801074515
0.727525693564   0.660351624979   0.186123248232
0.560566177859   -0.728548433441   0.393676595536
0.395565029276   -0.18207534984   -0.900208447677
0.600613829898   -0.798797854421   0.0344229782345
-0.74841786289   -0.546542196657   0.375715376959
-0.28130704962   -0.251422611847   -0.926095383193
0.484756389796   -0.843912339528   0.229833184959
-0.798950171788   -0.320306902444   0.509001311003
-0.355935320972   -0.43036690718   -0.829514726806
0.622025370662   -0.70813221567   -0.33411554809
0.0386448457033   -0.398428863199   0.916384745841
-0.782042844252   -0.582926403279   -0.220467198227
-0.168353428383   -0.595973862373   -0.785157481455
0.326509909666   0.717844763267   -0.614890374659
0.93007977841   -0.359880604266   0.0737397467817
0.891482607708   0.443377000713   0.0931428875356
0.324098420763   -0.48045442818   -0.814937902435
-0.316573808011   0.756690429703   -0.572014552417
-0.23270740668   0.803548765782   0.547865385957
0.635315967206   0.552122100123   -0.539939579245
-0.736356382422   0.222419667367   -0.638990260675
0.105614103074   -0.0496185733582   0.993168489743
0.874627853314   -0.470584194687   -0.116518747323
0.473150895644   0.880958851166   -0.00630253420868
-0.0158743249872   -0.726879615172   -0.686581425423
0.967503350392   0.162142416342   -0.194028664571
0.25235945726   -0.667349893791   0.700684544093
0.0812188198152   -0.508250237436   -0.857371079784
0.992486595182   -0.0377364440591   0.116388505256
-0.0915086372311   -0.860382253372   0.501366662801
-0.38188120157   0.331583874291   0.862681206128
0.564696805542   0.8226375298   -0.0662194077549
-0.7316312233   0.461865376991   -0.501394162524
-0.0914479707794   -0.995750977288   -0.0108938994552
-0.955233766327   0.0846241464474   0.283493199323
-0.281366553597   0.036330890779   -0.958913693934
0.456425762937   0.089517542899   -0.885246929564
-0.231407432079   0.97263116023   -0.0209577245676
0.859142664037   0.214418365244   0.464648944294
-0.804836559507   -0.406271002328   -0.432664740399
-0.340385428702   -0.281233904445   0.897249782216
-0.486202287988   0.869403982293   0.0880484846296
-0.713823980695   -0.125254991988   -0.68902806451
-0.315261426905   -0.821069112246   0.475866031404
-0.625346879264   0.556910615917   0.546616901995
0.068962274819   -0.262423284397   -0.96248545285
0.684133224144   -0.689749922568   0.237079768766
-0.726089497765   -0.674817830931   0.131965742758
-0.897138760368   0.426650830282   0.114505645838
-0.441385797487   -0.855248620086   -0.271530468649
-0.0179179152284   -0.294141609854   0.955593884301
0.488101980453   -0.869197860665   0.0790666894375
-0.549982026525   -0.235968337371   0.801148380756
-0.677699220055   -0.434527371407   -0.593219814514
-0.58427056785   -0.167495586171   -0.79408735498
-0.45669872333   -0.740977822661   0.492320927243
-0.670861964069   0.650306733709   0.356435162766
-0.346745820839   -0.894249983348   -0.282991572417
0.937294177495   -0.341711488656   -0.0686499138576
-0.0353112957852   -0.289050433527   0.956662404885
0.645782824826   0.363769653161   -0.67129439627
-0.544069883506   -0.397601858641   -0.738850905261
-0.535679464687   0.842368291059   -0.0588483228279
0.749923719167   -0.571929896977   0.332431823207
-0.504334474709   -0.81949346396   -0.272175396053
0.428090483142   0.0364541018331   -0.903001653298
-0.694653985316   -0.409122449257   -0.591672886836
-0.612592351534   -0.0947134148542   0.784704634947
-0.377079029309   0.907551417155   -0.184833246597
-0.899469652679   0.211302178885   0.382531135954
0.0745674473896   -0.788302131246   0.610771936324
0.43060234157   0.577887576964   0.693275920332
0.576421422829   0.172506669095   0.798736393612
-0.353226786921   -0.828822887824   0.433916587229
0.736864447754   -0.532253902559   -0.41681732542
-0.450723711672   -0.464174332739   0.762489325593
0.429305610537   -0.861620912548   -0.270750148553
0.782652206014   0.2053074256   0.58762597381
0.764081115652   0.129579397338   0.631972492777
0.204127641815   0.880724846712   -0.427382325111
-0.611973821081   0.455557818236   0.64649448664
-0.639184590796   0.521811153612   -0.564938816292
-0.0516009406537   -0.762033940775   -0.645477559559
-0.767320069535   -0.383428033583   0.51400657704
-0.598147470818   -0.353051376666   0.71942647493
-0.520415944184   0.853803159889   -0.0136901631752
-0.609415270923   -0.382589729297   -0.694433768138
0.574924565632   0.537975984315   -0.616476723842
0.0894613290827   -0.790263319092   -0.606201631243
-0.813300916843   0.293369370287   -0.502469814286
0.906861926312   0.414985570686   0.0734033700893
0.399139705675   -0.901661825814   0.16639090656
0.135235254175   -0.121595290018   -0.983319976104
0.671191569224   0.739244519213   -0.0549493246323
0.31237733219   -0.214838138267   0.925345888763
0.672251656597   -0.63824928698   -0.375120780478
0.229623605074   -0.180579727709   -0.956380671012
0.783369118155   0.617430215736   0.0715036104385
0.577586227906   -0.765617987984   0.283237126724
-0.257578465193   0.246687899296   -0.934236772523
-0.342407305773   0.880815908243   0.326987104249
0.903554372325   0.404114352298   -0.142411464511
-0.175780217771   0.0918116865394   -0.980146991412
0.0644473133323   -0.992446176281   -0.104520694076
-0.982325839202   -0.0815392292133   0.168519294974
0.558642243771   -0.822277848921   -0.108526440179
0.366283083953   0.127189126698   0.921769840836
-0.744147533392   -0.55469097364   0.37223968116
0.197861964207   0.896605056326   -0.396169180504
0.316110175649   0.324202819056   0.891609158717
0.927860443958   -0.301648649969   -0.219278575826
-0.481068657698   -0.607408180085   0.632161341836
0.151737482103   -0.767889612461   -0.622351136209
0.863451443841   -0.203471135498   0.461574475818
0.186181451356   0.47793483615   -0.858437411441
0.787989257574   0.449240982766   0.421017208099
0.5868640617   -0.754825047255   -0.292967179837
0.23075282823   0.535495979918   -0.812402117325
0.350680275096   0.733053712897   0.582799796669
0.907621335911   -0.419376100691   -0.0186336601971
0.269879052356   0.253101726882   -0.929034362271
0.771250119321   -0.634470451162   0.0511915487741
-0.576488147213   -0.730333373925   -0.36643504395
0.947916040893   0.309959320029   -0.073351240481
0.262906787595   -0.891389539535   -0.369194929985
-0.179819925452   0.330681259247   -0.926452853162
0.734813245171   0.599431994802   0.31738114703
0.0128889963612   -0.480183799889   0.877073241601
0.678147021415   -0.640394316783   -0.360571503348
0.605658183441   0.0234446698419   0.795379355496
0.373862112462   -0.890752834589   -0.258429066655
0.702427998131   0.453881932977   -0.548256637042
-0.74247756872   0.534915594888   -0.403227466719
-0.200472088027   0.396924457828   0.895690752926
0.639169793947   0.745866133632   -0.187471868039
-0.788225479256   -0.391579453877   -0.474727906039
0.360441560813   -0.919027990612   0.159593004077
-0.498781449845   -0.0453164099755   0.865542328737
0.0230265552573   -0.970824075162   -0.238684650173
0.905105220855   -0.0811464624456   0.417372443915
-0.424563642254   -0.225645369649   0.876829445772
-0.621019641189   0.570084697934   0.537901585696
-0.640217118529   0.0269622997689   -0.767720730231
-0.452168906334   -0.821143419668   0.348233820894
0.997060834186   -0.0765413037152   0.00333493722076
-0.00697450019647   -0.134029167543   -0.990952853122
0.0762958015076   0.988017018876   -0.134169070956
-0.4404008492   -0.89658434253   0.0467257063117
-0.875460039189   0.417321977122   -0.243745684904
0.199038927558   -0.148252338451   -0.968712710778
0.108612791901   -0.987836412135   -0.111276657002
-0.0134623450962   0.110466961688   -0.993788622251
0.993992976231   0.109436206588   -0.00130047397244
0.372316812913   -0.331736478074   0.866793575507
-0.853718522056   0.24394264763   0.460061596854
-0.364067134638   -0.911286396758   -0.192385627071
0.439062234376   0.218862103892   -0.871391838387
0.451273533178   0.784938224646   0.424528188204
0.77690189521   -0.579630368258   0.245870055816
-0.440039116973   0.185324163087   0.878646950828
-0.886635675184   -0.244698085988   -0.392428298209
0.142276804553   -0.951723565075   0.27199178893
-0.795017661441   0.598347647521   0.0996336534261
-0.586654739049   -0.800211136434   0.124491799124
0.154217344487   0.0405226307589   0.987205614863
-0.610731840919   -0.741721148721   -0.277229960708
0.746853713759   -0.655903147463   0.109547656967
-0.263089801817   -0.140145982609   0.954538036132
0.0366874275787   -0.731561582848   0.680787545052
0.836665231422   -0.350055660197   -0.421250902632
0.5464845117   0.585045881054   0.599229500979
0.992878233822   0.104521759661   0.0571665516939
-0.0795261851827   0.224206265639   0.971291482585
0.0887039950933   -0.968920409543   0.230921737784
-0.758978635436   0.105773774937   -0.642466559117
-0.0227845776523   0.981797928094   0.188556863549
0.650716707999   0.157748966101   -0.742753640364
0.714145918142   -0.587265047466   -0.380940087585
-0.37929937545   -0.782032412329   0.494527205612
-0.588326074629   -0.208674237345   -0.78123451017
0.0585420550715   0.905633855802   -0.42000028216
0.875459063989   0.155606659017   0.457556636572
0.479733618864   -0.394479362726   -0.783735834216
-0.369764194141   0.848568582929   -0.37842522055
0.920268381036   0.390589709558   -0.0233605965707
0.127985914646   -0.356890698496   -0.925336922193
-0.970827576731   0.232856041581   -0.0573679003171
0.152708968909   0.415788633157   -0.896551991555
-0.184913447057   -0.879149342629   -0.439223711185
0.609689835999   0.719131234062   -0.333359530687
-0.788554486858   0.507650189085   -0.34709236899
-0.0803749324081   0.474490842432   0.87658331729
-0.642198913079   0.205152645542   -0.738574931574
-0.358478516505   0.771285176376   0.525939471164
0.677549769926   0.602521008888   -0.421775683379
-0.812200196712   0.455312602896   -0.364727721195
0.411795996803   0.0046026175425   -0.91126595424
-0.413231090288   -0.890321299298   -0.191236400152
-0.973778773468   -0.128908294134   0.18745581256
0.199573588677   -0.0884817787129   0.975880388142
-0.109212694599   0.98770177734   0.111887195917
-0.601942259753   0.498404693608   0.623905764655
0.658692133431   0.751593600232   0.0350963383008
-0.4514314069   0.432087770014   -0.780711203819
0.928804280832   0.370269687163   -0.0149320761107
-0.364985703243   0.907093695166   -0.209681818255
-0.064094029031   0.200203364722   0.977655649125
0.99822125024   -0.0491970186876   -0.0336747521673
-0.0118990368964   0.389068643099   -0.921131916893
0.0584187341716   0.919894150841   0.387791190201
-0.843123589298   -0.399724839558   0.359677014823
-0.530511437286   0.50914804256   -0.677736813025
0.0877787973235   -0.762226754622   -0.641334242951
-0.342908370491   -0.762684537576   0.548384375631
-0.405034764217   -0.406679983697   -0.818875737941
0.847561187803   -0.502914436614   -0.169459356468
0.405317766261   0.264520440948   -0.875069387528
0.370576773536   0.827506900189   0.421788076722
0.835697523978   -0.495238592065   0.237378116854
0.192500353231   -0.402423042501   0.894985649628
-0.947151619638   -0.31469408532   0.0622209681019
0.25660753612   -0.859664663877   -0.441734360825
0.0520281053453   -0.601662523295   -0.797054132227
0.998346739266   0.0508620523461   0.0267739653193
0.0244309196578   -0.797129390428   0.603314070227
-0.998392878973   0.0540478992717   -0.0168331318695
0.0164967402326   -0.00666230389417   -0.999839927137
-0.0541515217323   -0.998514319837   0.00576356951213
-0.620253461043   -0.103074952635   0.777599591064
0.336566217569   0.860465148127   0.382521768874
-0.708525758935   0.498974224395   -0.499014933329
-0.812267145558   0.576914128943   0.0859813799767
-0.0169640135922   -0.170711932552   0.985175143048
0.583039391568   0.798766504094   0.148450105386
-0.939896169376   -0.012679873428   0.341223103249
0.248914829993   0.65862508908   0.710108574319
-0.233742150223   0.752364273953   -0.615882783013
-0.589463342781   0.185657017838   -0.786172071229
0.509944894324   -0.669271887709   -0.540401273284
-0.626491227876   -0.719450347934   0.299834716623
0.297499964995   -0.0928409555863   0.950196979161
0.749008676975   -0.59445439686   -0.292591706966
0.592013297196   0.798751815106   -0.107311456738
-0.212596497256   -0.827526555868   -0.519617613265
-0.24952785811   0.560120077446   -0.789937543992
0.944742564252   -0.0382789069153   -0.325570486805
0.954467897093   -0.158407111551   0.252780974653
-0.180615936305   0.367536732687   0.912301838012
-0.237421392653   -0.916419089226   0.32219116358
0.996009795893   -0.0445060684522   0.077354355285
0.0542028964321   0.990271560608   -0.128157255307
-0.0708980424906   0.131838711843   0.988732532802
0.891529205634   -0.384689416127   -0.239143759814
-0.191505606608   -0.798559712439   0.570638363127
-0.410489083138   -0.462943400379   -0.785609491243
0.844833382353   -0.534679903277   0.0193378892272
0.534319029562   0.845022276704   0.020988649109
-0.02756315614   -0.0073993090749   0.999592678365
