-0.178160008719   -0.858286273243   0.48125222752
0.698988545178   0.233846676686   0.675818585009
-0.692585046793   0.456793628783   0.55827013347
0.789284335577   0.219224741206   -0.573559720222
0.266594355449   0.719111094248   0.641721658284
0.553134422596   -0.659408636516   0.509139043646
0.953979617432   -0.156474351001   0.255809824245
0.0488999569297   0.92282094223   0.38211294327
-0.295857538207   -0.35201886978   0.888003958552
-0.599350739546   0.755716213611   -0.263954795398
0.26925910416   -0.120201392133   -0.955537266307
-0.753842599191   -0.643773979716   -0.131440895126
0.542182529171   -0.737735374164   0.402224606064
0.570616142559   0.674650624102   0.468234728566
-0.616794401618   -0.0243528415354   0.786747488299
0.22871309645   -0.951253233458   -0.206899897363
-0.792963741328   -0.0587551494144   -0.606429126479
0.564711241815   0.302762392543   -0.767747393581
0.947142805068   -0.191954723513   0.257048451367
-0.0985419144393   -0.936581841357   -0.336310140404
0.305303149882   0.293203689542   -0.905992350512
-0.995192562705   0.0791332042656   0.0575113846811
-0.092329748825   -0.565562895939   -0.8195098876
-0.0323239983169   -0.820889258289   0.570167707875
-0.990381510123   0.0184059577544   -0.13714317845
0.0121078962941   0.998839462407   0.0466168283091
0.137842045558   0.0445078706906   -0.989454993922
-0.862358299082   -0.262114999537   -0.433166066332
-0.502786187177   0.342769073019   0.793545866361
-0.0595244822638   0.902111256471   -0.42737724811
0.884317013305   0.0242634879237   -0.466256047057
-0.460296981242   0.212503937569   -0.861956352667
0.0781671754847   0.976858919188   0.199089258391
0.225114567843   0.66146730891   0.715391107408
-0.350559507696   0.74005347897   -0.573958954831
-0.909082762393   -0.121580629667   0.398480471598
-0.484679669201   0.771153398728   0.412800644975
0.833323248601   0.26368512615   0.485840191655
0.265808766227   0.579474558644   -0.770422316495
-0.826729070592   0.558556013622   0.0673336141455
-0.544927961311   -0.82476609137   0.151043053645
0.139900510822   0.0881797409832   0.98623130009
0.00111699581886   0.525012459818   -0.851093817625
0.485058333937   0.743981907093   0.459575172268
0.874481093016   -0.413343493141   -0.253830644385
0.693604961821   -0.71043206032   0.1191572027
0.715950540941   0.661601739525   -0.22293038138
0.0795422794013   0.239936282553   0.967524472819
-0.157642855234   -0.932400866922   0.325233862759
-0.954828843053   0.227935863062   0.190648710146
-0.251893474697   -0.280488277064   -0.926215700854
0.0543582942408   0.923298302529   0.380215602482
0.864014032719   -0.234361900389   0.445592046629
0.500523137415   0.304290593516   -0.810481906708
0.93909048188   0.0342340488365   -0.341960755585
-0.0126330293337   -0.990916101745   -0.133894361124
-0.343437818287   0.130058922305   -0.930127461304
0.815860200649   0.147480894047   0.559125675773
-0.563637431544   -0.0131693761324   0.825917324325
0.129170357203   -0.988977232675   0.0723813806951
0.170416096077   -0.694138918371   -0.699377946075
0.984390701799   0.0882580123436   0.15226773872
-0.0439692581856   -0.714410022358   0.698344487029
-0.465692644004   0.382783491633   -0.797876633229
-0.838731836059   0.0966385239384   0.535900997807
0.282239668546   0.918769704987   0.276048872351
-0.243171904029   0.892781910153   0.37921999004
-0.173788550643   -0.424729706831   0.888483043292
0.954287629391   0.15015005646   0.258437671684
0.143824741366   0.741533225564   -0.655318838773
0.62529683688   -0.581356029877   -0.520604241363
-0.767019015966   -0.334893095962   -0.547291688913
-0.134310987434   0.432249484938   -0.891695514801
-0.916409315188   -0.396555908432   -0.054197016373
-0.377033785465   0.809878838048   0.449379314031
0.947898192872   0.151195065795   0.280408753211
0.0259669197036   0.840603388496   -0.541028340221
-0.317513363308   0.520121137737   0.792880362708
-0.100846559707   -0.856306363777   -0.506526766246
-0.0108270132398   0.510036715788   -0.860084482128
0.994843067701   -0.0812523966979   -0.0607066841572
0.910634588616   -0.184282396741   0.369844078427
-0.0350276351044   0.857397513583   0.513461357277
-0.41172528326   -0.480530434925   0.774320855581
-0.956904669072   -0.251212519152   -0.145698750694
0.237286660331   -0.965592092232   0.106439486715
-0.167424300988   0.0672799652542   0.983586564495
0.178792752555   -0.119070931019   0.976655185662
0.296586462615   -0.939953390216   -0.168891382647
0.938120305977   0.319859253931   -0.1327421136
-0.340635054671   -0.249675938359   0.906437871364
0.862193858751   -0.46743720072   0.195254029249
0.374952582029   0.848035560464   0.374494614696
0.617113491164   0.522511663705   -0.588347338819
0.195469322473   -0.826060523544   -0.528598324216
-0.762209140444   0.211201339209   -0.611908165263
-0.345683248819   0.11398686148   0.931402256435
0.801555354667   0.551937183751   0.229944306375
-0.487864921147   0.826058330894   -0.282162232526
0.72901878681   -0.330774968653   -0.59926581569
0.49183460495   -0.355756448159   0.794692404173
-0.476057054474   -0.87408535967   -0.0966665477015
-0.991184906701   -0.00213392470506   0.132447215438
-0.127428952796   -0.257699731494   -0.957783448349
0.0361756893696   -0.966220843444   0.255159720829
0.71737629746   0.627220042122   0.303259474478
0.286545433176   -0.662401813553   0.692181913002
0.635029924354   -0.409657301561   -0.654918420792
-0.521743180823   0.390041617302   0.758717027316
-0.840383740517   -0.0819863727869   -0.535754942968
-0.146762254825   -0.917139971331   0.37056050477
0.378012470419   0.86594937417   -0.327472523845
-0.440697121887   -0.142764797112   -0.886230365087
-0.814182178177   0.479322328518   0.327654522995
0.727204193898   0.660589701455   0.186535257131
0.559939271729   -0.728070690112   0.395451244501
0.397041770846   -0.183125424596   -0.899346193407
0.600130084275   -0.799292834276   0.0312213722088
-0.748371215338   -0.547257812925   0.374765430649
-0.282461206295   -0.248273174206   -0.926593625316
0.486097474674   -0.843660305087   0.227917682865
-0.798075805251   -0.322292309793   0.509119347471
-0.356067675611   -0.429377212387   -0.829970354846
0.621160766102   -0.70793935584   -0.336126709728
0.0395691364803   -0.400027408624   0.915648586078
-0.782683575897   -0.582065218167   -0.220468778105
-0.186037020505   -0.565252675942   -0.803666357914
0.332172379562   0.733601538509   -0.592866163186
0.92469006308   -0.377250831059   0.051284287162
0.891109008223   0.443854744895   0.0944336490414
0.32508620189   -0.47920499417   -0.815280144403
-0.316612870834   0.757202560713   -0.571314941314
-0.233295755861   0.803815613853   0.547223497124
0.6354496585   0.551993666871   -0.539913627942
-0.736054908543   0.221773427289   -0.639562137174
0.104588903071   -0.0484373843965   0.993335262436
0.874521842718   -0.471141496794   -0.115052922239
0.47357435574   0.880726659129   -0.00691659317437
-0.0190134671202   -0.728338071516   -0.684954091062
0.967190674136   0.16018962748   -0.197183808778
0.253339008341   -0.666230371689   0.701396056803
0.0788297888451   -0.508557673852   -0.857411778019
0.992772821029   -0.0380215731621   0.113826561805
-0.0904875159726   -0.860188033346   0.501885003681
-0.382710416571   0.331121547289   0.862491262853
0.566264314718   0.821719422403   -0.0642020753191
-0.729984509051   0.463827232404   -0.50198289682
-0.0900923037966   -0.995872930217   -0.0110168268577
-0.954943553138   0.0832373532077   0.284877340551
-0.282784500872   0.0361855730972   -0.958501499037
0.456073870516   0.0863913679239   -0.885738764767
-0.230947568107   0.972669000849   -0.0240465327122
0.859453226562   0.215526208379   0.463560792172
-0.804293628802   -0.40709142373   -0.432887916216
-0.339624389867   -0.282865560159   0.89702002214
-0.487617318282   0.86848501371   0.0892466101929
-0.714012309783   -0.124411190703   -0.688989042429
-0.315683695331   -0.821163808811   0.475427469247
-0.624922274737   0.556964388126   0.547048620206
0.0692165482244   -0.259487834791   -0.96326275427
0.684303971907   -0.690252907334   0.235114863949
-0.725904362985   -0.675438367886   0.129791631688
-0.896939332793   0.427214113714   0.11396407604
-0.441759081839   -0.854976417872   -0.271779538464
-0.0186714540444   -0.294114441942   0.955587813311
0.488838500912   -0.868877144911   0.0780345555145
-0.550100120165   -0.237590045167   0.80058774844
-0.677072184185   -0.434284920541   -0.594112578008
-0.583373090355   -0.166347393614   -0.794985127427
-0.457943955284   -0.74101483123   0.491101845714
-0.670790684201   0.65055532715   0.356112892834
-0.347070015826   -0.894241253619   -0.282621634509
0.937213202233   -0.34172367738   -0.0696874860736
-0.0342610788904   -0.28906316348   0.956696747207
0.645578483125   0.36455964335   -0.671062353823
-0.544023938097   -0.397157982266   -0.739123446283
-0.535972360346   0.84223617858   -0.0580674691833
0.749433694351   -0.571364701906   0.334503058985
-0.503572524706   -0.819926566177   -0.272288106776
0.429842565849   0.0356157008343   -0.902204423421
-0.694377486095   -0.411124264184   -0.590604492535
-0.612241630736   -0.0937668381236   0.785089789575
-0.378149458279   0.906742869562   -0.186596353164
-0.899647041466   0.212421764598   0.381418446921
0.0730937393166   -0.788014642157   0.611277315151
0.430418799542   0.577823194992   0.693436963169
0.576491196931   0.173899796123   0.798383829892
-0.35186981011   -0.829016836668   0.434647708886
0.737458823026   -0.531497746951   -0.416730799548
-0.451840028556   -0.464007826701   0.76193017657
0.429475931271   -0.861739644174   -0.270102859238
0.781915137126   0.20518739452   0.588648390442
0.762438975864   0.128951380596   0.634080709568
0.205820406423   0.88071332516   -0.426593480421
-0.613453148255   0.455758245872   0.644949340114
-0.640424584103   0.521552457018   -0.563772761237
-0.0526655069461   -0.762153665959   -0.645250725458
-0.76621344031   -0.383542942712   0.515569466985
-0.597952654795   -0.352619608465   0.719800250902
-0.520828594985   0.853537680077   -0.0145271111429
-0.60925410472   -0.383579032324   -0.694029502794
0.574871213204   0.539801863313   -0.614928370806
0.0912476305963   -0.789126602667   -0.60741460731
-0.813140100332   0.293074365354   -0.50290169521
0.905906447753   0.417322678905   0.0719399823165
0.401612176042   -0.900526056106   0.166619103937
0.134317681036   -0.122049364658   -0.983394234046
0.669888875417   0.740245135495   -0.0573240636847
0.313407214352   -0.211936620483   0.925666699964
0.673071190063   -0.638059605998   -0.373972153851
0.229608534689   -0.182037558714   -0.956107852177
0.783212605556   0.617747248087   0.0704722679897
0.577804389282   -0.765016766663   0.284414157641
-0.255487066422   0.244341254128   -0.935427015436
-0.345239848005   0.880690177055   0.324336643802
0.903070206034   0.405810500967   -0.140648611467
-0.176520328941   0.091609123743   -0.980017223326
0.0678873095875   -0.992142940666   -0.104971445129
-0.981945672003   -0.0850615044691   0.168928789451
0.558534314474   -0.821987200761   -0.111249549952
0.368172954535   0.125486832388   0.921250092253
-0.743295429912   -0.555508864657   0.372722157398
0.198014152326   0.896551480361   -0.396214357426
0.314856966802   0.324619248081   0.891901012511
0.928253987024   -0.301359865814   -0.218006270973
-0.481733891634   -0.605951765741   0.633051728133
0.15082900766   -0.768952527306   -0.621258492183
0.863239621047   -0.203798825454   0.461825985763
0.185601365152   0.478081539784   -0.858481322255
0.787269846115   0.450458309657   0.421062352588
0.588012184177   -0.754006204674   -0.292773503306
0.229596988081   0.5352853775   -0.812868257226
0.350901418922   0.733485084061   0.582123553175
0.907828966915   -0.418890441042   -0.0194264325711
0.269036956227   0.253660334885   -0.929126245393
0.771302177251   -0.634493114874   0.0501149061205
-0.576812011614   -0.73011984424   -0.3663508849
0.947678691554   0.311035994066   -0.0718452051583
0.26452318169   -0.891123007106   -0.368684411732
-0.178696976632   0.330389647993   -0.926774520225
0.734201009534   0.600828131663   0.316155725291
0.0148519035452   -0.479768028143   0.87726969018
0.678769701293   -0.639396781779   -0.361169618451
0.605126635945   0.0241120669373   0.795763913923
0.376276311217   -0.889517149811   -0.259180692461
0.7015965622   0.45626428959   -0.547343174496
-0.742617494712   0.535001940834   -0.402855007501
-0.200004674686   0.396915027173   0.895799410261
0.639153630881   0.745809209264   -0.187753146391
-0.789316265003   -0.389461066666   -0.474658938115
0.359022531566   -0.919899717697   0.157761258507
-0.498080166047   -0.0458897636593   0.865915912441
0.0228483657706   -0.970110015254   -0.241587497545
0.904349966664   -0.0829576800463   0.418651609957
-0.426179655147   -0.228045151293   0.875423504135
-0.620535896655   0.570352066728   0.538176240209
-0.640692483214   0.0269705540118   -0.767323724314
-0.452159581896   -0.820957414195   0.34868411823
0.997164939432   -0.0751400527087   0.0040069965008
-0.00618494418532   -0.13491728295   -0.990837556361
0.074992199644   0.988003688813   -0.134999521301
-0.438569106632   -0.897467203281   0.0470791788697
-0.876406617306   0.415501360638   -0.243460015567
0.198935344249   -0.148033634932   -0.968772382585
0.109350835403   -0.987923678298   -0.109768641526
-0.0117610211561   0.109137244163   -0.993957088769
0.993933613067   0.109981006503   0.0003152777283
0.373769344517   -0.332593869204   0.8658393535
-0.853447925085   0.24222861443   0.461467145514
-0.363212206663   -0.911431075501   -0.193313915729
0.440810797511   0.217225482442   -0.870918435139
0.451808353641   0.784699291111   0.424401025323
0.775599795299   -0.580568780156   0.247759632927
-0.439748031849   0.185007345355   0.878859447232
-0.886709067547   -0.244934499025   -0.392114908059
0.142718868246   -0.951724410613   0.271757169964
-0.795146478103   0.598232710527   0.0992944797112
-0.586305296255   -0.800219107763   0.126076046765
0.154880177005   0.0420320596697   0.98703871986
-0.611618648845   -0.741074875232   -0.277002828791
0.745767339829   -0.656921379006   0.110838998458
-0.264109092429   -0.138788465061   0.95445489506
0.0365916030387   -0.731241234361   0.681136789007
0.836264244498   -0.350746374321   -0.421472553457
0.547104360742   0.585032697474   0.598676512819
0.992950105312   0.103622563783   0.0575539124579
-0.0796719336472   0.223946025429   0.971339581761
0.0877637257249   -0.969077171531   0.230623039361
-0.759085931371   0.103845395275   -0.642654410042
-0.0257810203949   0.981624947689   0.189070889211
0.650479742847   0.160089337683   -0.7424604475
0.714122142846   -0.587059023994   -0.38130239806
-0.377042832988   -0.781508317401   0.497076471067
-0.589803796623   -0.211206103944   -0.779438918383
0.0572818698624   0.905069940146   -0.421387296067
0.874887816962   0.157816251847   0.457892339073
0.480926353587   -0.394895543016   -0.782794654202
-0.368979771929   0.848393108842   -0.379583992065
0.920429911611   0.390262754434   -0.0224539923328
0.129087768494   -0.357665397863   -0.92488547491
-0.971456671596   0.230975421425   -0.0542517435023
0.14915995514   0.416719305059   -0.896717642505
-0.18451071719   -0.879205082614   -0.439282962685
0.610735378435   0.718482785882   -0.332843503165
-0.787665910063   0.508165629033   -0.348353448208
-0.0811463205099   0.474921253626   0.876279111853
-0.641688742987   0.205480659914   -0.738927000927
-0.35911855607   0.77080537243   0.526206157869
0.677694088055   0.60302301473   -0.420825193056
-0.813060547438   0.454636576275   -0.363684485277
0.410550149779   0.00478517023515   -0.911833974624
-0.412806729396   -0.890672895217   -0.190554361991
-0.973962201206   -0.128595594488   0.186712816723
0.19871809689   -0.0877982881907   0.976116314391
-0.109131209187   0.987803175906   0.111066005784
-0.603527439734   0.496859338663   0.623607034472
0.656659897945   0.753361487383   0.0352745642295
-0.452275042745   0.430786854528   -0.780941938907
0.929079280786   0.369585854471   -0.014764335986
-0.364380406678   0.907676003525   -0.208209488516
-0.063550048556   0.198822956557   0.977972813066
0.998233093976   -0.0490031067885   -0.0336063324376
-0.0119564396001   0.388355704715   -0.921431971311
0.0582042404548   0.920205699682   0.387083613999
-0.842258569265   -0.400555577203   0.360772268559
-0.531790997907   0.507736450439   -0.677792203635
0.0883161068808   -0.76273138544   -0.640657395481
-0.343689751484   -0.760836777138   0.55045832192
-0.403711047815   -0.4095279204   -0.818109934001
0.847876379838   -0.503402297167   -0.16640743357
0.40365095693   0.26260659601   -0.876415244703
0.371775453346   0.828190158553   0.419385352264
0.835971840258   -0.495114973654   0.236669063735
0.194221232292   -0.402238028629   0.894696972316
-0.946592705829   -0.316146413112   0.0633536114176
0.257372013276   -0.859218248836   -0.442157926058
0.0520029800837   -0.601945437245   -0.796842148368
0.998381458469   0.049734619272   0.0275855011158
0.0230256860811   -0.796986942846   0.60355748918
-0.998364404575   0.0546182631894   -0.0140927513312
0.0137422443747   -0.0067658405708   -0.99986082392
-0.0547075043614   -0.998462498953   0.0060478526963
-0.619967737249   -0.134802097717   0.772960796126
0.326384266576   0.851548724095   0.410290239214
-0.713521764509   0.506648955702   -0.483935451235
-0.811693809018   0.577858099632   0.0850497358339
-0.0181055460941   -0.170435310111   0.985202606304
0.583802732159   0.79814284621   0.148803557565
-0.940369778236   -0.0128168005834   0.339913541574
0.247753637064   0.658906003839   0.710254289041
-0.233074283104   0.752116180787   -0.616440021859
-0.590136230111   0.186132780701   -0.785554323463
0.509330786258   -0.669117642212   -0.541170579927
-0.626357052593   -0.71947066261   0.300065977092
0.297075647461   -0.0925166777592   0.950361397632
0.749727708914   -0.593759591153   -0.292161002143
0.591315892109   0.799306169764   -0.107029250664
-0.211736996718   -0.827430234583   -0.520121811682
-0.249604613813   0.56032183385   -0.789770217623
0.944915355391   -0.0373987536981   -0.325171272899
0.954516011178   -0.159717825399   0.251772516569
-0.179213357315   0.36752896914   0.91258151509
-0.238289228479   -0.916194665654   0.322188717904
0.995811996373   -0.0461627093397   0.0789143342184
0.0562721567907   0.989770220544   -0.131104366408
-0.0720549252225   0.134995980634   0.988222734488
0.891916646626   -0.383009510488   -0.24039223508
-0.187965603918   -0.79752006438   0.573263421468
-0.411282923976   -0.466117724963   -0.783314044628
0.844067518858   -0.535889672371   0.0192946637419
0.53554774609   0.844260502646   0.020317891691
-0.0271778707954   -0.00681645880995   0.999607372538
