-0.179381639058   -0.858148668513   0.481043728225
0.698478187815   0.233243917432   0.676554123432
-0.692784545787   0.457359949619   0.557558464568
0.789405203922   0.218655857364   -0.573610529823
0.267736050407   0.718223158932   0.642240532124
0.552410020905   -0.660564235961   0.508427043589
0.954208156617   -0.155748230153   0.255400240227
0.0481625863079   0.922620225278   0.382690848188
-0.29524084945   -0.352865992709   0.88787298199
-0.598977492518   0.756812263198   -0.261649910318
0.266202080913   -0.119974799194   -0.95642153842
-0.7552230991   -0.642526968546   -0.12960255332
0.539973425416   -0.740020266354   0.4009971438
0.572457858741   0.672156145757   0.46957227198
-0.617025691455   -0.0240025838689   0.786576870977
0.229280050755   -0.95140912682   -0.205551098078
-0.791678573193   -0.059419713492   -0.608041304059
0.566282277018   0.302142125659   -0.766833971773
0.947139332228   -0.191008211361   0.25776534931
-0.0971598413451   -0.936495919937   -0.336951536116
0.305756565493   0.294095623317   -0.905550468972
-0.99506301802   0.080287851699   0.0581701803168
-0.0935593989414   -0.566229714043   -0.81891092254
-0.0328107890526   -0.820318426622   0.570961381032
-0.990365592073   0.0150223645222   -0.137707220881
0.0088273045447   0.998925879781   0.0454881565997
0.138242644698   0.0438340308497   -0.989434433879
-0.861198028121   -0.263797667179   -0.43445082819
-0.50461837307   0.341509177281   0.792925813665
-0.0608031979748   0.902098575105   -0.427223820162
0.884566899405   0.0235443211523   -0.465818699818
-0.459722723496   0.21256838069   -0.862246873913
0.0787173021625   0.976862487259   0.198854814765
0.226166091102   0.660401040043   0.716044250194
-0.349778390203   0.741124379738   -0.573052992668
-0.909122642812   -0.120851648595   0.39861121591
-0.486057409602   0.770288836734   0.41280566614
0.832325112597   0.264008332044   0.487377769872
0.266436328105   0.580480225011   -0.76945474296
-0.825826414859   0.560193186331   0.0647663246963
-0.546979720068   -0.823653922696   0.149692188677
0.137201562164   0.0881938745348   0.986609129495
0.00133513541953   0.522178937979   -0.852834881446
0.485318024941   0.745327814667   0.457113611011
0.874336658815   -0.414506448002   -0.252427737264
0.691119569747   -0.712340576486   0.122166445109
0.718596475287   0.659194104781   -0.221545107177
0.0772841699451   0.240902536103   0.967467376633
-0.155440633949   -0.932711132953   0.325405070735
-0.954583891819   0.226582938961   0.193468270276
-0.254181256341   -0.280553596641   -0.92557121935
0.0524100687112   0.923487543299   0.380030549962
0.863812565042   -0.232873022269   0.446762875685
0.501079149443   0.30486057795   -0.809924893269
0.939464020786   0.036145205781   -0.340735769944
-0.0105814075245   -0.990885678023   -0.134287694868
-0.342484123187   0.129763921324   -0.930518963251
0.816077020893   0.148225791804   0.558612046311
-0.563178606279   -0.0131249213206   0.826230982302
0.129800466369   -0.988866468908   0.0727666425268
0.168027268219   -0.694930504109   -0.699169815138
0.984798063492   0.0866463451924   0.150549605439
-0.0440410045837   -0.713837519338   0.698925164427
-0.464063354141   0.383665083023   -0.79840233088
-0.838880749372   0.0991079723313   0.535216481892
0.284471907611   0.918138714043   0.275856888558
-0.241433659436   0.893677030037   0.378221067871
-0.174224015047   -0.423336156012   0.889062718226
0.954649570669   0.148754463269   0.257907580526
0.142970081508   0.742011671782   -0.654963953506
0.625527923823   -0.580577342823   -0.521194711793
-0.766990168106   -0.335183218587   -0.547153974497
-0.131530780799   0.432215781319   -0.892126210117
-0.916406600369   -0.396192625831   -0.0568361624755
-0.378019310617   0.810074641588   0.448196917852
0.948140429949   0.149148654923   0.280685594741
0.0275777324886   0.841139513281   -0.540114604148
-0.316653111514   0.5198451651   0.793405198092
-0.102265599722   -0.857006431176   -0.505056162257
-0.0103053083555   0.50860354162   -0.860939161269
0.994703750234   -0.0828396988793   -0.0608443624646
0.910382509205   -0.187109780198   0.3690441928
-0.0325476198256   0.85676421548   0.514680221265
-0.4124855616   -0.480567381198   0.773893178327
-0.957077350696   -0.250227666068   -0.146249218837
0.236225002837   -0.965831745777   0.106614070204
-0.167929946438   0.0674901997716   0.983485945054
0.176846497574   -0.117675513394   0.977178321669
0.29852791094   -0.939643820344   -0.167182023939
0.93787317116   0.321280588094   -0.131042978716
-0.341409292068   -0.249458729857   0.906206354356
0.862520397073   -0.466270504768   0.196596777166
0.373494550443   0.848741462553   0.374352391321
0.616550943845   0.523808439341   -0.587783842019
0.195809383956   -0.825128403238   -0.529927088567
-0.762577085427   0.211633534482   -0.611300453488
-0.346711596363   0.114550839311   0.930950669738
0.800955410248   0.552661682954   0.230294348156
-0.488120348958   0.825495706355   -0.283364324162
0.727660184828   -0.332416897939   -0.600008069597
0.491927826478   -0.356706688017   0.794208702332
-0.478035240494   -0.873074713462   -0.09603615417
-0.991031102686   0.000759544500273   0.133655335781
-0.129353967603   -0.257161937684   -0.957674104899
0.033643376109   -0.966370303362   0.254949346022
0.715578240237   0.628626756644   0.304591864929
0.28796871779   -0.662742541297   0.691264396422
0.636413246974   -0.406940842159   -0.655268993415
-0.522000008429   0.389894107504   0.758616138318
-0.840191295224   -0.0818135776326   -0.536083046703
-0.14695049443   -0.917218093185   0.370292408236
0.377682714325   0.866077196   -0.32751501482
-0.440343130233   -0.143152292096   -0.886343837707
-0.814526685887   0.478975742133   0.327304973507
0.726852218486   0.660865193888   0.186930328124
0.559336370512   -0.727551576786   0.39725419147
0.398533030861   -0.184188119936   -0.898468397806
0.59965340836   -0.79977075301   0.027968298917
-0.748305420502   -0.547992229933   0.373821250832
-0.283644990722   -0.245091967547   -0.927078189925
0.487479370947   -0.843390176423   0.225957979756
-0.79717434419   -0.324334447799   0.509235290224
-0.356198067469   -0.428369613951   -0.830435364224
0.620291413313   -0.70771889179   -0.33819007213
0.0405132567972   -0.401677618846   0.91488454869
-0.783324473452   -0.581196207498   -0.220485174862
-0.187075855256   -0.566207165952   -0.802752841529
0.331632052426   0.732803520375   -0.594154184285
0.924674462263   -0.377370452109   0.0506825875412
0.890711968788   0.444364450539   0.095772702156
0.326116971339   -0.477897376847   -0.815635726703
-0.31667001182   0.757729603993   -0.570583701182
-0.233892514896   0.804099778318   0.546550804593
0.635598758841   0.551845541337   -0.539889521971
-0.735736673854   0.221110887751   -0.64015736163
0.103535215505   -0.0472314898572   0.993503727877
0.874406637559   -0.471719777574   -0.113549561842
0.474018462861   0.880482627408   -0.007540089544
0.0169950473418   -0.741561831539   -0.670669249697
0.970830021794   0.172686245896   -0.166338659249
0.23916576107   -0.648278898917   0.72286528119
0.0764136712409   -0.508894738101   -0.857430494293
0.993056419945   -0.0382973187662   0.111230449518
-0.0894419019071   -0.859976401785   0.502434782773
-0.38360297454   0.330665622187   0.862269585844
0.567847702933   0.820785100732   -0.0621352013435
-0.728283995871   0.465802579722   -0.502623316495
-0.0887061907039   -0.995995347446   -0.0111056208211
-0.954657857364   0.0818339842199   0.286235233577
-0.284180298966   0.0359930748064   -0.958093939702
0.455744361216   0.0832479391768   -0.886209252326
-0.230439020269   0.972708419765   -0.027132768139
0.859764453919   0.216582801238   0.462489951551
-0.80371559612   -0.407874419273   -0.433171489482
-0.338906719268   -0.284528737244   0.896747238209
-0.489020773416   0.867555088569   0.0904742646252
-0.714205335351   -0.123538646408   -0.688941773462
-0.316140915759   -0.821233767325   0.474996142953
-0.624465760279   0.557049923509   0.547481268191
0.0694419670354   -0.256568742903   -0.964028132211
0.684498356668   -0.690730093405   0.23313910063
-0.725699496518   -0.676065322798   0.127655276963
-0.896729537005   0.42779353355   0.113441740164
-0.442153780713   -0.854702873161   -0.271998578515
-0.0194002566849   -0.294067824092   0.955587646173
0.489605223082   -0.868539365176   0.0769809894958
-0.550219269637   -0.23925767314   0.800009039366
-0.676421064814   -0.434045019424   -0.595028897965
-0.582459945709   -0.165179411359   -0.795899556014
-0.45920891542   -0.741057151078   0.489858544204
-0.670721636149   0.650807178351   0.35578430928
-0.347388338036   -0.894237397337   -0.282242296967
0.93713331399   -0.341728730688   -0.0707285039655
-0.033202240947   -0.289068930649   0.956732335159
0.64536702782   0.365370571861   -0.670824658081
-0.54396876668   -0.396717079588   -0.739400737161
-0.536282908127   0.842092521315   -0.0572779209387
0.748927982148   -0.570803553621   0.336587129346
-0.502812118094   -0.82035313193   -0.27240759199
0.43161043357   0.0347739190847   -0.901392601635
-0.694100004884   -0.413116083728   -0.589539936933
-0.611882494079   -0.0928597381806   0.785477549736
-0.37923877612   0.905930609409   -0.1883231643
-0.899857849118   0.21356075854   0.380294401909
0.071604235479   -0.787745098241   0.611807222688
0.430238147045   0.577777679288   0.693587952712
0.576548180819   0.175318158276   0.798032404424
-0.350484990471   -0.829218402449   0.435381471617
0.73807346964   -0.530716777341   -0.416637958596
-0.453015561201   -0.463820753136   0.761345594258
0.429603221379   -0.861881519767   -0.269446088435
0.781164436669   0.205013246773   0.589704726382
0.760792278414   0.128309485862   0.636185337047
0.207535607168   0.88069115316   -0.425807542876
-0.614917944927   0.455982201024   0.643394241946
-0.641712713558   0.521283132136   -0.562556091727
-0.0537350316345   -0.762259037786   -0.645038310172
-0.765060786189   -0.383700106026   0.517161887826
-0.597729135827   -0.352210523096   0.720185931165
-0.521259249655   0.853260587002   -0.0153355435892
-0.609104935686   -0.384570060806   -0.693611708646
0.574795033818   0.541626336754   -0.613393533799
0.0930508624317   -0.787997650756   -0.608606142351
-0.81298970041   0.292747008255   -0.503335973193
0.904933081976   0.41968144115   0.0704543640794
0.404111456237   -0.899369561524   0.166830946477
0.133380134958   -0.122499476402   -0.983467359732
0.66856508435   0.741249450806   -0.0597494373754
0.314484366539   -0.209008283245   0.92596715797
0.673884505527   -0.637859581818   -0.372847008446
0.229551185585   -0.183557625532   -0.955830979334
0.783072758794   0.618049042841   0.0693717515348
0.578016710295   -0.764409565342   0.285612863986
-0.253359757877   0.24193525688   -0.936630222376
-0.348115425546   0.88055570893   0.321616689268
0.902565505926   0.407540152375   -0.138875987139
-0.177229809718   0.0913561392825   -0.979815559536
0.0713105235498   -0.991697250824   -0.105377132611
-0.981478111892   -0.0885640257763   0.16944737926
0.558399075273   -0.821705579785   -0.113975567591
0.37006646392   0.12377282129   0.920723158701
-0.742456262779   -0.556309502737   0.373200293849
0.198139944838   0.896473820403   -0.396327148395
0.313655699685   0.32509191837   0.892152066882
0.928633739037   -0.301081214492   -0.216770421637
-0.482410861723   -0.604451759247   0.633969661111
0.149930761667   -0.770053309854   -0.620111529039
0.863018092031   -0.20409706633   0.462108268135
0.184981303364   0.478182434543   -0.858558961045
0.786576508983   0.451685946053   0.421043002942
0.589134386886   -0.753207391164   -0.292573615567
0.228458072763   0.535045798229   -0.813346739468
0.351159896063   0.733913079697   0.58142783241
0.908016328159   -0.418446640208   -0.0202182593103
0.26818621333   0.254238227433   -0.929214220813
0.77135408861   -0.634515613229   0.0490181908279
-0.577138644031   -0.7298991963   -0.366276028626
0.9474269365   0.312147681803   -0.0703280720541
0.266169076056   -0.890831230221   -0.368204031824
-0.177584447307   0.33012726462   -0.92708156546
0.733592687763   0.602223110407   0.314911283276
0.0168219385886   -0.479334143026   0.87747132552
0.679381198904   -0.638409139987   -0.361766598773
0.60456943586   0.024821274563   0.796165591182
0.378752165123   -0.888251861093   -0.259913785191
0.700744276942   0.458685385255   -0.546410988663
-0.742750953099   0.535083656778   -0.40250006421
-0.199525708686   0.396945388048   0.89589272862
0.639148115082   0.745734382921   -0.188068552968
-0.790417999394   -0.387324293587   -0.474573066565
0.357584873703   -0.920772480858   0.155921253842
-0.497365823123   -0.046457194257   0.866296133441
0.0226928254416   -0.96937303752   -0.244542360319
0.903584370909   -0.0847841455203   0.41993684202
-0.42780876161   -0.230494209831   0.873986318435
-0.620044987896   0.570622746833   0.538455140881
-0.641176517122   0.0269762709189   -0.766919149391
-0.452147024579   -0.820769144527   0.34914337688
0.997266151711   -0.0737421728514   0.0047238189566
-0.00535366794388   -0.135864971531   -0.990712871828
0.07369912321   0.987979123316   -0.135888328354
-0.436699635903   -0.89834855029   0.0474488974441
-0.877346615285   0.413652841726   -0.243206458612
0.198857819371   -0.147838922664   -0.968804880444
0.110105098604   -0.988006339294   -0.108260499522
-0.010079177913   0.107807243032   -0.994120718771
0.993868840649   0.110548934108   0.00191183766268
0.375241112789   -0.333451243433   0.864872464796
-0.853158416542   0.240523142652   0.462892363312
-0.362373879293   -0.91156946635   -0.194232563876
0.442560869341   0.215566053575   -0.870443077419
0.452341824358   0.78446855298   0.424259310299
0.774291126397   -0.581498379177   0.249665542883
-0.439442471293   0.184694243496   0.879078203181
-0.886792602116   -0.245146569511   -0.391793514922
0.143140950541   -0.951730694011   0.271513210397
-0.795238219765   0.598167537245   0.0989535076784
-0.586001755205   -0.800186756178   0.127683686014
0.155557520525   0.0435520167606   0.986866292783
-0.612530951732   -0.740405010977   -0.276778333461
0.744656336507   -0.657962678362   0.112125140664
-0.265127830779   -0.137424620751   0.954369795603
0.0365372903094   -0.730950702016   0.681451496739
0.835890840705   -0.351361188715   -0.421701174155
0.547678348679   0.585026878938   0.598157166622
0.993021904009   0.102712904321   0.0579444346527
-0.0798190038338   0.223686960582   0.97138719221
0.0868125846187   -0.969233826199   0.230324493142
-0.759194826706   0.101835621334   -0.642847412765
-0.0288174005233   0.981456056832   0.189508751048
0.650225228131   0.162399247302   -0.742181723854
0.714126585183   -0.586801909644   -0.381689244351
-0.374763988693   -0.781020973104   0.499557623352
-0.59124877437   -0.213703966056   -0.777660034398
0.0560114148547   0.904495419014   -0.422789253152
0.874297321785   0.160055521075   0.458242750216
0.482148222768   -0.395310336303   -0.781832986214
-0.368238155181   0.848215684802   -0.380696599869
0.920575365931   0.389967922728   -0.0215779581646
0.130156616183   -0.358405865876   -0.924447514933
-0.971559015613   0.230342770566   -0.0549336606737
0.149478534807   0.416630471053   -0.896702812662
-0.183661826896   -0.879410015097   -0.43921307488
0.611803955314   0.71783209355   -0.332284519174
-0.786758179354   0.508727505569   -0.349582446888
-0.0818992272997   0.475303487703   0.876001775028
-0.641166784189   0.205779914182   -0.739296902155
-0.359773199636   0.770340524313   0.526439682493
0.677841078306   0.60351480628   -0.419882676112
-0.813874541447   0.453919579789   -0.362621640016
0.409282138153   0.005011957171   -0.912372829051
-0.412341569712   -0.891006769271   -0.189828686609
-0.974157056205   -0.128280370047   0.185912082137
0.197802068184   -0.0870910129286   0.976365770196
-0.109057312666   0.98790683875   0.110213828133
-0.605138306238   0.495264976121   0.623313900316
0.654585569001   0.755155052018   0.0354764416797
-0.453128400958   0.429480440168   -0.781166554995
0.929374812058   0.368850162879   -0.014560762838
-0.363717952117   0.90828312293   -0.206714826739
-0.0630215025028   0.197411564075   0.97829288279
0.998246201487   -0.0488191843625   -0.0334844512445
-0.0119636459868   0.387589086953   -0.921754619117
0.0579775164324   0.920538643365   0.386325278347
-0.84136970398   -0.401428185492   0.361871075103
-0.53309535244   0.506272395496   -0.67786218021
0.0889078641623   -0.7632451782   -0.639961423701
-0.344503703765   -0.75895189613   0.552547428558
-0.40239211291   -0.412388965093   -0.817322056588
0.848172876785   -0.50391147643   -0.163326401334
0.401960269792   0.260647693402   -0.877776014245
0.372946688659   0.828907836875   0.416920337925
0.83626474198   -0.494949068775   0.23598032354
0.195946774169   -0.402056313975   0.894402418877
-0.946020342334   -0.317630229431   0.0644726375616
0.258167539383   -0.858756036075   -0.442592114879
0.0519615368417   -0.602241957237   -0.796620747863
0.998415982674   0.0485627250528   0.0284109053561
0.0215758319511   -0.796835164224   0.603811395479
-0.998460867123   0.0551648942717   -0.0113335878675
0.0109691752084   -0.00692829910328   -0.999939950217
-0.0552385098387   -0.998477371444   0.00626434672551
-0.622166509564   -0.134847336882   0.771184151246
0.325210696584   0.851527294075   0.411265445996
-0.712142403052   0.506672931958   -0.485937964924
-0.811105438808   0.578822960663   0.0840929229238
-0.0192708675233   -0.170141179479   0.985231140907
0.584582135496   0.797505954559   0.149157049348
-0.940847286195   -0.0129593047247   0.338586602405
0.246575606528   0.659189208989   0.710401637584
-0.232399012848   0.751865727931   -0.617001348913
-0.5908165439   0.186588069923   -0.78493139492
0.508724919088   -0.668954728141   -0.541936298907
-0.62620392786   -0.719500443041   0.30031026267
0.2966181456   -0.0922158484544   0.950533472767
0.750442328564   -0.5930751052   -0.291715894013
0.590638601055   0.799848791093   -0.106714136368
-0.210930070363   -0.827252255291   -0.520732330419
-0.249641047329   0.560641171622   -0.789532016737
0.945086134337   -0.0365398970968   -0.324772194261
0.954551083441   -0.161007417363   0.250816348539
-0.177856562656   0.367562811453   0.912833294367
-0.239163693441   -0.915955343748   0.32222125409
0.995607526495   -0.0478454043411   0.0804765221847
0.058373965577   0.989256666432   -0.134028834355
-0.0731992724167   0.138137849915   0.987704308672
0.892307897733   -0.381293979005   -0.241664080069
-0.184373554305   -0.796468895149   0.575885287753
-0.41205948417   -0.469310530195   -0.780996017519
0.843298287307   -0.537101010227   0.0192484094161
0.536779900647   0.843495372643   0.019567637078
-0.0267457419675   -0.00616919544762   0.999623232177
