-0.179557784108   -0.85812849916   0.481014046736
0.698403108945   0.233158323391   0.676661151902
-0.692814644508   0.457441467301   0.557454199354
0.789420647573   0.218572444312   -0.573621067966
0.267902932159   0.718096275576   0.642312821304
0.552307035957   -0.660729769314   0.508323828161
0.954241288454   -0.155647220145   0.255338022373
0.0480613987339   0.922591269296   0.382773367352
-0.295150240996   -0.352986248547   0.887855304711
-0.598924316225   0.756968959839   -0.261317321119
0.265767439873   -0.119935525902   -0.956547174302
-0.755418040809   -0.642349455205   -0.129344944891
0.539655622189   -0.740347912293   0.400820137414
0.572723577041   0.671797098508   0.469762031077
-0.617057143298   -0.0239505804198   0.786553783044
0.229362680766   -0.951431559748   -0.205355421175
-0.791492389864   -0.0595171579239   -0.608274316293
0.566509186755   0.302052701014   -0.766701858078
0.947138904817   -0.190869887358   0.257869301937
-0.0969592528404   -0.936483709524   -0.33704155705
0.30582150688   0.294222354674   -0.905486753352
-0.995049325433   0.0804549577016   0.0582694350705
-0.0937406820875   -0.566330871989   -0.81882558862
-0.0328787439539   -0.82023756305   0.571075737692
-0.990353257867   0.014531559255   -0.137791856914
0.00835167238489   0.99893751913   0.0453219706167
0.138304054946   0.043734028374   -0.989422387965
-0.865861785009   -0.277357199313   -0.416366357567
-0.495552518488   0.361246918794   0.789892357582
-0.0686706716439   0.890266937011   -0.450236257586
0.884604536813   0.0234406578035   -0.465752450153
-0.459636922306   0.212576503196   -0.862290613054
0.0787953609979   0.976863213183   0.198820332801
0.226316652391   0.66024643823   0.716139258693
-0.349666142022   0.741279014058   -0.572921478502
-0.909128366162   -0.120747969798   0.398629603051
-0.486248223902   0.770162960156   0.412804181121
0.832179328068   0.264056517686   0.487595681687
0.26652550175   0.580621217032   -0.769310038936
-0.825695353961   0.560428552049   0.064401649082
-0.547273345572   -0.8234934735   0.149502292868
0.136819660807   0.0881980067455   0.98666179416
0.00136509681146   0.521771234072   -0.85308435089
0.485359144009   0.745519115292   0.456757866395
0.87431380623   -0.414675808894   -0.252228733768
0.690759514395   -0.712616019742   0.122595689358
0.718977159961   0.658846304477   -0.221344509853
0.0769619262831   0.241039326655   0.96745899399
-0.155125705399   -0.932754460001   0.325430248131
-0.954548302317   0.226389647225   0.193868703808
-0.254505928408   -0.280564882193   -0.925478039589
0.0521307187268   0.923514466788   0.380004791272
0.863783877398   -0.23266071986   0.446930300328
0.501158682358   0.304943125579   -0.809845721221
0.939517122827   0.0364199531735   -0.340559943693
-0.0102853496089   -0.990880352834   -0.134340805231
-0.342347337978   0.129718261542   -0.930574378662
0.816109566318   0.148332664364   0.558536115429
-0.563110461838   -0.0131190540863   0.826277480636
0.129891413591   -0.988850488153   0.0728210926819
0.167681481533   -0.695043039231   -0.699140984378
0.984856474491   0.0864112989885   0.15030248117
-0.0440530030054   -0.713756460433   0.699007193062
-0.463828611747   0.383790956467   -0.798478191442
-0.838902874262   0.0994596167952   0.535116521532
0.284789199286   0.918048052008   0.275831175669
-0.241183865988   0.893804617893   0.378078952743
-0.174285508025   -0.423137238004   0.889145372275
0.954701498463   0.148553816441   0.257831030659
0.142846860748   0.742082923578   -0.654912635284
0.625563830065   -0.580467373329   -0.521279943746
-0.766985997157   -0.335225028556   -0.547139658844
-0.131133898246   0.432212224456   -0.892186355353
-0.916405955104   -0.396139877587   -0.0572129487084
-0.378158730031   0.810102332474   0.448029223704
0.948175583833   0.148854868918   0.280722798872
0.0278069250875   0.841217358527   -0.539981600941
-0.316527781916   0.519803407489   0.79348256388
-0.102470741578   -0.85710621523   -0.504845159408
-0.0102321495328   0.50839809958   -0.861061353258
0.994683367851   -0.0830679647845   -0.0608659576433
0.910346381644   -0.187515682506   0.368927277431
-0.0321917933996   0.856671163457   0.514857464744
-0.412593208447   -0.480575061129   0.773831027733
-0.957104808365   -0.250082534097   -0.146321865547
0.236069712497   -0.965867881447   0.106636331498
-0.167995395887   0.0675199414484   0.983472731047
0.176562380379   -0.117475013235   0.97725382024
0.298806873164   -0.939599146011   -0.166934563496
0.937837864696   0.321484552047   -0.130795205339
-0.341521381486   -0.249428675793   0.906172424598
0.862566812612   -0.466103256504   0.196789806023
0.373284906193   0.848842193618   0.374333141037
0.616470787907   0.523994417667   -0.587701835804
0.19585789907   -0.824993202842   -0.530117995555
-0.762629189663   0.21169614095   -0.611212523082
-0.346859474159   0.114632027329   0.930885561096
0.800869049609   0.552765911678   0.230344496674
-0.488156936778   0.825414635247   -0.283537321902
0.727465168595   -0.332651684036   -0.600114402616
0.49194147254   -0.35684220836   0.794139332163
-0.478317913854   -0.872929864538   -0.0959451283893
-0.99100854578   0.00117045163081   0.133827955581
-0.129628194618   -0.257085689836   -0.957658240998
0.0332839723004   -0.966390917504   0.254920037707
0.715319844282   0.628829223396   0.304780749904
0.288172227623   -0.662787676807   0.69113611561
0.636611549483   -0.40655401963   -0.655316284235
-0.522035147151   0.389872337011   0.758603258175
-0.840165292593   -0.0817902725438   -0.536127465235
-0.146974908071   -0.917229490744   0.370254578846
0.377636591352   0.866096144082   -0.327518040475
-0.440291489003   -0.143204696366   -0.88636099099
-0.814575964746   0.478925746691   0.327255433854
0.726799435822   0.660907566706   0.186985571074
0.559252143065   -0.727474132077   0.397514008612
0.398747358608   -0.18434081164   -0.898341730995
0.599585754336   -0.799837931021   0.0274996465812
-0.748294874056   -0.548099456611   0.373686843586
-0.28381636303   -0.244635156321   -0.927147250623
0.487680161121   -0.843349910078   0.225674506988
-0.797043180761   -0.324630400191   0.509251661191
-0.356216537986   -0.428224258532   -0.830502100652
0.620166941765   -0.70768512097   -0.338488901865
0.0406495699584   -0.401917515061   0.914773159768
-0.783415968429   -0.581071502422   -0.220488862382
-0.187224964712   -0.566346802356   -0.802619515723
0.331555447934   0.732686334109   -0.594341412926
0.924671710664   -0.377388433362   0.050598200018
0.890653338098   0.444439883843   0.0959678190493
0.326267685309   -0.47770610492   -0.815687619456
-0.316679696486   0.757806099645   -0.570476909236
-0.233978470732   0.804141821017   0.546452184721
0.635621549239   0.551822677187   -0.539886074099
-0.735689679579   0.221015064088   -0.640244495922
0.103382565309   -0.0470573044903   0.993527908419
0.87438934673   -0.471804214784   -0.11333196605
0.474083711002   0.880446746997   -0.00762996189609
0.0167400769829   -0.741745518847   -0.670472491285
0.97080333312   0.172541403665   -0.166644405475
0.239292007187   -0.648107286444   0.722977373352
0.0760663208173   -0.508945255612   -0.857431422029
0.993096739914   -0.0383358972296   0.110856782571
-0.0892904354676   -0.859944816752   0.502515802014
-0.383735509769   0.33060114339   0.862235430029
0.568075286895   0.820650211779   -0.0618360540691
-0.728036758157   0.466085950392   -0.502718966613
-0.0885065913226   -0.996013459767   -0.0111154647179
-0.95461803397   0.0816318418657   0.286427072638
-0.28437787328   0.0359617391761   -0.958037361954
0.455699008271   0.0827976196987   -0.886274766702
-0.230362412335   0.972714178392   -0.0275732812657
0.859809029322   0.216729511209   0.46233834602
-0.803658635361   -0.407990311442   -0.43322549422
-0.338814919053   -0.284789837235   0.896718813729
-0.489228856161   0.867435349774   0.0906360013929
-0.714244706516   -0.123413158728   -0.688938253829
-0.316210320366   -0.821253445776   0.474938733325
-0.624401920745   0.557068181977   0.547540417663
0.0694718792555   -0.256153567498   -0.964136354955
0.684527979429   -0.690796047203   0.232856373042
-0.725668661626   -0.676155303866   0.127353475456
-0.89669878598   0.427877459213   0.113368836203
-0.442211803511   -0.854663763303   -0.272027372177
-0.0195021527172   -0.294059603269   0.955588103419
0.489717037492   -0.86848982013   0.0768288987868
-0.550236541398   -0.239499521367   0.799924863023
-0.676326101721   -0.434010910349   -0.595161834615
-0.582326556456   -0.165010754075   -0.796030654069
-0.459390763249   -0.741061704562   0.48967846837
-0.670711173173   0.650842781925   0.355737551862
-0.347433285758   -0.894237331143   -0.28218728439
0.937122055301   -0.341728837123   -0.0708774397497
-0.0330502851403   -0.289069115592   0.956737541674
0.64533622325   0.36548805046   -0.670790310523
-0.54396009636   -0.396654569665   -0.739440702943
-0.536328788421   0.842071032973   -0.0571646436037
0.748855541137   -0.570721634647   0.336884273687
-0.50270158889   -0.82040683061   -0.272424647901
0.431862606207   0.034653888699   -0.90126847347
-0.694061569618   -0.413400111211   -0.58938880496
-0.611830977214   -0.0927346847279   0.78553377569
-0.379396455813   0.905814995173   -0.188567544217
-0.899904745008   0.213726082727   0.380136407063
0.0713915470086   -0.787721509136   0.611889282084
0.430215961382   0.577777126647   0.693606231792
0.57655524296   0.175522721271   0.797982344159
-0.350285031934   -0.829247806252   0.435486455133
0.738162884244   -0.530603270362   -0.416624183898
-0.453188566167   -0.463792357987   0.76126006731
0.429617907459   -0.861903928306   -0.269351486049
0.781056140747   0.204983946004   0.589858389922
0.760556688392   0.128216779178   0.636485650018
0.207782408541   0.88068706221   -0.425695630532
-0.615125999972   0.456016180295   0.643171244345
-0.641900196354   0.521243679914   -0.562378040089
-0.0538882020677   -0.762272496883   -0.645008984779
-0.764892211689   -0.383725885128   0.517391842787
-0.597695002104   -0.352153876895   0.720242011615
-0.521322200173   0.853220088724   -0.0154487659308
-0.609084618024   -0.384711772305   -0.693551020195
0.574782424082   0.541886673911   -0.613175406013
0.0933095828136   -0.787837010961   -0.608774593928
-0.812968983208   0.292697825572   -0.503398153955
0.90479285628   0.420018996616   0.0702400502416
0.404469515701   -0.899197945018   0.166859759489
0.133244260833   -0.122563497624   -0.983472741963
0.668374284748   0.741393144398   -0.0600998593506
0.314641977816   -0.208587836232   0.92600833632
0.674000158346   -0.637830085978   -0.372688144111
0.229539660357   -0.183779782516   -0.955791058669
0.783054062265   0.618090977045   0.0692089994064
0.578046617379   -0.764322275985   0.285785894798
-0.253052816698   0.241586977141   -0.936803084372
-0.348529777033   0.880535630217   0.321222663923
0.90249170685   0.407790065809   -0.1386217675
-0.177296653417   0.0913157905072   -0.979754093266
0.071797549221   -0.991567570568   -0.105431214731
-0.981377485371   -0.0890620879939   0.169552477205
0.558377626446   -0.821666018455   -0.114365091747
0.370337291271   0.123527267125   0.920647214022
-0.742337329513   -0.556422461901   0.373268434668
0.198155795   0.896460833776   -0.396348685644
0.313488307226   0.325163888795   0.892184705487
0.92868691621   -0.301042257794   -0.216596884635
-0.482508623431   -0.604233939216   0.634103266115
0.14980314298   -0.770213950509   -0.619943304057
0.862985876913   -0.204137278791   0.462150854053
0.184889702112   0.478193219411   -0.858572680325
0.786479588257   0.451861962903   0.421035184658
0.589292507797   -0.753094957077   -0.292544582785
0.228296928429   0.535009284666   -0.813415992874
0.351199765852   0.733973881026   0.581326987439
0.908041428905   -0.418386671848   -0.0203311529146
0.268064094273   0.254322417641   -0.929226506856
0.771361537838   -0.634519042924   0.0488600152761
-0.577185560372   -0.729867132452   -0.366266407433
0.94738977402   0.31230936055   -0.0701107783926
0.266406542108   -0.890788197147   -0.368137808777
-0.177426639081   0.330092040562   -0.92712489208
0.733506149953   0.602422189247   0.314732058687
0.0171038045545   -0.479270755276   0.877500539391
0.679467602415   -0.638268942268   -0.361851782998
0.604487741666   0.0249257154149   0.796224453272
0.379110674499   -0.888069049259   -0.260017197247
0.700620987239   0.459034372454   -0.546276553049
-0.742769542101   0.535094992547   -0.402450680708
-0.19945628819   0.396952864277   0.895904872966
0.639148175741   0.745722268177   -0.188116367812
-0.790576391237   -0.387017638457   -0.47455949567
0.357378034818   -0.920897394588   0.15565781577
-0.497262815458   -0.0465377578282   0.866350944566
0.0226726548494   -0.969265903331   -0.244968492947
0.903474186562   -0.0850460381635   0.420120898234
-0.428042460642   -0.230847966326   0.87377850096
-0.619974047356   0.570661710666   0.53849525623
-0.641246331765   0.0269769722191   -0.766860635216
-0.452144966797   -0.820741922791   0.349209856816
0.997280377776   -0.0735426549416   0.00482971521227
-0.00523163560671   -0.13600516804   -0.990694344277
0.0735151564902   0.987974762683   -0.136020033805
-0.436440330638   -0.898480905763   0.0475039458376
-0.877487017385   0.413382276348   -0.243173924531
0.198849433522   -0.147814360704   -0.968822116747
0.110214034441   -0.98801775004   -0.108045215008
-0.00984062726829   0.107617403066   -0.994143668094
0.993859147432   0.110631805382   0.00213824421472
0.375452851991   -0.333573886491   0.864733265354
-0.853115507699   0.240280226268   0.463097555439
-0.362255556868   -0.911588655909   -0.194363159608
0.442811055057   0.215327214429   -0.870374952658
0.452417816946   0.784436279745   0.424237953446
0.774103666441   -0.581630392054   0.249939188419
-0.439397728428   0.184649688953   0.879109881935
-0.886805268175   -0.245174749112   -0.391747121351
0.143199540791   -0.95173204376   0.27147750678
-0.795248374691   0.598162194306   0.0989044628154
-0.585962037033   -0.800178880333   0.127915330421
0.155655371309   0.0437701942438   0.986841211174
-0.612663192693   -0.740307455177   -0.27674635726
0.744495625382   -0.658113137161   0.112308595953
-0.265273327408   -0.137229110423   0.954357495447
0.0365332553996   -0.73091190963   0.681493334753
0.835839749286   -0.351442453651   -0.421734756261
0.547756605131   0.585026556224   0.598085827137
0.993032144262   0.102582058602   0.058000702833
-0.0798403409193   0.22365018931   0.971393891256
0.0866757188488   -0.969256154616   0.230282013768
-0.759210688367   0.101542227785   -0.642875316065
-0.0292540817757   0.981432224137   0.189565271029
0.65018743046   0.162726670394   -0.742143313538
0.714129136198   -0.586761589337   -0.381746784102
-0.374437208463   -0.780955368769   0.499906682959
-0.591452911746   -0.214057824025   -0.777408452181
0.0558291371198   0.904412387066   -0.422990966641
0.874211369209   0.160377897326   0.458294039324
0.482325207389   -0.395369673416   -0.781693831624
-0.36813642003   0.848190773134   -0.380851534428
0.920595276957   0.389928155862   -0.0214552069578
0.130306618986   -0.358508580414   -0.924387173159
-0.971608465527   0.230159349232   -0.0547557157213
0.149241454392   0.416687593731   -0.896714457132
-0.183571519398   -0.879429646589   -0.439204960366
0.611958284407   0.717739039437   -0.332201336589
-0.786627120002   0.508811473661   -0.34975513806
-0.0820050659447   0.475354135135   0.875964391358
-0.641091273178   0.205820422561   -0.739351059611
-0.359867740481   0.770275349277   0.526470420374
0.677862261121   0.603584167971   -0.419748681683
-0.813995530544   0.453815491761   -0.362470524079
0.409101040925   0.00504187871623   -0.91245174844
-0.412273840672   -0.891057436058   -0.189725691137
-0.974184592225   -0.128235340791   0.185792961425
0.197666271849   -0.086987371025   0.976401895943
-0.109047568136   0.987921208802   0.110090137434
-0.605370387773   0.495033332716   0.623272540617
0.654286035906   0.755413138917   0.0355072909277
-0.453250971985   0.429293587176   -0.781198141027
0.929418661136   0.368740917524   -0.014528835254
-0.363618760029   0.908371839528   -0.206499387844
-0.0629471894971   0.197207341568   0.978338855128
0.998248171653   -0.0487937631178   -0.0334627620776
-0.0119606183935   0.387475528015   -0.921802391938
0.0579442091387   0.920587787696   0.386213133824
-0.841240389371   -0.401556140307   0.36202837746
-0.533283656958   0.506059030375   -0.67787319414
0.0889967478378   -0.763319194239   -0.639860107752
-0.344623087122   -0.758680068214   0.552847333187
-0.402204506356   -0.41279932993   -0.817208036703
0.848214097256   -0.503986105245   -0.162884773121
0.401716903807   0.260364258275   -0.877971513065
0.373111808286   0.829013039964   0.41656326868
0.836308019368   -0.494922045689   0.235883572431
0.196193559681   -0.40203057513   0.894359861652
-0.945937472437   -0.31784459835   0.0646313018602
0.258283649723   -0.858688723345   -0.442654873895
0.0519543888956   -0.602285396756   -0.796588375141
0.998420882521   0.048392001733   0.0285298542482
0.0213653902515   -0.79681272084   0.603848496551
-0.998469064752   0.0552405766988   -0.0109376836933
0.0105713145653   -0.00694821736855   -0.999948105752
-0.0553118572004   -0.998477063119   0.00629743090364
-0.622481564734   -0.13485343542   0.770928802801
0.325038941838   0.851526661695   0.411402512928
-0.711945471453   0.506672371765   -0.48622702789
-0.811020485904   0.578962512704   0.0839541639766
-0.0194393373857   -0.17009795166   0.985235442617
0.584694796391   0.797414054373   0.149207499668
-0.940914841389   -0.0129803165157   0.338395674149
0.246405865316   0.659229993233   0.710422491543
-0.232302110274   0.751829421036   -0.617081005577
-0.590917904664   0.18665217354   -0.784843731081
0.508639936587   -0.668934667123   -0.542046717464
-0.626182186758   -0.719506911098   0.30034456078
0.296550117023   -0.0921750537745   0.950558699957
0.750544024289   -0.5929783025   -0.291651373738
0.590543605677   0.799925381309   -0.106666395295
-0.210819303251   -0.827220082611   -0.520828337518
-0.249643043011   0.560696523628   -0.789492089751
0.945110349807   -0.0364190009261   -0.324715389225
0.954555025259   -0.161189700741   0.250684231201
-0.177666719336   0.367571132911   0.912866909327
-0.239289030752   -0.915919940649   0.322228826739
0.995577763213   -0.0480878013154   0.0806999428706
0.0586767834643   0.989182283882   -0.134444949262
-0.0733617918058   0.138585614926   0.987629523097
0.89236392712   -0.381046223877   -0.241847896115
-0.183856252072   -0.796317740206   0.576259549932
-0.412169271247   -0.469767991229   -0.780662961061
0.84318827396   -0.537273941589   0.0192417557682
0.53695595448   0.843385943819   0.0194538309659
-0.0266802628194   -0.00607126676931   0.999625581552
