-0.180088213057   -0.85806719883   0.480925058563
0.698174611492   0.232902516685   0.676984952405
-0.692907238762   0.45768667908   0.557137738864
0.789464172817   0.218319278538   -0.573657573652
0.268408995449   0.717715640763   0.642526940523
0.551999031115   -0.661226852717   0.508011926415
0.954341421716   -0.155348156801   0.255145841811
0.0477639462445   0.922503993582   0.383020869686
-0.294874644305   -0.353345908926   0.88780381383
-0.59876560238   0.757439812006   -0.260315445131
0.264467229428   -0.119808736785   -0.956923488781
-0.756000188059   -0.641818050549   -0.128580382796
0.53869919106   -0.741332391826   0.400286727368
0.573524316224   0.670716208406   0.470329272806
-0.617149121345   -0.0237918260847   0.786486433438
0.229613279646   -0.951498420854   -0.204764442135
-0.790929527898   -0.0598120452461   -0.608976989228
0.567193268251   0.301783443254   -0.766301835837
0.947137708121   -0.190450190843   0.258183742909
-0.0963527777206   -0.936449273389   -0.337309024699
0.306016768365   0.294601359002   -0.905296790448
-0.994996208761   0.0809589311099   0.0585754571152
-0.094293074348   -0.566627991344   -0.818562034032
-0.0330794321704   -0.819988194367   0.571424301822
-0.990338885371   0.013048571663   -0.138051767086
0.00691491098893   0.998971289009   0.0448168223826
0.138494547272   0.0434292337028   -0.989410342421
-0.865513450278   -0.277798838212   -0.416792283424
-0.496122158363   0.360953482281   0.789668229901
-0.0689260909642   0.890247670495   -0.45023268671
0.884720231293   0.0231282850505   -0.465548270673
-0.459374076709   0.212599476982   -0.862425013164
0.0790289032159   0.976865665337   0.198715594115
0.226769127999   0.659779181191   0.716426678553
-0.349328319124   0.741745413169   -0.57252376765
-0.909145466432   -0.120437415839   0.398684515379
-0.486840959764   0.769797554661   0.412802608268
0.831752827812   0.26419035274   0.488256942946
0.266798616903   0.58105019899   -0.768901257832
-0.825298680737   0.561136791644   0.0633108259863
-0.548154940667   -0.823009454474   0.148937134643
0.135679477615   0.0882134350138   0.98681785254
0.00145338845045   0.520543701497   -0.853833801045
0.485488451568   0.746091530536   0.455684535462
0.874241882072   -0.415188736957   -0.251633594807
0.689671891   -0.713446443882   0.12388240966
0.720123106633   0.657797071239   -0.220739033692
0.0759959933442   0.241448092587   0.96743342265
-0.154182661729   -0.932884539889   0.325506543011
-0.954441990183   0.225808906945   0.195066838333
-0.255477125555   -0.280601174763   -0.925199995683
0.0512913189771   0.923594328229   0.379928914204
0.863697263066   -0.232023878574   0.447432893499
0.501397547618   0.305192846045   -0.809607342347
0.939675864721   0.0372470921376   -0.340032322899
-0.00939244436985   -0.990870614302   -0.13449571132
-0.341937287346   0.129576110846   -0.930747417212
0.816209437186   0.148653836208   0.558304748285
-0.562902374906   -0.0131023783372   0.826419533783
0.130165553438   -0.988802491134   0.0729833123508
0.166637621433   -0.695379613587   -0.699055868001
0.985031904033   0.0856992254886   0.149558691689
-0.0440915141121   -0.713514433792   0.699251810814
-0.463121874131   0.384168284353   -0.79870699779
-0.838970524851   0.100512753584   0.534813659631
0.285738687358   0.917775528871   0.275756207122
-0.240432289854   0.894186806113   0.377653541658
-0.174468893379   -0.422540724007   0.889392972173
0.954857500885   0.147950023593   0.257600272293
0.142483983428   0.742293145779   -0.654752756534
0.625667896393   -0.580126774357   -0.521532590399
-0.766968037067   -0.335346753607   -0.547088788714
-0.129943686563   0.432203077772   -0.892364913536
-0.916403717301   -0.395980244811   -0.0583427279218
-0.378574782921   0.810185254462   0.447527639022
0.94828188446   0.147971702348   0.280830630655
0.0284926663896   0.841452783929   -0.539578892294
-0.316148123151   0.51967450231   0.793718323271
-0.103090124423   -0.857405170006   -0.504211050633
-0.0100148424036   0.507780901585   -0.861428030239
0.994621592399   -0.0837551359399   -0.0609339698328
0.910237785178   -0.188736203069   0.368572683112
-0.0311220930317   0.856388293572   0.515393548854
-0.41291475199   -0.48060143625   0.773643117819
-0.957188506331   -0.249640629663   -0.146530146471
0.235598578081   -0.965976173954   0.1066991656
-0.168180967442   0.0676088600336   0.983434906734
0.17570074075   -0.116871696843   0.977481507218
0.299646276103   -0.93946451001   -0.166187150582
0.937731944478   0.322097914116   -0.13004428379
-0.341859556412   -0.249339988662   0.906069287893
0.86270564215   -0.465600458747   0.197370522291
0.372653940555   0.84914410916   0.374277029518
0.616229860454   0.524554426444   -0.587455074833
0.196004504932   -0.824589408228   -0.53069274528
-0.762786369369   0.211884896922   -0.61095168723
-0.347304499528   0.114876508039   0.930689500958
0.800609267574   0.553079374806   0.230495113705
-0.488266689389   0.825170639728   -0.284058147636
0.726878676295   -0.333356464457   -0.600433895973
0.491982942271   -0.35724855553   0.793930905878
-0.479166130212   -0.872494679869   -0.0956706686994
-0.990926314958   0.00239907294553   0.134346042744
-0.130449780533   -0.256849384833   -0.95760360692
0.0322097735325   -0.966445061903   0.254838324218
0.714542348777   0.629439033439   0.305345325668
0.288783080747   -0.662918577012   0.690755734183
0.637207656105   -0.405395677351   -0.655454757177
-0.522137575068   0.389806004824   0.758566793932
-0.840089408098   -0.0817219630686   -0.536256721452
-0.147044512497   -0.917263737157   0.370142036204
0.377499476747   0.866154144493   -0.327522742574
-0.44013490251   -0.143357913574   -0.88641400221
-0.814724135224   0.478775013655   0.327107129187
0.726637471752   0.661039408304   0.187149302456
0.559002753355   -0.727238359592   0.398296546599
0.399391890857   -0.184800210932   -0.897961487805
0.599384303456   -0.80003639526   0.0260871300085
-0.748259747693   -0.548422336306   0.373284756962
-0.284334524946   -0.243261024531   -0.927350779844
0.488286978447   -0.843227238146   0.224819222268
-0.796647042719   -0.325525469392   0.509300244311
-0.356271451536   -0.427786248466   -0.830704333665
0.619793167979   -0.707580359425   -0.339391284106
0.0410606211468   -0.402643119143   0.914435601691
-0.783690266727   -0.580696546575   -0.220501750404
-0.187673516948   -0.566770747546   -0.802215409569
0.331326439735   0.732329978742   -0.594908052473
0.924662875839   -0.377443665056   0.0503471928314
0.890474635135   0.444669893126   0.0965589066821
0.326724818091   -0.477124995005   -0.815844835728
-0.316710955851   0.758037326843   -0.570152396696
-0.23423717526   0.804270184574   0.546152305075
0.635692036685   0.551751417776   -0.539875893167
-0.735546398691   0.220725657173   -0.640508843937
0.102921913423   -0.0465319683028   0.993600422692
0.874336052202   -0.47206001742   -0.112675269639
0.474282080483   0.880337449217   -0.00790070052403
0.0159770143059   -0.742294363543   -0.669883435987
0.970721908048   0.17211012204   -0.167562189305
0.239674189665   -0.647593381608   0.723311202938
0.0750213280943   -0.509100149461   -0.857431528983
0.993217279128   -0.0384499329456   0.109731611038
-0.0888325701326   -0.859848026013   0.502762509138
-0.38413962705   0.330408748556   0.862129256904
0.568760034014   0.820243360316   -0.0609332424368
-0.727288677514   0.466937785152   -0.503011270684
-0.0879023623115   -0.996065991697   -0.0111401191644
-0.954497354803   0.0810255727732   0.286998770047
-0.284967299431   0.0358613234346   -0.957864657213
0.455565558138   0.0814448899956   -0.886468694516
-0.230126663354   0.972731641624   -0.0288941500767
0.85994286745   0.217163263442   0.461885674195
-0.803402217132   -0.408314104687   -0.433371574285
-0.338525678526   -0.2855174028   0.89658826685
-0.489828229549   0.867035032273   0.0911686940326
-0.714331337072   -0.123029813625   -0.688915477113
-0.316418663122   -0.821276487704   0.474757749811
-0.624195561723   0.557117004171   0.5477254938
0.0695577952021   -0.254911381947   -0.964459367587
0.684619616521   -0.69099083219   0.232007754711
-0.725574024512   -0.676425757142   0.126453560772
-0.896605130295   0.428130812649   0.113152736046
-0.442388199564   -0.854546161392   -0.272109952962
-0.0198044262891   -0.294032571112   0.955590204382
0.490055743159   -0.868339188344   0.0763703114184
-0.550288625009   -0.240229928634   0.799669941386
-0.676038312277   -0.433908561746   -0.595563234486
-0.581929364583   -0.164503739198   -0.796427844384
-0.459939421137   -0.741080885135   0.489137491401
-0.670682130673   0.650951823409   0.355594485605
-0.347566764413   -0.894237887703   -0.282021020651
0.937088537373   -0.34172768427   -0.0713244342956
-0.0325933891539   -0.289068680421   0.956753346556
0.645242928969   0.365842570933   -0.670686798208
-0.543933043805   -0.396467663881   -0.739560853845
-0.536468463056   0.842005122298   -0.0568240987903
0.748632071275   -0.570484818766   0.337783017062
-0.502378644297   -0.820593174774   -0.272478472505
0.4326268517   0.0342912785076   -0.900921850896
-0.69394031258   -0.414249049   -0.588933567185
-0.611673579983   -0.0923586118635   0.785699779686
-0.379868994136   0.90546476334   -0.189292976224
-0.899996073916   0.214219664846   0.379649268545
0.0707476713405   -0.787602682383   0.612121202694
0.430137651123   0.577760793911   0.693669039838
0.576574862857   0.176138926747   0.797832385414
-0.349682371614   -0.829336687436   0.435801488806
0.738433257454   -0.530260103296   -0.416582018276
-0.453714502081   -0.463704493912   0.761000247165
0.429656895725   -0.86197356887   -0.269066209632
0.780729265377   0.204889764351   0.590323658777
0.759849507801   0.127937212992   0.637385905165
0.20852540474   0.880673354515   -0.42536054915
-0.615748226266   0.456121157947   0.642501055854
-0.642470514981   0.521124246105   -0.561838264635
-0.0543478927167   -0.762312998833   -0.644923526581
-0.764381463698   -0.383809286889   0.518084670281
-0.59758916982   -0.351986237004   0.720411793367
-0.521512933209   0.853097363915   -0.0157852407887
-0.609025224074   -0.385137121414   -0.69336712485
0.574741843296   0.54266765231   -0.612522450183
0.0940876331343   -0.787355580749   -0.609277611666
-0.81290802071   0.292546594447   -0.503584612228
0.904368927184   0.421038753264   0.0695965047766
0.405551290982   -0.898702869299   0.166944510415
0.132836198418   -0.122754582092   -0.983511785828
0.667799212584   0.741824833303   -0.0611564986432
0.315120337158   -0.207324226396   0.926129471581
0.674346627293   -0.637740183551   -0.372215043939
0.229500105851   -0.184453744795   -0.955670719424
0.782999779676   0.618215134879   0.0687124098261
0.578135843   -0.764059465138   0.286307678573
-0.252127279257   0.24053566941   -0.937323021298
-0.34977827183   0.880473869596   0.320032697348
0.902267706985   0.408544194131   -0.137857332255
-0.17802739518   0.0912219666801   -0.98000456959
0.0732885160408   -0.992062915452   -0.105627749562
-0.981508633196   -0.0905923885107   0.169507659764
0.558309998199   -0.821548474655   -0.115533755675
0.371150272265   0.122789470248   0.920418502313
-0.741982088939   -0.55675923683   0.373472529746
0.198200663017   0.896418811104   -0.396421260535
0.312992365381   0.325386456747   0.892277667514
0.928844594062   -0.300926854619   -0.216080433168
-0.482802291421   -0.603574911722   0.634507035025
0.149421369068   -0.77069931745   -0.619431757416
0.862887655504   -0.204254188623   0.462282473875
0.184610481296   0.478220269801   -0.858617712764
0.786192075135   0.452390772936   0.421004313125
0.589763532372   -0.752760243521   -0.292456909385
0.227815854167   0.534896481635   -0.813625023476
0.351323474051   0.734155793629   0.581022446411
0.908114387878   -0.418211693508   -0.0206693608369
0.267697461016   0.254577020036   -0.92926227615
0.771383473502   -0.634528216993   0.0483834683715
-0.577326055027   -0.729769802112   -0.366237939877
0.947276579567   0.312798114759   -0.0694581957922
0.267121793968   -0.890654204062   -0.367942582998
-0.176954934226   0.329989600744   -0.927251064586
0.733247267904   0.603018858353   0.314192124432
0.0179498632202   -0.479078107366   0.877588694454
0.679725118703   -0.637849802613   -0.362106812514
0.604239866708   0.0252433530588   0.796402516507
0.380193274428   -0.88751543038   -0.260325739562
0.700248005532   0.460086067737   -0.545869569304
-0.742824697987   0.535128502085   -0.402304484629
-0.199246512817   0.396979948302   0.89593957855
0.63914962194   0.745683838861   -0.188264003669
-0.791052554884   -0.386095634265   -0.474516930503
0.356755533652   -0.921272056701   0.154866424171
-0.496952357215   -0.0467790693362   0.866516067792
0.0226152595115   -0.968941764128   -0.246252716254
0.903142495859   -0.085833047488   0.420673640484
-0.428744883012   -0.231914935594   0.873151353985
-0.619760977513   0.570779320921   0.538615891164
-0.64145684508   0.0269781048189   -0.766684528339
-0.45213850456   -0.820660110462   0.349410457326
0.997322708464   -0.0729442758343   0.00515245510466
-0.00486074554241   -0.136432184744   -0.990637485365
0.0729642948528   0.987960215231   -0.136421479569
-0.435633962201   -0.898862238277   0.0476696230114
-0.877891953338   0.412577693438   -0.243077057213
0.198825135791   -0.14774103722   -0.968836831782
0.110542409822   -0.988051477501   -0.107399543106
-0.00912751598052   0.107047993421   -0.994211961309
0.993829498708   0.110882881304   0.00281488379228
0.376090267197   -0.333942048892   0.864314086098
-0.852984540805   0.239552397578   0.463715480635
-0.361902617555   -0.911645425489   -0.194754083136
0.443561841595   0.21460812666   -0.870170232072
0.452645325442   0.784340567016   0.424172228804
0.773540619598   -0.582025104531   0.250762181253
-0.439262415091   0.184516375232   0.879205497917
-0.88684431715   -0.245256457201   -0.39160756832
0.143372791823   -0.951736853178   0.271369195205
-0.795274411445   0.598152161332   0.0987567495991
-0.585848390368   -0.800150352268   0.128613262387
0.155950528054   0.0444263396281   0.986765288865
-0.613063368704   -0.740012125452   -0.276650531396
0.744010551493   -0.658567657433   0.112858764151
-0.265709920034   -0.136641339144   0.954320379779
0.0365271422649   -0.730799863071   0.681613737611
0.835689952641   -0.351675678383   -0.421837010194
0.547985428838   0.585026256035   0.597876435844
0.993062827948   0.102188150777   0.0581704537178
-0.0799050597413   0.223540169356   0.971413910244
0.0862635570372   -0.969323158409   0.230154782938
-0.759257676388   0.100653053484   -0.642959468391
-0.0305680565171   0.981361145601   0.189725847601
0.65007192609   0.163704814076   -0.742029216248
0.71414027325   -0.586634377033   -0.381921142694
-0.373454252274   -0.780759509461   0.500945500199
-0.592060447094   -0.215115272339   -0.776652902644
0.0552814262969   0.904161897061   -0.423597964048
0.873950746415   0.161348723754   0.458450312134
0.482860294581   -0.395547544244   -0.781273377245
-0.367836092903   0.848115550888   -0.381310500445
0.920652794254   0.389812874172   -0.0210911320626
0.130752123652   -0.358812507811   -0.924207217554
-0.971592491645   0.230915925009   -0.0518661710146
0.147195717795   0.417980204994   -0.896452574745
-0.18532588805   -0.878619163052   -0.440097459781
0.612423465886   0.717459853279   -0.331947056661
-0.786232118023   0.509068728528   -0.350268575382
-0.0823197794062   0.475500133801   0.875855623839
-0.64086385119   0.205939369915   -0.739515062693
-0.360152018549   0.770081692082   0.526559317598
0.67792630541   0.603790665159   -0.419348042968
-0.814439804406   0.453519971747   -0.362032952682
0.408577413936   0.00509323783358   -0.912727607184
-0.412083390133   -0.891250146322   -0.189473122741
-0.974271237008   -0.128099445784   0.185429664494
0.197252612031   -0.086675612154   0.976513022933
-0.109018510042   0.987965995822   0.109714566186
-0.606069655208   0.494332500468   0.623149518333
0.653382935296   0.756189923728   0.0356033047726
-0.453619535603   0.428733290552   -0.781292194418
0.929552578923   0.368407126782   -0.0144288843521
-0.363314542653   0.908640898985   -0.205850092935
-0.0627259664261   0.196590708328   0.978477156997
0.998254221554   -0.048718827998   -0.0333913903653
-0.0119455132985   0.387129019571   -0.921948169704
0.0578430105031   0.920737529759   0.385871206665
-0.840853151664   -0.401944914634   0.362500844451
-0.533851573045   0.505412416548   -0.677909247738
0.0892696733798   -0.76354353891   -0.639556661573
-0.34498318677   -0.757859301944   0.553747354082
-0.401641321559   -0.414029364515   -0.816862411895
0.848334310583   -0.504211492934   -0.161554592159
0.40098404932   0.259508702678   -0.878559636406
0.373603883904   0.829332551532   0.41548484876
0.836440039345   -0.494836088874   0.235595665478
0.196933963468   -0.401953663098   0.894231668597
-0.945687379109   -0.31849128059   0.0651053162326
0.258635661488   -0.858485045839   -0.442844260775
0.0519314021658   -0.602417164866   -0.796490252757
0.998435503419   0.0478753083694   0.0288883073057
0.0207294181049   -0.796744343099   0.603960890357
-0.998374164713   0.0554625676762   -0.00974623440028
0.00937401650505   -0.00694773533618   -0.999912287771
-0.0555266900939   -0.998416926443   0.00645576469136
-0.623427876744   -0.134871200581   0.7701606616
0.324517621736   0.851528446127   0.411810173365
-0.711355043986   0.506664647433   -0.487098490159
-0.810762902992   0.57938389281   0.0835352312369
-0.0199474600495   -0.169966128351   0.985248099496
0.585034980957   0.797136138608   0.149359283428
-0.941120016072   -0.0130433964829   0.33782147449
0.245895582875   0.659352024007   0.710485984764
-0.232010433259   0.75172125288   -0.617322136058
-0.591211436957   0.186839422472   -0.784575537588
0.508383831271   -0.668861954536   -0.542372759223
-0.626109913733   -0.719523008704   0.300453736037
0.296342201533   -0.0920563681365   0.950635033713
0.750848288989   -0.592688794591   -0.291456576898
0.590261119471   0.80015355675   -0.106518371763
-0.210493763426   -0.827113149463   -0.521129750777
-0.249644217789   0.560877516565   -0.789363146621
0.945182598065   -0.0360589892149   -0.324545234987
0.954565268636   -0.161733384341   0.250294747091
-0.17710338077   0.367601342262   0.91296420922
-0.239665476345   -0.915811971524   0.322255944877
0.995487638827   -0.0488178879713   0.0813706009522
0.0595889649595   0.988957588048   -0.135690987742
-0.0738479257688   0.139927490914   0.98740406166
0.89253205645   -0.380299276232   -0.242402545813
-0.182298427938   -0.795862777783   0.577381861665
-0.412497050765   -0.471142220042   -0.77966100508
0.842858304715   -0.537792149532   0.0192219443502
0.537483748447   0.84305772218   0.0191023112606
-0.0264782816289   -0.00576905902885   0.999632741842
