-0.181878538982   -0.857855400188   0.48062912217
0.697376707452   0.232060787248   0.678095529618
-0.693243080465   0.458510557952   0.556041469704
0.789579390685   0.217446568395   -0.573830444676
0.270151200678   0.716447022456   0.643212249226
0.550983410019   -0.662888119274   0.506948351906
0.9546833125   -0.15439218516   0.254446113962
0.0468364371868   0.922208930205   0.383845066841
-0.293915157657   -0.354533130114   0.887648656316
-0.598238013229   0.759011559373   -0.256929469151
0.260167323237   -0.11928585654   -0.958166928177
-0.75790781979   -0.640056521778   -0.126108681769
0.535481402956   -0.744626161182   0.398486557976
0.576226535714   0.667077222507   0.472198000188
-0.617432292922   -0.0232347138125   0.786280806709
0.230472794391   -0.951721174584   -0.202753804959
-0.789011938439   -0.0608270199738   -0.611359343105
0.569510720336   0.300876870579   -0.764938342442
0.947134676572   -0.189002876629   0.259256145424
-0.0942842042935   -0.936348446151   -0.338170934712
0.306669732995   0.295849632228   -0.904668014064
-0.996665986284   0.0732228664827   0.0364448383769
-0.0710330249596   -0.553997863713   -0.829497609621
-0.040547796307   -0.829307172781   0.557326460983
-0.99026411515   0.007992403225   -0.138981773385
0.00202080618307   0.999070663395   0.043054932439
0.139196724764   0.0423548386332   -0.989359978861
-0.864354547502   -0.279215944471   -0.418248542819
-0.498028380336   0.359968664398   0.788917637232
-0.0697217297287   0.890203214052   -0.450198630409
0.885132904873   0.0220723946408   -0.464814531031
-0.458444456308   0.212662749913   -0.862903947498
0.0798023768041   0.976876323555   0.198353765359
0.228284138867   0.658184484409   0.717411693491
-0.348190917803   0.743326833779   -0.571163989983
-0.909202638708   -0.119408555708   0.398863585431
-0.488775926456   0.768574132966   0.412773999013
0.83031077628   0.264638122115   0.490454866474
0.267717363872   0.582456662242   -0.76750266806
-0.823942116133   0.563519424855   0.0597096449215
-0.551100485862   -0.821370529764   0.147100992349
0.131938009568   0.0882966889416   0.987317606607
0.00172890004485   0.516408396818   -0.856340698589
0.485981030323   0.747982401974   0.452045094986
0.873967655312   -0.41694687603   -0.249671497949
0.685966431463   -0.716257690107   0.12815997386
0.723983348692   0.654235920643   -0.218685787957
0.0727885180118   0.242796796519   0.967342518201
-0.151043919924   -0.933305550929   0.325770380507
-0.954080392237   0.223875349813   0.199023458711
-0.258681652536   -0.280749854096   -0.924263536338
0.0484881774781   0.923844598342   0.379688423337
0.863398037959   -0.229895702917   0.449105763713
0.502191167535   0.306044632474   -0.808793472422
0.940201928885   0.0400276549457   -0.338257443628
-0.00637323061761   -0.990829588007   -0.134964405113
-0.340557914695   0.129049585647   -0.931324762826
0.816565356346   0.149730531532   0.557495995517
-0.562170864981   -0.0130519947596   0.826918106266
0.131091325636   -0.988640684895   0.0735163369437
0.1630870651   -0.69649136488   -0.698786367939
0.985619004326   0.0832503282019   0.147052920249
-0.044246894584   -0.712719553324   0.70005217712
-0.460737880851   0.385422817591   -0.799480980343
-0.839207985279   0.104005033293   0.533772328715
0.28887807756   0.916859963755   0.275530858153
-0.237903030053   0.895454874865   0.376248169227
-0.175065272816   -0.420557696268   0.890215333127
0.955381739421   0.145916949533   0.256815025832
0.141284877095   0.743010632936   -0.654200056244
0.626035146658   -0.578978618298   -0.522370541309
-0.766891458679   -0.335747206424   -0.546953732152
-0.125982736914   0.432191179767   -0.892938485555
-0.916392369494   -0.395434347946   -0.0621023961938
-0.379938652925   0.810458183136   0.445874596485
0.948645940371   0.145012228219   0.281144681367
0.0307532199006   0.842257176197   -0.538197996674
-0.314841416684   0.51920544857   0.794544258062
-0.10519279583   -0.858395758259   -0.502086819227
-0.00931692047687   0.505716571634   -0.862649368801
0.994408189242   -0.0860666062022   -0.0611953392731
0.909872474813   -0.192833856102   0.367351580331
-0.027534544822   0.855405395324   0.517226699406
-0.413973342707   -0.480725195593   0.773000231555
-0.957498105275   -0.248099749095   -0.147118354133
0.233973721855   -0.966351644693   0.106867736641
-0.168681928805   0.0679038301745   0.983328773116
0.17273251813   -0.114841362249   0.978250910468
0.302469143857   -0.939006631105   -0.163642113777
0.937377084918   0.324157038955   -0.127460917448
-0.34300696564   -0.249060944017   0.905712318103
0.863165318672   -0.46391386682   0.199322568916
0.370529067199   0.850148516439   0.374106509281
0.615428800654   0.52643421438   -0.586612647709
0.196494312552   -0.823224744297   -0.532626467888
-0.763306862053   0.212527614887   -0.610077537714
-0.34880028482   0.115702367425   0.930027609546
0.799735306799   0.554133524082   0.230996724666
-0.488632613938   0.824347626866   -0.285813205192
0.724910455171   -0.335710041763   -0.601501125773
0.492125190256   -0.358597244658   0.793234413827
-0.481993395766   -0.871037775314   -0.0947395280462
-0.990679905705   0.00644423625433   0.136077423645
-0.133177111866   -0.256093578327   -0.957435773652
0.0286783939873   -0.9666322339   0.254561676508
0.711931339094   0.631491773303   0.307200037281
0.290817343171   -0.663298385357   0.689536264945
0.639201842586   -0.40156335492   -0.655871643982
-0.522452151515   0.389575175943   0.758468843789
-0.839859969912   -0.0815149470824   -0.53664754136
-0.147238023787   -0.91738025649   0.369776219163
0.377057029208   0.866358157679   -0.327492836073
-0.439593914465   -0.143826565781   -0.886606532234
-0.81522095497   0.478265088898   0.32661494016
0.72605902751   0.661525298046   0.187677371039
0.558200467514   -0.726403272709   0.400938840642
0.401560398473   -0.186343757377   -0.896675427354
0.598725828011   -0.800670399053   0.02131554216
-0.748113824709   -0.549522949586   0.371954909571
-0.286099887343   -0.238645472519   -0.928006179199
0.490360155231   -0.842793133512   0.221916173992
-0.79529264237   -0.328578007153   0.509457025447
-0.356450090709   -0.426305737576   -0.831388741626
0.618545304473   -0.707193637555   -0.342459997598
0.0424498409872   -0.405126461432   0.913274605288
-0.784601619902   -0.579439084516   -0.220568801579
-0.189176923252   -0.568237393967   -0.800823524755
0.330574691423   0.731090197263   -0.596847960759
0.924625560481   -0.377641866018   0.0495395151395
0.88984827745   0.445477531018   0.0985891164438
0.328301951947   -0.475113072082   -0.816385580401
-0.316840453337   0.758826302191   -0.569029691871
-0.235109361845   0.804722435135   0.545110477082
0.635954327244   0.551483872231   -0.539840390792
-0.735041307338   0.219743842373   -0.641425736837
0.101357953622   -0.0447523777721   0.993842942305
0.874142844475   -0.472943777585   -0.110446717167
0.474974585362   0.879955348051   -0.00881664574137
0.0134582547437   -0.744097940655   -0.667934954164
0.970435567169   0.17071126973   -0.170623707557
0.240984767678   -0.645891549969   0.724396603979
0.0715054818567   -0.509651107355   -0.857404633246
0.993615286783   -0.0388118397664   0.105935320292
-0.0872675094823   -0.859505310621   0.503621879593
-0.385556419782   0.329780885853   0.861737084236
0.571066299357   0.818861781774   -0.057867629131
-0.724727201615   0.469797773609   -0.504044166685
-0.0858569937501   -0.996243997747   -0.0111730572611
-0.954104288751   0.0789871340399   0.288867877916
-0.28690058634   0.0354618338197   -0.957302231418
0.455146648135   0.0769183254318   -0.887087994167
-0.229277343444   0.972791763707   -0.0332879065269
0.860391444615   0.21854005617   0.460398539619
-0.802561394019   -0.409356327034   -0.433956767776
-0.33763551829   -0.288026420812   0.896125039581
-0.491826529958   0.86571659756   0.0929481516283
-0.714636200296   -0.121718461959   -0.688825966848
-0.317152458577   -0.82132852442   0.474168072945
-0.623466851248   0.557320069081   0.548346441485
0.0698054492779   -0.250813480451   -0.965515289231
0.684952650235   -0.691604098296   0.229180268243
-0.725235853119   -0.677330293462   0.123517645426
-0.896280845071   0.428990221129   0.112464248305
-0.443000429764   -0.854154316614   -0.272343880178
-0.0207710423414   -0.293918287994   0.955604838711
0.491216909075   -0.867818009271   0.0748186444271
-0.550467919721   -0.242717208554   0.798794950903
-0.67504888425   -0.433566842615   -0.596932767964
-0.5805760508   -0.162791629148   -0.797764548552
-0.461787705136   -0.74113711783   0.487304441728
-0.670582958949   0.65131589035   0.355113032337
-0.347998189272   -0.89424921329   -0.281452573539
0.936980533051   -0.341709338041   -0.0728159020218
-0.0310594157137   -0.289055391637   0.956808388102
0.644922511456   0.367046373018   -0.670337176822
-0.543830109708   -0.395855542346   -0.739964367841
-0.536957896255   0.841769216563   -0.0556852972522
0.74786918299   -0.569696203872   0.340790413892
-0.50130112569   -0.821190260665   -0.272662940352
0.435188524997   0.0330776805888   -0.899732301576
-0.693535224058   -0.417062827498   -0.587422224251
-0.611139216573   -0.0911535714324   0.786255807878
-0.381464453903   0.904294164183   -0.191664004178
-0.900293767282   0.215880736074   0.37800639055
0.0685849928465   -0.787185350469   0.612907980725
0.429871402003   0.577715848729   0.693872142914
0.576623021958   0.178219260036   0.797335504115
-0.347644655646   -0.829640725534   0.436852354328
0.739357291281   -0.529088538368   -0.416433087791
-0.455547498148   -0.463384209764   0.760099598984
0.429731072294   -0.862236889955   -0.268101768553
0.779620120147   0.204505322516   0.591920602002
0.757487925263   0.12699071682   0.640379105411
0.211030092006   0.880611382958   -0.424252155388
-0.617801214852   0.456505146658   0.640253626796
-0.644431745906   0.520711434131   -0.559970120994
-0.0558847514344   -0.762424745463   -0.644658478956
-0.762616436092   -0.384144845466   0.520431242791
-0.597200595614   -0.35145216228   0.720994159921
-0.522168179765   0.852675617634   -0.0168718788759
-0.608844473616   -0.386556135489   -0.692735518555
0.574579930817   0.54526567324   -0.610363198195
0.096696785231   -0.785759225308   -0.610927253195
-0.812716198836   0.292006374172   -0.50420690657
0.902934444891   0.424457055746   0.0674246356311
0.409182739673   -0.897007051917   0.167204430168
0.131450976473   -0.123385751779   -0.983619091569
0.665853166567   0.743269181122   -0.0647339689152
0.316772049535   -0.203085674927   0.926505090985
0.675496136902   -0.637422261443   -0.370672142034
0.229316543186   -0.186779879857   -0.955262896724
0.782837129306   0.618612284458   0.0669691844318
0.578428867154   -0.763172404614   0.288076254931
-0.248989965433   0.23696606107   -0.939069245017
-0.353998151944   0.880249485497   0.315984411392
0.901492800557   0.411105735454   -0.135287737902
-0.179101014991   0.0907638295042   -0.979635021059
0.0781330390322   -0.991278106797   -0.106127179967
-0.980723241003   -0.0955493452088   0.170447240583
0.558051813256   -0.821166922268   -0.119428031419
0.37386606175   0.120323002508   0.91964478652
-0.74081194428   -0.557859526472   0.374152916777
0.198319706412   0.896247686817   -0.396748535521
0.311406614258   0.326198122746   0.89253611929
0.929352052324   -0.300557627611   -0.214405945419
-0.483792277349   -0.601318758815   0.635893694385
0.148158612758   -0.772368741966   -0.617653269494
0.862550906165   -0.204602752054   0.462756578537
0.183637319096   0.478254921175   -0.858807060851
0.785267955996   0.454158547956   0.420825679092
0.5912965201   -0.751672964306   -0.292157806306
0.226240774075   0.534485816647   -0.814334101468
0.351779132773   0.734755902058   0.579987247967
0.90833174488   -0.417682508446   -0.0217892130756
0.26646904791   0.255451589822   -0.9293754145
0.771456688642   -0.634560232004   0.0467731974258
-0.577796463618   -0.729436522053   -0.366160450182
0.94688000934   0.314469979282   -0.0672820908022
0.269537911888   -0.89017932574   -0.367328288309
-0.175406846125   0.329680738696   -0.927654589793
0.732392393397   0.605001104307   0.312370056229
0.0207735758838   -0.478413425508   0.877888994577
0.6805658284   -0.636470181582   -0.362954394491
0.603382335534   0.0263452482605   0.797016566191
0.383874828854   -0.885630316946   -0.261338352483
0.698977535163   0.463641614396   -0.544486707911
-0.743001046766   0.535235282591   -0.401836434505
-0.198529872486   0.397119464171   0.896036818747
0.639167597392   0.745532885317   -0.188799946439
-0.792651706603   -0.383001739951   -0.474355187394
0.354659651546   -0.922521479855   0.152218751979
-0.495902922131   -0.0475781891528   0.867073584342
0.0224607314452   -0.967831918796   -0.250593112906
0.902025452057   -0.0884664366288   0.422520758011
-0.431098150214   -0.235531492732   0.871021987604
-0.619041466004   0.571178340749   0.539020429512
-0.642168915435   0.0269759963722   -0.766088385193
-0.452113707403   -0.820382613747   0.350093681066
0.997460070245   -0.0709503895358   0.00628097527178
-0.0035741901246   -0.13792760988   -0.990435899278
0.0711381303564   0.987897812346   -0.137830873703
-0.432915555655   -0.900136693691   0.0482504325752
-0.87924067614   0.409858097611   -0.242792247252
0.198771237845   -0.147533638792   -0.968870553111
0.11165197242   -0.988157744914   -0.10525265648
-0.00678034492184   0.105154912999   -0.994432745221
0.993724246183   0.111744033453   0.00504069712004
0.3782373163   -0.335174476398   0.862898953886
-0.852523153318   0.237137800591   0.465800320588
-0.360750339298   -0.911824399747   -0.196049636498
0.446067363206   0.212184816543   -0.86948347228
0.453397005741   0.784033857853   0.423936391377
0.771657346316   -0.583325391507   0.253527955206
-0.438799089656   0.184073048334   0.879529748953
-0.886984763046   -0.245495016155   -0.391139770701
0.143921841777   -0.951761211112   0.270992905719
-0.795314233142   0.598181376506   0.0982550358958
-0.585526933621   -0.800002560237   0.130972721048
0.156949741263   0.0466335121474   0.986504988489
-0.614427229345   -0.73899986415   -0.276329941468
0.742362061452   -0.660109072176   0.114692782677
-0.267165876345   -0.134666497194   0.954194594914
0.0365748305723   -0.730478226135   0.681955898913
0.835228563359   -0.352335588131   -0.422200056272
0.548685277613   0.585030940813   0.597229659825
0.993164486324   0.100860042158   0.0587499357801
-0.0801319948996   0.223180412699   0.971477926421
0.0848714701872   -0.969545125317   0.229736976365
-0.75941667768   0.0975963965016   -0.643242766536
-0.0349859140855   0.981128201283   0.190166870147
0.649663219773   0.166920328528   -0.741670619892
0.714205945662   -0.586156278642   -0.382531775475
-0.370162606033   -0.780152609551   0.504322092188
-0.594044937134   -0.218590815412   -0.77416270413
0.0534453934715   0.903310195059   -0.425645885997
0.873052075953   0.164627141022   0.458996840568
0.484689386554   -0.396142295746   -0.779838278851
-0.366892303315   0.84786578895   -0.382771100269
0.920823304666   0.389471162721   -0.0199170234664
0.1321913494   -0.359771941887   -0.923628551106
-0.971727277078   0.230865027792   -0.049589288023
0.14530221749   0.41906911613   -0.896254303621
-0.18613173866   -0.878114941286   -0.440769379111
0.613993691988   0.716530628334   -0.331052272982
-0.784899406303   0.509981802223   -0.3519253993
-0.0833346912925   0.475922707323   0.875530071851
-0.640095775226   0.206306918243   -0.740077591461
-0.361106545945   0.769456741703   0.526819118243
0.678144120651   0.604461559039   -0.418027229188
-0.815678835882   0.452430273943   -0.36051412628
0.406759138756   0.00541455267554   -0.913518061553
-0.411352149704   -0.891781976139   -0.188444697757
-0.974574632575   -0.127644346125   0.184150678334
0.195802613132   -0.0856094444743   0.976899434891
-0.108930657389   0.98811845955   0.108425743409
-0.60842685113   0.491933215344   0.622750894467
0.650325942719   0.758803648966   0.0359613716251
-0.454855068286   0.426870898122   -0.781593450978
0.930024074375   0.367229852424   -0.0140518981757
-0.362229850544   0.909568695843   -0.20365245389
-0.0620060942861   0.194491701851   0.978942399717
0.998275778433   -0.048484141336   -0.0330871302623
-0.0118310221966   0.385916988587   -0.922457635479
0.0574934523565   0.921258568687   0.384677965246
-0.839525263798   -0.403286672127   0.364079778327
-0.535770810139   0.503194979728   -0.678043960513
0.0902433593408   -0.764299570502   -0.638513535914
-0.348014054096   -0.771647140683   0.532397802506
-0.401011929216   -0.390791555714   -0.828536010402
0.847393747006   -0.501839793342   -0.173439052044
0.3985134862   0.256601177858   -0.880535544392
0.375209563183   0.830437579884   0.4118145358
0.836901901726   -0.494499002751   0.234661359136
0.19940135511   -0.401700067589   0.893798716126
-0.94483797557   -0.32068231109   0.0666636199913
0.259846664725   -0.857787790779   -0.443485961665
0.0518394712086   -0.602872083121   -0.796151959424
0.998482873506   0.046109262062   0.0300983268121
0.0185645473252   -0.796504368698   0.604347712296
-0.998422185467   0.0561721814762   -0.00576286404341
0.00537148685783   -0.00712486531062   -0.999969107548
-0.0562109571411   -0.998404604832   0.00679407972929
-0.626589034513   -0.134924618688   0.767581528737
0.322716193113   0.851575064442   0.413127288907
-0.709394329474   0.506572053521   -0.49004522712
-0.809883024031   0.580816502709   0.0821068756292
-0.0216736634935   -0.169506629286   0.985290650223
0.586190754921   0.796190682743   0.149869044445
-0.941808052164   -0.0132630891914   0.335889990091
0.244175788406   0.659759939507   0.710700412997
-0.231032853366   0.751359423407   -0.618128767003
-0.592202506408   0.187436113929   -0.783683950154
0.507547180032   -0.668619401413   -0.543452329024
-0.625850373951   -0.719591743334   0.300828117895
0.295608921355   -0.0917046516524   0.950897289279
0.751853205325   -0.59173728152   -0.290798590508
0.589348925117   0.800897820863   -0.105974410496
-0.20948448307   -0.826644890503   -0.522278162532
-0.24959740837   0.561641308251   -0.78883469471
0.945419159837   -0.034889351514   -0.323983561804
0.954582392042   -0.163507620263   0.249073715047
-0.175296346116   0.367759838383   0.913249090215
-0.240922494694   -0.915433213214   0.322394777826
0.995178136953   -0.0512810015392   0.0836106137646
0.0626682563413   0.988191484348   -0.139822316559
-0.0754530681955   0.144387843816   0.986640251254
0.893090473136   -0.377772594826   -0.244289293423
-0.177042181627   -0.794328499557   0.581117937394
-0.41357642366   -0.475741377048   -0.776288891362
0.841761180794   -0.539509962959   0.0191602055749
0.539235819417   0.841966278267   0.0178189904704
-0.0257457698861   -0.00466746526816   0.99965762644
