-0.182059227117   -0.85783362985   0.480599501558
0.697293812034   0.231977644916   0.678209185052
-0.693278989367   0.458593308377   0.555928424117
0.789588376724   0.217357168758   -0.573851950686
0.270329798424   0.716320195888   0.643278464962
0.550882927854   -0.663054480861   0.506839981059
0.954718198813   -0.154299882975   0.254371199465
0.0467489158837   0.922179081733   0.383927441495
-0.293815758371   -0.354650937659   0.887634504127
-0.598185648254   0.759168988655   -0.256587218141
0.259740299175   -0.119225591517   -0.958290494601
-0.758095990514   -0.639881349723   -0.125868053005
0.535157407878   -0.744956198424   0.398304907836
0.57649910143   0.666710648397   0.472382989782
-0.61745876237   -0.0231768292611   0.786261728699
0.23056054349   -0.951743414241   -0.202549736209
-0.788816859561   -0.0609308821431   -0.611600775679
0.569745455675   0.300785671513   -0.764799512114
0.947134434328   -0.188854166951   0.25936556831
-0.0940735877417   -0.936341403693   -0.338254452372
0.306735316664   0.295973002291   -0.904607399645
-0.99666243564   0.0732836911123   0.0364447768065
-0.0710715612728   -0.554091856533   -0.829432384817
-0.0405900765923   -0.829239861814   0.55742389241
-0.990256316091   0.00747764311488   -0.139080065804
0.00152295516561   0.999079408389   0.0428721292232
0.139272612018   0.0422424396788   -0.989356085636
-0.864236406337   -0.279352316513   -0.418396666396
-0.498218813791   0.359870755796   0.788841165405
-0.0697961372615   0.890199221474   -0.450191438076
0.885176228241   0.0219655888241   -0.464737083887
-0.458347375124   0.212668109939   -0.862954201424
0.0798794588698   0.976877568043   0.198316625721
0.228436250566   0.658021856724   0.717512451422
-0.34807626468   0.743487230666   -0.571025089304
-0.909208334673   -0.119306222479   0.398881224607
-0.488977868943   0.768457859781   0.412772267954
0.830171376493   0.264676346514   0.490678877901
0.267813205616   0.582600028585   -0.767373789426
-0.823803605257   0.563759454965   0.0593524733906
-0.551395586253   -0.821204520183   0.146921281449
0.131568790448   0.0883076011454   0.987365899607
0.00175485189924   0.515991394879   -0.85659198808
0.486035292508   0.748169980222   0.451676193186
0.873937439448   -0.417126562885   -0.249477101041
0.68558916854   -0.716542350389   0.128586738854
0.724372638128   0.653874363694   -0.218477904365
0.0724690999081   0.242930800154   0.967332856683
-0.150731052751   -0.933346808877   0.325797707823
-0.954043925729   0.223682164767   0.199415781519
-0.258999227497   -0.280767164209   -0.924169702113
0.0482061219946   0.923869291286   0.379666297439
0.863368311862   -0.229684111591   0.449273371025
0.502270965579   0.30613222055   -0.808712589669
0.940254392003   0.0403075195418   -0.338078166945
-0.00606789341782   -0.990823738459   -0.135007385412
-0.340418453915   0.128992702564   -0.931381655174
0.816602777978   0.149838664221   0.557412124096
-0.562094710183   -0.0130472091052   0.826969949998
0.131184748231   -0.988624365531   0.0735691345282
0.162726077803   -0.696601655758   -0.698760588126
0.98567787143   0.0829991656606   0.146800120072
-0.0442646596898   -0.712641055984   0.700130963608
-0.46049731775   0.385547863385   -0.799559294212
-0.83923263655   0.104352780894   0.533665699299
0.289189905893   0.916767877873   0.27551017444
-0.237648063552   0.895581140281   0.376108823438
-0.175123468874   -0.420359945352   0.890297320637
0.955434559007   0.145711940679   0.256734981289
0.141169124611   0.743081060921   -0.654140819255
0.626071063553   -0.578857326703   -0.522452170461
-0.766879845802   -0.335785324186   -0.54693750053
-0.125587206509   0.43219145165   -0.892994059086
-0.916390905518   -0.395378580461   -0.06247775711
-0.380073083401   0.810485231803   0.445710818629
0.948683228499   0.144715296174   0.28117185975
0.0309766811078   0.842339210327   -0.538056780502
-0.314707128755   0.519155214623   0.794630281974
-0.105406233066   -0.85849426141   -0.501873632489
-0.00924955135234   0.505509672011   -0.862771362234
0.994386235656   -0.0862993674165   -0.0612245604317
0.909835588717   -0.19324597308   0.367226352122
-0.027174085021   0.855303796002   0.517413744426
-0.41407821593   -0.480740478539   0.772934550338
-0.957531699561   -0.247940178023   -0.14716778396
0.233806897892   -0.966390376838   0.106881320259
-0.168721732481   0.0679334250897   0.983319898971
0.172427800815   -0.114636851934   0.978328574735
0.302753271076   -0.938959960269   -0.16338321386
0.93734138115   0.324364008325   -0.127195875896
-0.343123298402   -0.249034463542   0.905675555206
0.863211066348   -0.463744301031   0.199519044271
0.370314771867   0.850248804798   0.374090800747
0.615348797038   0.526623425224   -0.586526730227
0.196543497184   -0.823086804011   -0.532821422788
-0.763358690905   0.212592998174   -0.6099898683
-0.348950706578   0.115785900939   0.929960726994
0.799647268343   0.554239696305   0.231046705739
-0.488669187528   0.824264495866   -0.28599019875
0.724712618853   -0.335945740086   -0.601607923991
0.492139712232   -0.358731503843   0.793164726235
-0.482275997884   -0.870891634486   -0.0946450218859
-0.990650517157   0.00684442370825   0.136250620033
-0.133448577023   -0.256016055993   -0.957416814399
0.0283293996708   -0.966648143364   0.254536115452
0.711668818585   0.63169857212   0.307383132557
0.291020416698   -0.663331815383   0.689418541121
0.639401746372   -0.401182903123   -0.65590974263
-0.522481260176   0.389551362299   0.758460984594
-0.839838990666   -0.0814959278724   -0.536683222058
-0.147254197829   -0.917392035725   0.369740520447
0.377014009129   0.86637939359   -0.327486129037
-0.439538137662   -0.14387003451   -0.88662709445
-0.815270902149   0.478213472662   0.32656578296
0.725998240829   0.661577236293   0.187728430841
0.558122169612   -0.726314436923   0.401205721838
0.4017786046   -0.18649918999   -0.896543897389
0.598661036778   -0.800731574874   0.020833069404
-0.748096918444   -0.549635468435   0.371822904488
-0.286279710064   -0.238181058625   -0.92807016615
0.490571665147   -0.842747452493   0.221621647104
-0.795154276129   -0.3288886443   0.509472167359
-0.356467530504   -0.426156008376   -0.831457690306
0.618420414815   -0.7071518263   -0.34277177347
0.0425901377425   -0.405380173904   0.913155522343
-0.784692471159   -0.579312715534   -0.220577684279
-0.189327815245   -0.568388620707   -0.800680589031
0.330500593094   0.730961805188   -0.597046236864
0.924621213127   -0.377662848106   0.0494613636681
0.889783021238   0.445561808069   0.098797057683
0.328464102466   -0.474905681385   -0.816441080694
-0.316855671888   0.758906700487   -0.568914071976
-0.235197257242   0.804769708901   0.545002670665
0.635982944756   0.55145451077   -0.539836638841
-0.734988360028   0.219644299474   -0.641520396807
0.101199412252   -0.0445721554227   0.993867198944
0.874122106039   -0.473034811625   -0.11022079002
0.475046555519   0.879915565142   -0.00890934401413
0.013208720915   -0.744276043511   -0.667741485176
0.970405701065   0.17057481015   -0.170929813991
0.241118840637   -0.645722383867   0.724502798441
0.071151211466   -0.509708958361   -0.85739973142
0.993654770162   -0.0388463337096   0.105551781703
-0.0871075163712   -0.859469463479   0.503710761044
-0.385703493465   0.329719445337   0.861694738968
0.571299007763   0.818721356761   -0.0575566966994
-0.724465443985   0.470085542186   -0.50415207764
-0.0856504100351   -0.996262492448   -0.0111721945053
-0.954066218644   0.0787814780388   0.289051776248
-0.287091313401   0.0354164517104   -0.957248049463
0.455106823287   0.0764642832568   -0.88714767305
-0.229187090904   0.972797926692   -0.0337264174982
0.860436550697   0.218671916945   0.460251600724
-0.802483248567   -0.409457658236   -0.434024116199
-0.337553207581   -0.288287152433   0.89607858737
-0.492026766936   0.865588486986   0.0931246728863
-0.714668187125   -0.121584830099   -0.688816163586
-0.317229223662   -0.821331914847   0.47411050981
-0.62339088683   0.557343955693   0.548408453811
0.06982691448   -0.250407834621   -0.965619037746
0.684988121418   -0.691662469983   0.228898045219
-0.72520030558   -0.677420813047   0.123229728878
-0.896247795983   0.429077260179   0.1123983337
-0.44306362422   -0.854115537105   -0.272363817324
-0.020863976477   -0.293904965748   0.955606919264
0.491335436246   -0.867764467491   0.0746617011736
-0.550486559165   -0.242970227151   0.798705291655
-0.674947471171   -0.4335324944   -0.597072566263
-0.580439378045   -0.162618805842   -0.797899670478
-0.461974163727   -0.741143320526   0.487119023553
-0.670573360797   0.651352588884   0.355064239816
-0.348040002769   -0.894251230201   -0.281394478653
0.936970111886   -0.341706107272   -0.0729650926002
-0.0309050928544   -0.289052992702   0.956814110121
0.644889688818   0.367168458392   -0.670301896823
-0.543818710158   -0.395795449111   -0.740004900922
-0.537008864177   0.841744240294   -0.0555713465961
0.74779120988   -0.569617208459   0.341092326195
-0.50119304321   -0.821246650797   -0.272681821311
0.435446061642   0.0329556984952   -0.899609013275
-0.693496159344   -0.417343327633   -0.587272114854
-0.611085513464   -0.0910381148337   0.786312371201
-0.381626106601   0.904177635617   -0.191898307992
-0.900320837888   0.216047637136   0.377839606688
0.0683671831798   -0.787139609385   0.612987042644
0.42984331815   0.577711523749   0.693892534392
0.576626373802   0.17842929278   0.79728610039
-0.34743870582   -0.82967165575   0.436957411256
0.739451475146   -0.528969206128   -0.416417427744
-0.45573758164   -0.46334988823   0.760006546376
0.429733862972   -0.862265821602   -0.268004142513
0.779507457612   0.204460985193   0.592084264779
0.75725147278   0.126894849343   0.640677684906
0.211282941504   0.880603755204   -0.424142123462
-0.618004625675   0.456546514033   0.64002777357
-0.644634499698   0.520669119744   -0.559778078064
-0.0560386643424   -0.762435650946   -0.644634096592
-0.762435241208   -0.384183703631   0.520668620553
-0.597158915512   -0.351400716752   0.721053824095
-0.522235258073   0.852632441012   -0.0169776925116
-0.6088279036   -0.386698129144   -0.692670905393
0.574561582542   0.545525008673   -0.610148747666
0.0969589816878   -0.785600510607   -0.611089983375
-0.812697966797   0.291949442237   -0.504269456418
0.902789613145   0.424798607912   0.0672050084987
0.40954610714   -0.896825513881   0.16722849634
0.131310154132   -0.12344847742   -0.983619345781
0.66565595932   0.743414189732   -0.0650960108802
0.316941883481   -0.202659819361   0.926540261187
0.675610827787   -0.637388700567   -0.370520811045
0.229293959002   -0.187019041805   -0.955221538546
0.782822274537   0.618650722146   0.0667876110615
0.578457946775   -0.763082679993   0.288255536629
-0.248671763163   0.236603986037   -0.939244867568
-0.354425091731   0.880225276351   0.315573000263
0.901412903065   0.411366038869   -0.135028783235
-0.179236006627   0.0907160932942   -0.979614724951
0.0786165143175   -0.991234575439   -0.106176273352
-0.980659911794   -0.0960445092853   0.17053317863
0.558023369297   -0.821129559757   -0.11981722384
0.374138147352   0.12007597501   0.919566425191
-0.740696002238   -0.557967749728   0.374221091019
0.198329241259   0.896227941045   -0.396788342204
0.311253681907   0.326285047732   0.892557679975
0.929401235376   -0.300522119439   -0.214242380325
-0.483891847952   -0.601088012968   0.636035953574
0.14803319105   -0.772539981216   -0.617469009323
0.862516497187   -0.204633828563   0.462806909483
0.183536734645   0.478253858658   -0.858829146071
0.785178410383   0.4543355183   0.420801726405
0.591446632699   -0.751566680845   -0.292127346542
0.226085869848   0.534441885513   -0.814405952555
0.351828155082   0.734815367539   0.57988216619
0.908351327318   -0.417634108262   -0.0219003310873
0.266345795863   0.255541129117   -0.929386152015
0.771464003329   -0.634563386169   0.0466104745562
-0.577843559966   -0.729402478815   -0.366154052931
0.946838720674   0.314640614442   -0.0670648320336
0.269781950168   -0.890128961473   -0.367269788249
-0.175254407408   0.329652364985   -0.927692921416
0.73230767845   0.605198613012   0.312186002812
0.0210560472847   -0.478344946393   0.877919552754
0.680648297152   -0.63633382516   -0.363038765987
0.603293924602   0.0264589362078   0.797079886902
0.38424906733   -0.885439153089   -0.261438462203
0.698848392475   0.464001443917   -0.544346865436
-0.743018251696   0.535245588516   -0.401791119659
-0.198456668759   0.39713739668   0.896045122573
0.63917047373   0.745515976378   -0.188857299676
-0.792812331729   -0.382690691539   -0.474337328823
0.354448444061   -0.922646186639   0.151953071513
-0.495796699675   -0.0476578435216   0.867129934058
0.0224485556024   -0.967718471892   -0.251031984874
0.901912878149   -0.0887303665265   0.422705715941
-0.431334276982   -0.235898116184   0.870805848067
-0.618968602858   0.571218843752   0.539061037344
-0.642240946001   0.0269753774808   -0.766027960748
-0.452110978323   -0.82035437581   0.350163278397
0.99747349077   -0.0707509663532   0.0063981164659
-0.00344140703034   -0.138082913815   -0.990414676086
0.0709562671783   0.987890365704   -0.137977528891
-0.432640181791   -0.90026361539   0.0483111130166
-0.879374690791   0.409583521735   -0.242766863855
0.19876794015   -0.147516167911   -0.968871064242
0.111763987029   -0.988167884999   -0.105038524964
-0.0065482796701   0.104966090692   -0.994454267266
0.993713228604   0.111832020042   0.0052606071696
0.378453768115   -0.335298261482   0.862755955315
-0.852474949199   0.23689735969   0.466010861525
-0.360637246513   -0.911841399542   -0.196178672598
0.446318186196   0.211940382594   -0.869414368957
0.453471456641   0.78400427542   0.423911466953
0.771468540341   -0.583453998211   0.253806452286
-0.438751803275   0.184028742401   0.879562499074
-0.886999549778   -0.245515813665   -0.391092966371
0.143974186925   -0.951764325672   0.270953976964
-0.79531450597   0.59818948041   0.0982039263191
-0.585499517812   -0.799983551228   0.131211512397
0.157050884301   0.046856076132   0.986478345724
-0.614566354475   -0.738896427021   -0.276297682575
0.742194595471   -0.660265648688   0.114876468382
-0.267311656527   -0.13446743349   0.954181844138
0.0365857768976   -0.730450817195   0.68198461691
0.835185638817   -0.35239102019   -0.422238586244
0.548749818002   0.585031690303   0.597169599543
0.99317458149   0.100725942333   0.0588093132628
-0.080155915539   0.223145169016   0.971484057822
0.0847306319429   -0.969567186914   0.229695889873
-0.759432783055   0.0972833114444   -0.643271190585
-0.0354304646374   0.98110521146   0.190203171447
0.649620311796   0.167237919048   -0.741636668484
0.714214754093   -0.586104261742   -0.382595129034
-0.369832593069   -0.780095729184   0.504652569478
-0.594239927551   -0.218934138829   -0.773916314491
0.0532610759156   0.903223467464   -0.425852818778
0.872959387893   0.164958791914   0.459053920562
0.484876440475   -0.396201921647   -0.779691522546
-0.366802813038   0.84784100918   -0.382911090077
0.920838579218   0.389440585888   -0.0198029035865
0.132331367313   -0.359863122755   -0.923572604514
-0.971738075742   0.23085962758   -0.0493560260986
0.1451071702   0.419176320127   -0.896235016762
-0.18621518229   -0.878064421593   -0.440830971929
0.614151996898   0.716437951479   -0.330959197351
-0.784765108671   0.510077595104   -0.352086035182
-0.0834329242197   0.475959571432   0.875500676633
-0.640018331621   0.206341548336   -0.740134943676
-0.3612021371   0.769396040039   0.526842248249
0.678166340638   0.604527008343   -0.417896566394
-0.815842337999   0.452328007177   -0.360371278659
0.40658680673   0.00542513199151   -0.913616072018
-0.411284880773   -0.891855667908   -0.188366490109
-0.974605855403   -0.127598783756   0.184017211869
0.195651807999   -0.0855005099804   0.976939214701
-0.108922696933   0.988133801454   0.108294034243
-0.608664673968   0.491687975406   0.622712130721
0.650016568183   0.759066819453   0.0360006513136
-0.454979036872   0.426685505553   -0.781622491705
0.930073292675   0.367106758799   -0.0140106086985
-0.362115538869   0.909664038079   -0.203429775056
-0.0619354988814   0.194278059784   0.978989289646
0.998278040734   -0.0484620217396   -0.0330512602926
-0.0118142437352   0.385791400787   -0.922510383668
0.0574576104879   0.921312333999   0.384554541577
-0.839394170225   -0.403425493528   0.36423845714
-0.535965779116   0.50296710077   -0.678060436896
0.0903463674152   -0.764377618483   -0.63841073757
-0.348116162178   -0.771400596714   0.532687481607
-0.400973167038   -0.391102742669   -0.828407418086
0.847369667257   -0.501975547626   -0.173161577974
0.398264195831   0.256305848832   -0.880734316691
0.375367289062   0.830551279613   0.411441330768
0.836949833051   -0.494461203955   0.234570005851
0.199647831656   -0.401674906812   0.89375502687
-0.94475180944   -0.320904178425   0.0668175532572
0.259970762544   -0.857716640914   -0.443550933441
0.0518291788733   -0.602918815022   -0.796117229743
0.998487461204   0.0459294921852   0.0302204629241
0.0183447763486   -0.796479371393   0.604387360988
-0.998384017411   0.05623841277   -0.00536169461643
0.00496844519541   -0.00712049808182   -0.999952768602
-0.0562745181445   -0.99838242463   0.0068486297577
-0.62690524486   -0.134929499964   0.767322353217
0.322530843874   0.85158319323   0.413255244283
-0.709199138787   0.506557076959   -0.490343022865
-0.809793400015   0.58096214303   0.081961314329
-0.0218490686906   -0.169459076848   0.985295007599
0.586308184215   0.796094606293   0.149920312369
-0.941876010286   -0.0132859968084   0.335695496461
0.2440022375   0.659800986091   0.710721666361
-0.2309348223   0.751322741056   -0.618208634398
-0.592302273781   0.187493499719   -0.783595205058
0.507465076052   -0.668595134026   -0.543559428693
-0.62582302164   -0.719599780084   0.300866234143
0.29553239886   -0.0916736703013   0.950924038016
0.751952732017   -0.591643211986   -0.290732468818
0.589260279261   0.800970797087   -0.105915459617
-0.209390112053   -0.826588534553   -0.522405181845
-0.249588542421   0.561731335473   -0.788773393122
0.945442403833   -0.0347750017913   -0.323928014598
0.954582694432   -0.16368150715   0.248958316315
-0.175121873657   0.367780654618   0.91327417201
-0.241048145424   -0.915393766699   0.322412836031
0.995146416968   -0.0515296571152   0.0838349756779
0.062979318182   0.988113395891   -0.140233812369
-0.0756122621713   0.144833045565   0.98656280818
0.893145937465   -0.377517121453   -0.244481426745
-0.176511349696   -0.794173784303   0.58149111955
-0.413683560758   -0.476202689721   -0.775949151949
0.841651922641   -0.539680591644   0.0191546154044
0.539410063206   0.841857567548   0.017681030782
-0.025667567102   -0.0045490812118   0.999660183191
