-0.183332205774   -0.857678814414   0.480391887373
0.696697847364   0.231400939076   0.679018204875
-0.69354266172   0.459173893399   0.555119731625
0.789638660148   0.216722680862   -0.574022705633
0.271599887545   0.71543261201   0.643731061503
0.55018568508   -0.664219435171   0.506071393422
0.954965872205   -0.153669507655   0.253822507739
0.0461614565525   0.921968368348   0.384504158442
-0.293102887988   -0.3554715324   0.887541935315
-0.64654760003   0.723693724457   -0.241337172001
0.275255556885   -0.0737401111238   -0.958538887174
-0.711484796613   -0.686170396478   -0.15152424466
0.532880116232   -0.747267305773   0.397026912531
0.57841581114   0.664133634545   0.473668317318
-0.617635770479   -0.0227617910053   0.786134824458
0.231184163048   -0.951897803835   -0.201107872413
-0.787433985762   -0.0616677982438   -0.613306362071
0.571403118087   0.300145875773   -0.763813296677
0.94713365511   -0.187792255673   0.26013824284
-0.0925800196261   -0.936283574868   -0.338824304474
0.307191758751   0.296828297245   -0.904171493047
-0.994617857004   0.0840691519342   0.0606327318211
-0.0978457810917   -0.568454374642   -0.816879804345
-0.0342075079124   -0.818412358971   0.573613896556
-0.990170252247   0.00383033188189   -0.139794618207
-0.00200221078342   0.999134098432   0.0415576952868
0.139832749647   0.0414292100244   -0.989305190678
-0.863423134688   -0.280287721967   -0.419450310519
-0.499558100318   0.359179383139   0.788309347523
-0.0702956221015   0.890184652698   -0.450143587074
0.885488510313   0.021211617643   -0.464176870414
-0.457649317553   0.212701782881   -0.863316318056
0.0804189150246   0.976886907557   0.198052466485
0.229504422891   0.656867201038   0.718229208899
-0.347268526845   0.744621630721   -0.570037890097
-0.909248198556   -0.118592183909   0.399003263849
-0.49032618949   0.767618357241   0.412736507245
0.829162477553   0.264970570254   0.49222422738
0.268475236484   0.583572756242   -0.766403756123
-0.822821101758   0.565447870175   0.0568667509383
-0.55346363457   -0.820033190738   0.145682045985
0.129008241815   0.0883966030362   0.987695758825
0.0019288317904   0.51305607248   -0.858352967061
0.486439499146   0.749474775449   0.449070364416
0.87371217414   -0.418402969658   -0.248125128175
0.6829140892   -0.71855264426   0.131569166124
0.72711378812   0.651315048596   -0.217012091834
0.0702416341898   0.243866369766   0.967261757052
-0.14854497268   -0.933629244902   0.325992397027
-0.953784078696   0.222334558836   0.202147033855
-0.261209764523   -0.280898424939   -0.923507390418
0.0462333162502   0.924030736012   0.379519652332
0.863152041955   -0.228200271857   0.450444507543
0.502828519548   0.306755441371   -0.808130547318
0.94062045741   0.0422732920339   -0.336817919081
-0.00391589459503   -0.99080160261   -0.135288988996
-0.339437781637   0.128574544739   -0.931802905027
0.816872789335   0.150598225489   0.556811481525
-0.561548339829   -0.0130130808988   0.827341617366
0.131842002083   -0.988509415368   0.0739381478049
0.160169558084   -0.697368687116   -0.69858616202
0.986090475596   0.0812103332647   0.145018807316
-0.0443991607324   -0.712096759414   0.700676044514
-0.458803500576   0.386420653127   -0.800111532633
-0.839409126974   0.106779224244   0.532907626201
0.291361808355   0.916120788623   0.275374320043
-0.235852612701   0.896461503726   0.375140362515
-0.175523025769   -0.418979066103   0.890869339428
0.9558060403   0.144268100581   0.256166962999
0.140342170614   0.74359415858   -0.653739738965
0.626345742633   -0.578045978009   -0.523030509611
-0.766810882592   -0.336061944624   -0.546873254347
-0.122821976683   0.432200810188   -0.893374101907
-0.916379282004   -0.394982116173   -0.0651016069744
-0.381003724128   0.810673588684   0.444572296246
0.948949035118   0.142633810413   0.28133845198
0.032524801564   0.842921601846   -0.537052427103
-0.313748092772   0.518785859774   0.795250504382
-0.106915065088   -0.859180156446   -0.500378431085
-0.00879216783402   0.504060385664   -0.863623645748
0.994229255912   -0.0879349900733   -0.0614456920341
0.909575051581   -0.196142150378   0.366335202745
-0.0246431923568   0.854576007699   0.518741320445
-0.414808313557   -0.48086183183   0.772467447616
-0.957780010501   -0.246797231847   -0.147463235034
0.232618944829   -0.966666678104   0.106961551036
-0.168945866598   0.0681430351988   0.983266898559
0.170255140352   -0.113196929609   0.978876960196
0.304751234437   -0.938631958493   -0.16154816137
0.937091421999   0.325818321246   -0.12531046813
-0.343943944943   -0.2488554738   0.905413427634
0.863530097203   -0.462552799638   0.200899562467
0.368806579394   0.850949949254   0.373986459357
0.614790058923   0.527952712696   -0.585917239797
0.196887266558   -0.822114371073   -0.534193663213
-0.763720160138   0.213057266261   -0.609374827833
-0.350008327411   0.116375749492   0.9294895961
0.799028535867   0.554986074219   0.231395492518
-0.48892496684   0.823679039442   -0.287237302379
0.723323103742   -0.337597410212   -0.602355090521
0.492242415419   -0.359667195482   0.792676989128
-0.484253106259   -0.869866307686   -0.0939758067926
-0.990466178585   0.00962267040559   0.137462236281
-0.135341134227   -0.255492045368   -0.957295137466
0.025908291634   -0.966767090381   0.254351216293
0.709825455654   0.633152436836   0.308651734439
0.292438339813   -0.663541631334   0.688616564887
0.640802402345   -0.398536005599   -0.656156828757
-0.522673441977   0.389381815888   0.758415664478
-0.839702288412   -0.0813715010875   -0.536915987883
-0.147351910428   -0.917475074683   0.369495494856
0.37671803244   0.866532505609   -0.327421677381
-0.439139543913   -0.144158998646   -0.886777689105
-0.815622461111   0.477848956937   0.326221382634
0.725554820196   0.66196288371   0.188083631262
0.557587640523   -0.725682908532   0.403089349835
0.403319147691   -0.187590355308   -0.895625075389
0.598214923135   -0.801145962757   0.0174307870872
-0.747965089363   -0.550434424372   0.370903385727
-0.287553318664   -0.234917523416   -0.928507292008
0.49207182036   -0.842417470659   0.219540730748
-0.794173530783   -0.331092438357   0.509574538239
-0.356586217251   -0.425100708239   -0.831946915942
0.617547208694   -0.706842303108   -0.344977378876
0.0435782337383   -0.407182142092   0.912306745504
-0.785325646432   -0.578425983931   -0.220651247522
-0.190383946345   -0.569470522352   -0.799660736118
0.329987945609   0.730040698356   -0.598455126193
0.924587434735   -0.377814645675   0.048930375243
0.889312756591   0.446169607534   0.100277134062
0.329621158733   -0.473421474849   -0.81683659117
-0.316974311291   0.759476666048   -0.568086699951
-0.235816486269   0.805111444557   0.544229825121
0.636196888053   0.551235110795   -0.53980862928
-0.734604696649   0.218941541189   -0.642199721742
0.100080703271   -0.0433001649577   0.994036670919
0.873969031404   -0.473686054309   -0.108625870441
0.475564863678   0.879628639425   -0.00956379579822
0.0114753028883   -0.745510727807   -0.666394828324
0.970190315799   0.169638098753   -0.173071264047
0.242072434659   -0.644543765802   0.725233940859
0.0686582010646   -0.510126410266   -0.857354693072
0.993929387788   -0.0390770234752   0.10284613719
-0.0859674140386   -0.85921126703   0.504346694084
-0.386757613129   0.32929741926   0.861383607789
0.572939719627   0.817725716882   -0.0553599544009
-0.722605416373   0.472110004709   -0.504929216628
-0.0841860644126   -0.996387215831   -0.0111429118699
-0.953797968604   0.0773418375596   0.290321846756
-0.288411309492   0.0350692991937   -0.956863182929
0.454837717687   0.0732792453854   -0.887554393875
-0.228528463653   0.972841787638   -0.0367912692289
0.860753966701   0.219565499081   0.459231531745
-0.801833234915   -0.410133609481   -0.434517280138
-0.336994061179   -0.29007357384   0.895688290826
-0.493406371153   0.864646132222   0.094407538145
-0.714905805656   -0.120636037013   -0.688741418602
-0.317781700215   -0.821350764079   0.473715444743
-0.622842344524   0.557528903424   0.548845213381
0.0699594128503   -0.247593275725   -0.966334974379
0.685245968879   -0.692056330712   0.226927424724
-0.724943911643   -0.67805284733   0.121246409247
-0.896009133076   0.429691403022   0.111952504859
-0.443515540252   -0.853841959514   -0.272485404853
-0.0214949000914   -0.29380202258   0.955624586803
0.492176389009   -0.867382338513   0.0735545182012
-0.550619771947   -0.244760145389   0.798066603843
-0.674225670717   -0.433290106353   -0.598063027855
-0.579471621914   -0.161402327495   -0.798850345043
-0.463287798243   -0.741182498281   0.485811548218
-0.670505034355   0.651611642823   0.354718541465
-0.348324784635   -0.894270354582   -0.280981003415
0.936899429487   -0.341675405555   -0.074008941917
-0.0298203016782   -0.289030097692   0.956855449135
0.644656092524   0.36803038538   -0.67005383377
-0.543733103866   -0.395381750044   -0.740288804556
-0.537375861454   0.841562141394   -0.0547749329867
0.747236141494   -0.569071524877   0.343213390543
-0.500444286604   -0.821659919978   -0.272815335921
0.437256615593   0.032098147639   -0.898762471377
-0.693205841056   -0.419294341395   -0.586218946491
-0.610700501988   -0.0902380973934   0.786701082515
-0.382760100875   0.903352617549   -0.19350721711
-0.900525548579   0.217223794322   0.376674869038
0.0668406124516   -0.786831488145   0.613550289939
0.429653891302   0.577689751456   0.694027899028
0.576642615184   0.179908899428   0.796941649501
-0.345987113355   -0.82989014694   0.437692671102
0.740118991916   -0.528123796899   -0.41630377535
-0.457103186033   -0.463098295636   0.759339902265
0.429730228477   -0.862482014553   -0.267314925407
0.778709862096   0.204120815183   0.593250172073
0.75559503108   0.126217434478   0.642763804266
0.213065440131   0.880542747668   -0.423376413692
-0.619418491056   0.456851867329   0.638441151563
-0.646071317377   0.520366810344   -0.558401373873
-0.0571190080721   -0.762493909039   -0.644470672607
-0.761138049612   -0.384478102922   0.522346625513
-0.596852383276   -0.351049330527   0.721478650711
-0.522710826689   0.852326206959   -0.017703505411
-0.608720352508   -0.387691101237   -0.692210211154
0.574422470783   0.547337394022   -0.608654783404
0.0987996419894   -0.784492369923   -0.612217717316
-0.812574611342   0.291536755416   -0.504706819814
0.901762111759   0.427216040245   0.0656614709723
0.412118779769   -0.895620857411   0.167388995766
0.130319166564   -0.123884702445   -0.983700702714
0.664261451048   0.744432931959   -0.0676486596587
0.318152463257   -0.199670620673   0.926774339987
0.676413883257   -0.637143058465   -0.369476668905
0.229115863188   -0.18872611345   -0.954928463071
0.782724438894   0.618914159422   0.0654806320988
0.578660840423   -0.762448499588   0.289523594778
-0.246420748006   0.234046651609   -0.940478033826
-0.357438193076   0.880045618125   0.312662187605
0.900841109946   0.413209233075   -0.133204282789
-0.180215479613   0.0903671687147   -0.979467283702
0.0819861819646   -0.990925854392   -0.106509267239
-0.980204392457   -0.0994974012693   0.171171314887
0.557812120833   -0.820871227251   -0.122539974109
0.376045740379   0.118346373879   0.919012347755
-0.739888652519   -0.558716853562   0.374700186697
0.198384567754   0.896076684005   -0.397102159787
0.310211514242   0.326921760057   0.892687496934
0.929737793874   -0.300281080212   -0.213117070622
-0.484591722162   -0.599446935059   0.637051373733
0.147158491014   -0.773761851002   -0.616147090245
0.862273424877   -0.204832200456   0.463172094588
0.182818290027   0.478225300272   -0.858998273587
0.784565607269   0.455573714451   0.420605988944
0.592481459403   -0.750834970033   -0.29191191562
0.225015838333   0.534120092606   -0.814913251123
0.352187851881   0.735228779389   0.579139328287
0.908477626124   -0.41731806965   -0.0226724879852
0.265483000701   0.256177607288   -0.929457895235
0.771514091005   -0.634585982504   0.0454644324354
-0.57817380853   -0.729159818394   -0.366116540149
0.946541213749   0.315853015201   -0.065548691987
0.271502420919   -0.88976994945   -0.366874429019
-0.174201589166   0.329465148417   -0.927958790127
0.731719571513   0.606576523783   0.31088805996
0.0230330890438   -0.477855446811   0.878136452235
0.681216516124   -0.635388914548   -0.363627511279
0.602664077771   0.0272686084062   0.797529097836
0.386896184951   -0.884079892136   -0.26213579456
0.697930928509   0.466540733179   -0.543353526614
-0.743135153317   0.535316188072   -0.401480706133
-0.197936054135   0.39728283177   0.896095799596
0.639195977054   0.745387779863   -0.189276475629
-0.793942768375   -0.380505641343   -0.474205214366
0.352962146161   -0.923521050486   0.150089501539
-0.495048332795   -0.0482140228656   0.86752669959
0.0223811071921   -0.966911796513   -0.254127330904
0.901121195373   -0.0905790184532   0.424000086548
-0.432989276771   -0.238489119051   0.869277418996
-0.618455759885   0.571506185111   0.539345118907
-0.642748730603   0.0269676628593   -0.765602257558
-0.452091302965   -0.820154514619   0.35065656628
0.997565820338   -0.0693543889839   0.0072389811939
-0.00249165541492   -0.13919917061   -0.99026127612
0.0696866254984   0.987832765228   -0.139033142073
-0.430724915349   -0.901167007856   0.0487520784164
-0.880326482229   0.407637279711   -0.242607189159
0.198756197097   -0.147414339523   -0.968900765737
0.112552702372   -0.988236140893   -0.103543217766
-0.00493804129313   0.103647790123   -0.994601794721
0.993633475614   0.112456409989   0.00678589739017
0.379977307985   -0.336167957217   0.861747268548
-0.852126892239   0.235219983738   0.467494732385
-0.35985692967   -0.911955409999   -0.19707950119
0.44807499487   0.210219342025   -0.868928434035
0.453988108547   0.78380318215   0.42373030041
0.770145176271   -0.584346128957   0.255765525436
-0.438419007683   0.18371837147   0.879793382956
-0.887106773179   -0.245647011072   -0.390767416112
0.144327439143   -0.951790502421   0.270674087711
-0.795297327864   0.598271979889   0.0978401229213
-0.585331187644   -0.799828521836   0.132897055783
0.157763913317   0.0484238034866   0.986288843129
-0.615550313647   -0.73816207537   -0.276069498471
0.74100955835   -0.661370038211   0.11616500172
-0.268332726172   -0.133064734906   0.954091881781
0.0366954486796   -0.730285951393   0.682155308162
0.834901800854   -0.352723288153   -0.422522487661
0.549174305831   0.58503734825   0.596773725366
0.993244763976   0.0997805743298   0.059234076654
-0.0803315268079   0.222903978186   0.971524916879
0.0837358026853   -0.96972040058   0.229413735069
-0.759546636215   0.0950560721185   -0.643469802391
-0.0385540870402   0.980945680049   0.190418372641
0.649309345234   0.169440011272   -0.74140919295
0.714285821629   -0.585721335597   -0.38304875774
-0.367520502992   -0.77971187897   0.506930462663
-0.595587536522   -0.221315004285   -0.772201775259
0.0519655531028   0.902608967183   -0.427313143978
0.872295892595   0.167300789687   0.459467326757
0.486209159127   -0.396619970444   -0.778648216501
-0.366204061065   0.847670925581   -0.383859440598
0.920938445055   0.38924328948   -0.0190213220202
0.133290842262   -0.360476673581   -0.92319520729
-0.971817097066   0.230825123162   -0.0476996030552
0.143719640345   0.419913810038   -0.896109557065
-0.186815830682   -0.877717173012   -0.441249006126
0.615263283961   0.715791701933   -0.330292794739
-0.78382271562   0.510768630584   -0.353181760189
-0.084101375078   0.476190765026   0.875310981206
-0.639473720997   0.206574837984   -0.740540450976
-0.361869339524   0.768980680739   0.526990786029
0.678324335649   0.604975655509   -0.416989831995
-0.81675094827   0.451531554683   -0.359313608583
0.405314291938   0.00564072895992   -0.914180694051
-0.410739989456   -0.892258522935   -0.187650148676
-0.974828666415   -0.127279555883   0.18305656447
0.194568598185   -0.0847264148839   0.977223050641
-0.108870802979   0.988241744088   0.107357947778
-0.610339146463   0.489944450741   0.622447088601
0.64783432353   0.76091608636   0.0362956133569
-0.455847158788   0.425395248541   -0.781819702643
0.930427987099   0.366218455049   -0.0137040972131
-0.361286483792   0.910344089968   -0.201855671879
-0.0614478293228   0.192763271454   0.979319398837
0.998294338965   -0.0483146602548   -0.0327735619634
-0.0116702340803   0.384893083081   -0.922887376014
0.0572033075601   0.921695718106   0.383672742556
-0.838435323672   -0.40440864682   0.365348639721
-0.537334693668   0.501352518528   -0.678171820328
0.0910901155418   -0.76491779773   -0.637654414539
-0.348845887621   -0.769649532077   0.534739776979
-0.400742944715   -0.393285544953   -0.827485391399
0.847178920637   -0.502957829735   -0.171235857065
0.396508157752   0.254215959763   -0.882131241056
0.376457307791   0.831362500053   0.40879859205
0.83729396036   -0.494176728766   0.233940557512
0.201371069208   -0.401499318422   0.893447338398
-0.944142776073   -0.322468975102   0.0678854768423
0.260852961596   -0.857211943969   -0.444008669814
0.051752948506   -0.603251866684   -0.795869833145
0.998518713131   0.0446580174712   0.0310807730339
0.0167924237368   -0.796299453891   0.604669482652
-0.998359428933   0.0566964872139   -0.0025598884365
0.00215363045726   -0.00721096448492   -0.999957214171
-0.0567133720303   -0.998350928599   0.00710593972622
-0.629117419042   -0.134961789957   0.765504096791
0.321208292135   0.851657644523   0.414130998078
-0.707839275554   0.506423306886   -0.492441807392
-0.809155401732   0.581994383893   0.0809300705483
-0.0230910449108   -0.169119493687   0.985324892702
0.587140479653   0.795412394705   0.150283043647
-0.942359759235   -0.0134499394844   0.334328859625
0.242781604124   0.660086703444   0.71087438565
-0.230247214856   0.751068837459   -0.618773510457
-0.593001951233   0.187881883149   -0.782976060342
0.50689817584   -0.668424570182   -0.544302650627
-0.62562397046   -0.719660707649   0.301138138244
0.294980945653   -0.0914796762147   0.951113954412
0.752644357832   -0.590990829579   -0.29026954486
0.588653341161   0.801474520425   -0.105479408549
-0.208763618619   -0.826145711748   -0.523355557498
-0.249505225031   0.562430475973   -0.788301409013
0.94560293955   -0.0339887000392   -0.32354269645
0.954577905268   -0.164878609715   0.248185549107
-0.173933836757   0.367951453744   0.913432398959
-0.241925697598   -0.915110250787   0.322560358768
0.994920480011   -0.0532811245879   0.0854070273078
0.0651716888884   0.987559050059   -0.143107560432
-0.0767195510828   0.147946762884   0.986015144966
0.893531228056   -0.375716071776   -0.245844195049
-0.172769572786   -0.793080081582   0.584101443455
-0.41443046407   -0.479438478782   -0.773554118737
0.840890894771   -0.540866841434   0.0191197412303
0.54062254274   0.841100196824   0.0166651360574
-0.0250952375838   -0.0036769981147   0.999678302625
