-0.183515088385   -0.857656339042   0.48036214298
0.696610471375   0.231319354835   0.679135619038
-0.693582032263   0.459256945484   0.555001812616
0.78964403151   0.216630963207   -0.574049937356
0.271784005285   0.715305869915   0.643794197466
0.550087046993   -0.664385836694   0.50596018003
0.955001747321   -0.153581632329   0.253740704333
0.0460810418893   0.921938013285   0.384586580112
-0.292998635496   -0.355588220045   0.887529615217
-0.646525871554   0.723806102376   -0.241057387318
0.274940211873   -0.073679560976   -0.958633907027
-0.71162617835   -0.686058170982   -0.151367489453
0.532553617739   -0.747597392809   0.396843528547
0.578690651644   0.663764112659   0.473850540859
-0.617659920655   -0.0227011814289   0.78611759963
0.231274385225   -0.951919769845   -0.20090019305
-0.787234162889   -0.0617744527845   -0.613552164095
0.571641940878   0.300054390175   -0.763670610744
0.947133650308   -0.187637691707   0.260249768077
-0.0923641001289   -0.936276209535   -0.33890354212
0.307256762563   0.296949211996   -0.904109687909
-0.994589778033   0.0842458033058   0.0607574372446
-0.0980542576816   -0.568554275412   -0.816779988084
-0.0342663698936   -0.818319516454   0.573740779682
-0.990159165887   0.00330323414939   -0.139900458235
-0.00251130558488   0.999140943937   0.0413650423224
0.139916914326   0.0413093455071   -0.989300267455
-0.863306940055   -0.280417976903   -0.419602761325
-0.499749628829   0.359080621934   0.788233008087
-0.0703635386198   0.890183534325   -0.450135457376
0.885534301901   0.0211030036532   -0.464094454434
-0.457547141579   0.212706118234   -0.863369396776
0.0804960410932   0.976888307482   0.19801418325
0.229657445121   0.656699957621   0.718333243969
-0.347152469385   0.744785309427   -0.569894739771
-0.909253895637   -0.11849057802   0.399020496141
-0.490517649503   0.767499086628   0.41273022721
0.829017994175   0.265011856253   0.492445071258
0.268570761182   0.583710660257   -0.766264879162
-0.822678658352   0.565690243284   0.0565136574958
-0.553759431799   -0.819864290965   0.145507583061
0.128645779267   0.0884110495836   0.98774174048
0.00195266006579   0.512634476996   -0.858604737884
0.486500582075   0.749659993485   0.448694864884
0.873678079479   -0.418587853536   -0.247933140322
0.682527097672   -0.718842270271   0.131994514479
0.727507588967   0.650945382894   -0.216801330636
0.0699247408053   0.243999793937   0.967251069385
-0.148233187478   -0.933668586638   0.326020740631
-0.953746232417   0.222142818268   0.202535039877
-0.261523760197   -0.280918651129   -0.923411834429
0.0459527094782   0.924051147169   0.37949939026
0.863118987745   -0.227986423278   0.450611060951
0.502907469408   0.306845551822   -0.808043069062
0.940672854895   0.042554994926   -0.33663566732
-0.00360647321475   -0.990793137931   -0.135326523841
-0.339295584197   0.128512050449   -0.931858656524
0.816912465945   0.150707029802   0.556723822748
-0.561468488472   -0.0130079282413   0.827395874974
0.131936197077   -0.9884928875   0.0739909089996
0.159800102268   -0.697477568501   -0.698562093142
0.986149500495   0.0809504063923   0.144762655208
-0.0444198065137   -0.712019736459   0.700753013614
-0.458560170603   0.3865448743   -0.800191015522
-0.839434871088   0.107124801377   0.532797703873
0.291670530517   0.916028032433   0.275356062114
-0.235594733024   0.896586790308   0.375003155759
-0.175578907505   -0.418782518093   0.89095083188
0.955859449199   0.144060629715   0.256084593746
0.140224449199   0.743668293065   -0.653682463788
0.626386379308   -0.577931312934   -0.523112665924
-0.76680075469   -0.336101513418   -0.546866996214
-0.12242737355   0.432203108519   -0.893427119332
-0.916377400906   -0.394924519377   -0.0654758811759
-0.381135151464   0.810700379236   0.444410727342
0.948987725931   0.142336163484   0.281358687945
0.032743476145   0.843005922008   -0.536906766751
-0.31360828989   0.518730592868   0.795341692142
-0.107132817857   -0.859277616359   -0.500164528647
-0.00872895132022   0.503853272043   -0.863745155636
0.994206408701   -0.0881695327202   -0.0614798177953
0.909537463728   -0.196557474878   0.366205900511
-0.024280601736   0.854469685319   0.518933531325
-0.414912105003   -0.480881187637   0.772399656632
-0.957821096265   -0.246630412605   -0.147498339679
0.232446494434   -0.966710603602   0.106971142895
-0.168970257308   0.0681735855412   0.983260619027
0.169939761305   -0.112990155503   0.978955337578
0.305037752107   -0.938583746654   -0.161282893034
0.937055120045   0.32602672675   -0.125036286997
-0.344062125886   -0.248830791407   0.905375348588
0.863575536914   -0.46238199281   0.201097534932
0.368589984437   0.851050035991   0.373972290519
0.614710198287   0.528143567346   -0.585829153023
0.196936515473   -0.821974818125   -0.534390918517
-0.763771846256   0.213124417162   -0.609287097718
-0.350159877387   0.11646075482   0.929421849715
0.798939786204   0.555093160127   0.2314450449
-0.488961450589   0.823594853903   -0.287416487558
0.723123963393   -0.337833550822   -0.60246179189
0.492257269967   -0.359800337244   0.792607358478
-0.484535343307   -0.869719573476   -0.0938792099427
-0.990438771375   0.0100156981781   0.13763579606
-0.135610819766   -0.255417269273   -0.957277311904
0.0255662302576   -0.966783239467   0.254325310126
0.709561436241   0.633360913236   0.30883096185
0.292640289504   -0.6635680189   0.688505178852
0.641002550986   -0.398160362081   -0.656189218673
-0.522699245673   0.389357237639   0.758410567852
-0.839684219537   -0.0813549620297   -0.536946820162
-0.147363697675   -0.917487012289   0.369461208703
0.376676471944   0.866554978867   -0.327410025509
-0.439081427078   -0.144198134224   -0.8868001108
-0.81567294708   0.477796405094   0.326172134124
0.725489369486   0.662020303748   0.188133623231
0.557512440227   -0.725589436746   0.403360443196
0.403540607321   -0.187746865668   -0.895491971897
0.598152076215   -0.8012034938   0.0169413091851
-0.747944717135   -0.550550795196   0.370772625159
-0.287737287371   -0.234449570228   -0.928569020344
0.492289003949   -0.842368613846   0.219240882464
-0.794031511909   -0.331410960877   0.509588555501
-0.356602585844   -0.424949004247   -0.832017195232
0.617422569065   -0.706795764255   -0.34529568922
0.0437201176713   -0.40744329053   0.912183366875
-0.785415760392   -0.578298963447   -0.220663484854
-0.190534741078   -0.569628467436   -0.799512294753
0.329915652398   0.729905869078   -0.598659403876
0.924582155721   -0.377837039785   0.0488569242647
0.889243603562   0.44625907659   0.100492051827
0.329789633746   -0.47320486373   -0.816894109593
-0.316993080987   0.75955909933   -0.567966015844
-0.235905407624   0.80516186038   0.544116783318
0.636229482088   0.55120167857   -0.539804387008
-0.734547984424   0.218840372647   -0.642299171064
0.0999196115982   -0.0431169736118   0.994060870337
0.873946061459   -0.473781155625   -0.108396146819
0.475641008543   0.87958647646   -0.00965813200598
0.0112296866154   -0.745685340578   -0.666203597907
0.970158634966   0.169507033499   -0.173376932652
0.242210825559   -0.644376218231   0.725336608865
0.0683001711991   -0.510187708384   -0.857346839409
0.993968404287   -0.0391084280908   0.102456615151
-0.0858015857149   -0.859173468469   0.5044393388
-0.386911416745   0.329238359603   0.861337118467
0.573175792369   0.817581632534   -0.0550434528209
-0.722335822264   0.472400649049   -0.505043124778
-0.0839760437239   -0.996406025526   -0.0111355402821
-0.953761107562   0.0771345698703   0.290500966311
-0.288597847646   0.0350156253582   -0.956810792282
0.454800551315   0.0728232670373   -0.887610978772
-0.228430558389   0.972848150907   -0.037228433133
0.860799603771   0.219688980191   0.459086934374
-0.801762021019   -0.410231675438   -0.434598793992
-0.336922969155   -0.290348177315   0.895640886142
-0.493608196983   0.864522791221   0.0945806593244
-0.714932019605   -0.120497737959   -0.688726446167
-0.317861852184   -0.821342387222   0.473657704219
-0.622758111492   0.557555443867   0.548909879729
0.0699758511904   -0.247194909073   -0.966435786682
0.685284085058   -0.692110602487   0.226646793018
-0.724906321961   -0.678142848482   0.120967640531
-0.895974013625   0.429779797238   0.111891145236
-0.443581462461   -0.853802584545   -0.272500227987
-0.0215821374441   -0.29378600031   0.955627537892
0.492297887838   -0.86732691543   0.0733951448189
-0.550639391112   -0.245018633003   0.797973820643
-0.674120973171   -0.433255097194   -0.598206525576
-0.579330431591   -0.161227087191   -0.798986024257
-0.463476041964   -0.7411860921   0.485622667777
-0.67049444377   0.651648097741   0.354669654816
-0.348364363746   -0.89427387166   -0.280920935303
0.936889713526   -0.341669900148   -0.0741579603399
-0.0296646947711   -0.289025917276   0.956861550552
0.644622217544   0.368154429969   -0.670018293751
-0.543720043126   -0.395323813758   -0.740329388401
-0.537429728401   0.841535147407   -0.0546615725173
0.747154735663   -0.56899527437   0.343518824921
-0.50033894903   -0.821723335337   -0.272834991367
0.437517704115   0.0319745863958   -0.898645328385
-0.693166701349   -0.419572479486   -0.586069455433
-0.610645479917   -0.0901280679407   0.786757964285
-0.382923713017   0.903235811385   -0.193735580965
-0.900549060774   0.217391908582   0.376506077549
0.0666213859282   -0.786781121006   0.613629739888
0.429625021717   0.577685576089   0.69404788679
0.576643858372   0.180121467423   0.796892719288
-0.345778494167   -0.829921681051   0.437797617914
0.740215497036   -0.528001683949   -0.416287000294
-0.45730298387   -0.463060805859   0.759242271392
0.429726412235   -0.862514448288   -0.267215710703
0.778594469039   0.204067918833   0.593419734008
0.755358259995   0.126119729738   0.643061203061
0.213321891288   0.880532928011   -0.423267684138
-0.619618969859   0.456897773588   0.638213721104
-0.646279942764   0.520322860046   -0.558200379678
-0.057273804383   -0.762500627379   -0.644448526901
-0.760948916742   -0.384523489278   0.522588567918
-0.59680659117   -0.351000344598   0.721540380731
-0.522779559933   0.852281936672   -0.0178050591324
-0.6087062466   -0.387832755846   -0.692143280897
0.574401147487   0.547595868895   -0.608442323473
0.0990633546204   -0.784334433569   -0.612377206207
-0.812557535437   0.291475822806   -0.504769261577
0.901613774943   0.427563414423   0.0654396690136
0.412488684504   -0.895450176798   0.167410747524
0.130176452518   -0.123946762268   -0.983715295993
0.664060123215   0.744579080152   -0.0680157622246
0.318328413772   -0.199242479964   0.926806046134
0.6765287662   -0.637106285924   -0.369329662753
0.229087646321   -0.188974566724   -0.954886088584
0.782711274956   0.618951054845   0.0652889060514
0.578689803865   -0.762356999264   0.289706570488
-0.246095883954   0.233678237065   -0.94065474529
-0.357872142927   0.880018413053   0.31224209686
0.900757679751   0.413475609023   -0.132941982706
-0.180360476646   0.0903154068659   -0.979445383614
0.0824653410386   -0.990881145235   -0.106555527527
-0.980137541229   -0.0999887003709   0.171267871351
0.557780283956   -0.820834751904   -0.122928705134
0.376318697154   0.118099258423   0.918932427669
-0.739773880758   -0.558822761273   0.37476890101
0.198390964461   0.896053203792   -0.397151941698
0.310066649169   0.327016679924   0.892703058332
0.929784750301   -0.300247786432   -0.212959057175
-0.484691699521   -0.599208741416   0.637199410183
0.147034064899   -0.773939666715   -0.615953465787
0.862238475067   -0.204857444254   0.463226002298
0.182713818185   0.478218271118   -0.859024407006
0.784480019194   0.455750407873   0.420574197852
0.592626987361   -0.75073220364   -0.291880780748
0.224865151102   0.53407210461   -0.814986277077
0.352241489804   0.735287423657   0.579032236545
0.908494126346   -0.417276149781   -0.0227818359569
0.265359851956   0.256269819667   -0.929467474607
0.771521068741   -0.634588727871   0.0452997866466
-0.578220760015   -0.729124550204   -0.36611183899
0.946497511648   0.316028538745   -0.0653330482202
0.271749589246   -0.889716115532   -0.366819889127
-0.17405345511   0.329439877691   -0.927994712749
0.731636317812   0.606772612764   0.310701293175
0.0233153682039   -0.477784026312   0.878167871634
0.681296331112   -0.635255392393   -0.363711271692
0.602572753048   0.0273861141125   0.797593862964
0.387278139702   -0.883882282705   -0.262235088877
0.697797687008   0.466906414695   -0.543209323685
-0.743151466887   0.535326045395   -0.401437274482
-0.197860527395   0.39730632924   0.896102047558
0.639200337861   0.745368159409   -0.18933887542
-0.794104597834   -0.380192396783   -0.474185223768
0.352748753882   -0.923645758378   0.149822651103
-0.49494060416   -0.0482933906165   0.867583740384
0.022374117169   -0.966794754489   -0.254572774951
0.901007627026   -0.090843129613   0.424184838925
-0.433225866143   -0.238862772789   0.869056916529
-0.618381938972   0.571547792079   0.539385633932
-0.642821743367   0.026966172085   -0.765540991505
-0.452088428272   -0.820125554284   0.35072797644
0.997578779153   -0.0691547536542   0.00736202532613
-0.00235312113249   -0.139362586288   -0.990238620906
0.0695056989808   0.98782371077   -0.139187888194
-0.430449600886   -0.901295956174   0.0488169194494
-0.880462225476   0.407357424086   -0.242586069781
0.198755532626   -0.147401937324   -0.968903966417
0.112665922076   -0.988245552683   -0.103330099742
-0.00471009528007   0.103459890166   -0.994622470062
0.993621757467   0.112546748299   0.00700167681694
0.380196010758   -0.336292685634   0.861602137815
-0.852075697548   0.234981250921   0.467708074717
-0.359747161139   -0.911970979305   -0.197207893651
0.448326142599   0.209972107863   -0.868858666557
0.454061204648   0.783775324688   0.423703507565
0.769955901962   -0.584472372152   0.256046779771
-0.438371060866   0.183673964187   0.879826487657
-0.887122525529   -0.245663430092   -0.390721217255
0.144375892039   -0.951794788698   0.270633076283
-0.795291899404   0.59828733908   0.0977872120578
-0.585310404431   -0.79980297473   0.133139830566
0.157866429015   0.04864919234   0.986261345282
-0.615692718313   -0.738055804933   -0.276036544404
0.740838488376   -0.661529410246   0.116349662164
-0.268478824458   -0.13286285617   0.954078919279
0.0367160235352   -0.730266442776   0.682175062535
0.834863612174   -0.352762443016   -0.422565203695
0.549230955479   0.5850380542   0.596720886044
0.993254711578   0.0996445657048   0.0592961927737
-0.0803579150405   0.222870368709   0.971530445712
0.0835923647369   -0.969742111069   0.229374273314
-0.759563158917   0.0947329781285   -0.643498057239
-0.0390017957159   0.980923081779   0.190443615256
0.649263387807   0.169751505195   -0.741378281346
0.714297404696   -0.585663940106   -0.383114767401
-0.367189999018   -0.779658825912   0.507250784897
-0.595777374832   -0.221651987172   -0.771958195974
0.0517797408211   0.902520120832   -0.427523467444
0.872198940012   0.167638314399   0.4595284831
0.486403014757   -0.396679781727   -0.778496824286
-0.366122381263   0.847647129856   -0.383990393033
0.920951723419   0.389217417261   -0.0189121688549
0.133424892078   -0.360560799653   -0.923143290304
-0.971846487583   0.230822518841   -0.0474608330899
0.143520251289   0.420012469492   -0.896100725739
-0.186905065077   -0.877676214783   -0.441320181618
0.615422240815   0.715699824733   -0.33019572617
-0.783687975961   0.510870123196   -0.353333924721
-0.0841939014332   0.476219977428   0.875286191599
-0.639395813532   0.206607006235   -0.740598869494
-0.361964129167   0.768922765254   0.527010219041
0.678347337076   0.605038301888   -0.416861692263
-0.816862702889   0.451410606665   -0.359158170563
0.405127391381   0.00568260818066   -0.91425180456
-0.410655480963   -0.892307698935   -0.187534475651
-0.97485964039   -0.127233847077   0.182915783164
0.194410146182   -0.0846135332106   0.977263588493
-0.108863816919   0.988256532733   0.107222991722
-0.610579953256   0.489691615518   0.622410192793
0.647520363744   0.761181160751   0.036340742409
-0.455971166784   0.42521217376   -0.781847254867
0.930480086856   0.366087789671   -0.0136578680298
-0.361163978441   0.910443022038   -0.201628577321
-0.0613790500259   0.192544106037   0.979366825655
0.998296726964   -0.0482947333743   -0.0327301652376
-0.0116459020441   0.384762174542   -0.922942285366
0.0571665807422   0.921751434975   0.383544383763
-0.838298236788   -0.404551407927   0.365507467755
-0.537531516188   0.501118119927   -0.678189429169
0.091199888953   -0.764996203309   -0.637545850517
-0.34895129078   -0.769395435841   0.535036140738
-0.400715584547   -0.393597325718   -0.827350093859
0.847148174105   -0.503102197188   -0.170962453911
0.396255814657   0.25391420521   -0.882331514402
0.376611081736   0.831480481041   0.408416823262
0.83734426494   -0.494133367425   0.233852071916
0.201616964421   -0.401474193471   0.893403073693
-0.944054887431   -0.322693886979   0.0680366991706
0.260980745698   -0.857138900583   -0.444074228164
0.0517414800306   -0.603300261543   -0.795833929668
0.998523068383   0.0444747610993   0.0312042898828
0.0165689799533   -0.796273081437   0.604710394457
-0.998374385484   0.0567605552088   -0.00216011034849
0.00175201062224   -0.00723304264394   -0.999966721687
-0.0567746172432   -0.998356025371   0.00713299891351
-0.629432913394   -0.134966144038   0.765243919731
0.3210158854   0.851670789915   0.414253133555
-0.707646040081   0.506400036831   -0.492743342379
-0.809063047179   0.582143678303   0.0807809900009
-0.0232705092327   -0.169070210107   0.985329207518
0.587260856804   0.795313712695   0.150335330492
-0.942430028903   -0.0134737572898   0.334133039387
0.242606598205   0.660127252886   0.710896748234
-0.230148796765   0.75103302591   -0.618855058429
-0.593101567153   0.187935490043   -0.782887773849
0.506818327935   -0.668399542109   -0.544407784473
-0.625594275333   -0.719669997227   0.301177667337
0.294900110423   -0.0914554912123   0.951141318444
0.75274227378   -0.590898376397   -0.290203643479
0.588568588857   0.801545368991   -0.105413573308
-0.208678968565   -0.826075562096   -0.523499985894
-0.249490358687   0.562540144586   -0.788227847729
0.945625523368   -0.0338783813156   -0.323488182962
0.954576257354   -0.165046619865   0.248080192397
-0.173768940064   0.36797946898   0.913452495531
-0.242050664237   -0.915068696543   0.322584488087
0.994887647932   -0.0535328171075   0.0856318018762
0.0654869520246   0.987478737519   -0.143517253607
-0.0768767007263   0.148391308576   0.985936099576
0.893585732492   -0.375457171616   -0.246041566734
-0.172231469569   -0.792922685705   0.584474090297
-0.414536923771   -0.47990160827   -0.773209940287
0.840782815746   -0.541034985285   0.0191154541002
0.540794562598   0.840992609319   0.0165127610511
-0.0250099370702   -0.00354611205839   0.999680913159
