-0.184249163952   -0.857565827779   0.480242792813
0.696255378314   0.230994925379   0.679610050562
-0.693743999751   0.459589190129   0.554524170317
0.789661116116   0.216261966295   -0.574165552395
0.272526590294   0.714798922434   0.644043286792
0.549694985611   -0.665051321038   0.505511778608
0.955146490882   -0.153235273023   0.253405074306
0.0457677677674   0.92181592804   0.384916491717
-0.292575617604   -0.356053851634   0.88748248534
-0.646425429159   0.724267656299   -0.239939981447
0.273691738339   -0.0734312269195   -0.959010491536
-0.712199175106   -0.685598025487   -0.150758579871
0.531244883653   -0.74891720936   0.396108414018
0.579792094973   0.662282986665   0.474575983298
-0.617753987229   -0.0224555303039   0.786050733216
0.231638161873   -0.952007036515   -0.200065794704
-0.786429028817   -0.0622037361674   -0.614540494623
0.57260204542   0.299688570557   -0.763094726409
0.947133885749   -0.187012331867   0.260698690557
-0.0914941898822   -0.936249282516   -0.339214856866
0.307516231679   0.297429476735   -0.903863976538
-0.99450830835   0.0849555049596   0.0612674382136
-0.0988994549455   -0.568981905756   -0.816389967707
-0.0344968784049   -0.817958583143   0.574245196097
-0.990096847991   0.00118036008704   -0.140333201645
-0.00456074043845   0.999165811396   0.0405817120737
0.140264038087   0.0408201232023   -0.989265531547
-0.862840147298   -0.280930252452   -0.420217118168
-0.50051587977   0.358686354702   0.787925784419
-0.0706263919714   0.890180532763   -0.450098290687
0.885720060535   0.0206664078747   -0.463759497364
-0.457132968598   0.212722394202   -0.863584746516
0.0808048317242   0.976894090974   0.197859789364
0.230271035372   0.656024885996   0.718753506376
-0.34668646969   0.745444348496   -0.569316446499
-0.909276495741   -0.118085026459   0.399089192676
-0.491282354927   0.767024603434   0.41270286601
0.828440156527   0.265173781603   0.493329589849
0.268955953531   0.584260588175   -0.76571053312
-0.822105278563   0.566662468082   0.0551061391478
-0.554943405026   -0.819186343016   0.144816023887
0.127203995699   0.0884732209456   0.98792288844
0.00204508516107   0.51094301261   -0.859612150747
0.486753093377   0.750397715559   0.44718530066
0.873537198942   -0.419333405423   -0.247168464693
0.680966968425   -0.720006821333   0.133694264701
0.729088249029   0.649456364528   -0.215955426198
0.0686607916261   0.24453342964   0.967206853048
-0.146990081464   -0.93382509793   0.326135946015
-0.953594945323   0.221376700971   0.204081043712
-0.262774901887   -0.281003698595   -0.923031072571
0.0448221921332   0.924136583022   0.379426158715
0.862991754226   -0.227142040116   0.451280247881
0.503227449704   0.307213616087   -0.807703581182
0.940881829097   0.0436837089613   -0.335906513467
-0.00236416273829   -0.990779771079   -0.135470159547
-0.338726826444   0.128255553348   -0.932103476135
0.81707361132   0.151143167965   0.556368987959
-0.561145077594   -0.012986400943   0.827615565177
0.132313679855   -0.988426560048   0.0742024034065
0.15831180886   -0.697911261779   -0.69846779594
0.986385644215   0.079900120855   0.143733620127
-0.044505641999   -0.711713329474   0.701058764742
-0.457584008374   0.38704049978   -0.80051021567
-0.839538898136   0.108504458914   0.532354458021
0.292901676982   0.915656312155   0.275285605697
-0.234559116108   0.897086390172   0.374457015367
-0.175799272146   -0.417997477731   0.891275914201
0.956073566051   0.14322760869   0.255752232691
0.139764336726   0.743958531035   -0.653444861503
0.626544116153   -0.577456054137   -0.523435117425
-0.766750907036   -0.336255194368   -0.546829853287
-0.120850269481   0.432214767935   -0.893636171869
-0.916369407175   -0.394692168671   -0.0669716562183
-0.381657337001   0.810807306036   0.443767044801
0.949144420221   0.141145200278   0.281430103624
0.0336113393261   0.843345974589   -0.536318793987
-0.313041768229   0.518503233696   0.795713046837
-0.108008668944   -0.859666070461   -0.49930794102
-0.00848177497048   0.503024643829   -0.864230459705
0.99411379236   -0.0891093445572   -0.0616225274767
0.909386001037   -0.198222606053   0.36568414822
-0.0228278828612   0.854038674667   0.519708403442
-0.415326360317   -0.480963340904   0.772125812814
-0.957976274073   -0.245954724618   -0.147618038971
0.23175048583   -0.966873935282   0.10700408641
-0.169045923669   0.068296673631   0.983239069998
0.168663694831   -0.112159931519   0.979271425648
0.306186831138   -0.938392662275   -0.160213637972
0.936910881443   0.326862257099   -0.123930698746
-0.344536737108   -0.248734214762   0.905221424755
0.863756841561   -0.461697140209   0.201891007218
0.367720894274   0.851450028214   0.373917424352
0.614391727185   0.528908493933   -0.585473001326
0.197133052167   -0.82141230828   -0.535182675426
-0.763977349128   0.213395738895   -0.608934291673
-0.35076745373   0.116802671265   0.929149809407
0.79858388127   0.555522727363   0.231642605689
-0.489107367469   0.823256732848   -0.288136030435
0.722325992525   -0.338778642485   -0.602888196111
0.492316903999   -0.360331299783   0.792329065095
-0.485663681626   -0.869131930579   -0.093490196726
-0.990312300679   0.0115801087835   0.138328217947
-0.136685484902   -0.255108854374   -0.957198259979
0.0242048139206   -0.966838834434   0.254228277157
0.708503490531   0.634196783488   0.309543504835
0.293446148818   -0.663665362203   0.688067793894
0.641803785682   -0.396664053153   -0.656311797419
-0.522797808793   0.389258212247   0.758393389215
-0.839615398249   -0.0812912845883   -0.537063996829
-0.147405805956   -0.917534630336   0.369326070065
0.376512097454   0.866646238652   -0.327357469567
-0.438846192273   -0.144349303976   -0.886891905918
-0.815875379809   0.477585102663   0.32597516427
0.725221525365   0.662257042989   0.188332683884
0.557215598687   -0.725210257223   0.404450155195
0.404430917941   -0.188373990957   -0.894958015296
0.597903568169   -0.801428188231   0.0149739260478
-0.747857738879   -0.551019752159   0.370251501945
-0.288479049069   -0.232573066803   -0.928810949765
0.493163976983   -0.842169860157   0.218034899316
-0.793459454331   -0.332694894684   0.509643206976
-0.356667050638   -0.424339522936   -0.832300775071
0.616924639559   -0.70660360102   -0.346576650856
0.0442892691079   -0.408497033562   0.91168457381
-0.785775085209   -0.577790318806   -0.220716954074
-0.191137311287   -0.570268950079   -0.798911643049
0.329628863718   0.729358379604   -0.599484075978
0.924560058097   -0.37792812772   0.0485695148288
0.888961991062   0.446623699808   0.101360037686
0.330471204662   -0.472326844499   -0.817126820772
-0.317073129355   0.75989126137   -0.567476884798
-0.236262007191   0.805366985535   0.543658256474
0.636364571785   0.551063237723   -0.539786481932
-0.734316289482   0.218433818147   -0.64270232381
0.0992727633877   -0.0423810266401   0.994157313751
0.8738510191   -0.474166535418   -0.107473201044
0.475950955795   0.879414544515   -0.0100371170288
0.0102521487473   -0.746379393146   -0.665441743994
0.970029813244   0.168989438728   -0.174598818924
0.242769591546   -0.643708309438   0.725742752802
0.0668635845354   -0.510436754942   -0.857311823179
0.994123775244   -0.0392294872142   0.100890766003
-0.0851302675507   -0.859019991836   0.504814304041
-0.387533970233   0.329005748499   0.861146145592
0.574124545325   0.817000393883   -0.0537714491774
-0.721247858277   0.473566869349   -0.505505683137
-0.0831269687355   -0.996477301959   -0.011098050514
-0.953610595111   0.0763074385577   0.291211676461
-0.289338923992   0.0347907213992   -0.956594525324
0.454655079141   0.0709969773168   -0.887833421664
-0.228029437435   0.972873833383   -0.0389753742989
0.860982770486   0.220172508163   0.458511430611
-0.801392918614   -0.410602013254   -0.434920854775
-0.336635539913   -0.291398604097   0.895404703655
-0.494395263402   0.863990194835   0.095313224534
-0.715084918812   -0.119945289104   -0.688681213793
-0.318192855923   -0.821353873736   0.473441850279
-0.622432320056   0.557680021856   0.549158425932
0.0700352097109   -0.245611752955   -0.966834993815
0.685439158591   -0.692322649934   0.225527053689
-0.724753888106   -0.678501406695   0.119864980295
-0.895833753956   0.430134738209   0.111652224871
-0.443848495958   -0.853647057553   -0.272553546618
-0.0219231605658   -0.293719304989   0.955640282858
0.492787302419   -0.867102869268   0.0727549688459
-0.550719030615   -0.24605854489   0.797598729919
-0.67369816736   -0.433114071299   -0.598784577695
-0.578769050679   -0.160525540731   -0.799533739916
-0.464233423493   -0.741206773439   0.484866711268
-0.670455053679   0.651797476182   0.354469383257
-0.348519237777   -0.89428979054   -0.280678106608
0.936851681323   -0.341644398145   -0.0747537294319
-0.0290405956522   -0.289006857007   0.956886452628
0.64448528252   0.368653048237   -0.669875852746
-0.543665568868   -0.395094952502   -0.740491564418
-0.537649027985   0.841424350594   -0.0542089201985
0.746829994595   -0.568684557348   0.344736783117
-0.499912360578   -0.821955759664   -0.272911699297
0.438558100074   0.0314807577114   -0.898153870414
-0.693001776549   -0.420681473047   -0.58547078187
-0.610422875911   -0.0896894556185   0.786981557527
-0.38357900197   0.902764176049   -0.194638830369
-0.900672487214   0.218068376818   0.375837303789
0.0657459727317   -0.786606899537   0.61395795624
0.429517127665   0.577679052756   0.694121685465
0.576646260642   0.180975000162   0.796697596858
-0.344940682154   -0.830048804008   0.438217490689
0.74060444052   -0.52750989817   -0.416218821292
-0.45811495378   -0.462906904561   0.758846166629
0.42970331754   -0.862649115317   -0.266816555839
0.778129401702   0.203846052903   0.594105474241
0.754410778609   0.125726455744   0.644249360075
0.214352408346   0.880490858928   -0.422834357171
-0.620417137632   0.457087198348   0.637302025848
-0.647123807585   0.520145593259   -0.557385945357
-0.0578938815267   -0.762524430484   -0.644363660269
-0.760183417834   -0.384713906699   0.52356118046
-0.596618526949   -0.350807056965   0.721789897411
-0.52305631453   0.852103640175   -0.0182063246533
-0.608652888806   -0.388399005161   -0.691872663517
0.574312391523   0.548628615247   -0.607595132828
0.100120345162   -0.783704704136   -0.613011046363
-0.812490688801   0.291227177666   -0.505020147949
0.901017496452   0.428953583072   0.0645487121438
0.413969750236   -0.894750878874   0.167494880749
0.129602309236   -0.124194656717   -0.983760016649
0.663249302935   0.745165452976   -0.0694897614592
0.31903956892   -0.197527609147   0.926928615318
0.676989019645   -0.636954748882   -0.368747318171
0.228968122308   -0.189979564874   -0.954715323174
0.78266044286   0.619097009934   0.0645098114132
0.578805852211   -0.761988615084   0.290442974744
-0.244787664641   0.232197570701   -0.941362440261
-0.359616530042   0.87990547999   0.310551595408
0.900419295159   0.414548706728   -0.131887918824
-0.180351147189   0.082934265195   -0.980082197388
0.0202052119957   -0.995887219313   -0.0879912979432
-0.983377320965   -0.0356738946863   0.177967861522
0.557649216793   -0.820689580122   -0.124482828533
0.377411672196   0.117111363919   0.918610569886
-0.7393157588   -0.55924374158   0.375044878836
0.198413068434   0.895954664724   -0.397363195396
0.309497144   0.327405949759   0.892758016128
0.929969778085   -0.300117637377   -0.212333793387
-0.48509186194   -0.59824641305   0.637798803156
0.146538180532   -0.774659150483   -0.615166643674
0.86209781677   -0.204950401599   0.463446608511
0.18229189748   0.478183124874   -0.859133624752
0.784142558191   0.456456206842   0.420438098036
0.593203282634   -0.750325692571   -0.291755471694
0.224267886879   0.533875155501   -0.815279837985
0.352461564593   0.735520968628   0.578601541396
0.908556405168   -0.417116550331   -0.0232167390076
0.264866543724   0.256642095896   -0.929505593098
0.77154903874   -0.634601984342   0.0446387987375
-0.578409797466   -0.728982425129   -0.366096864181
0.94631964644   0.316736963309   -0.0644730770602
0.27274238757   -0.889499791617   -0.366606220362
-0.173466629685   0.329342112186   -0.928138717587
0.731305288343   0.607554996416   0.309950806876
0.0244439095557   -0.477494409666   0.878294705743
0.681612112303   -0.634725154048   -0.364045207116
0.602202987571   0.0278612407771   0.797856813803
0.388815877485   -0.883089950415   -0.26263133078
0.697261756793   0.468376722046   -0.542632468385
-0.743215873449   0.535365141395   -0.401265540873
-0.197555192348   0.397406987327   0.896124728982
0.639219692195   0.74528635389   -0.189594919375
-0.79475374122   -0.378936903755   -0.474102633199
0.351892841776   -0.924144901229   0.148753561142
-0.494507746897   -0.0486108734581   0.867812808575
0.0223526803686   -0.966322173575   -0.256362572719
0.900552461645   -0.0918996055343   0.424923140253
-0.43417228799   -0.240366112743   0.868169655081
-0.618085590214   0.571715496487   0.539547641903
-0.643114902072   0.0269593299624   -0.765295012089
-0.452076862425   -0.820008916947   0.351015543974
0.997630031263   -0.0683558420214   0.0078612751025
-0.00179202947129   -0.140026000674   -0.990146220546
0.0687830605242   0.987785517353   -0.139816639148
-0.429340580694   -0.901809392834   0.0490823268184
-0.881002365017   0.406233983724   -0.242507441613
0.198756354977   -0.147359578583   -0.968908991455
0.113119906087   -0.9882823331   -0.10247910956
-0.00380376583866   0.102709601019   -0.994704137314
0.99357408842   0.112910670471   0.00785928308594
0.3810735123   -0.336792909609   0.861018880382
-0.851867073284   0.234028743066   0.46856486695
-0.359312490448   -0.912031293938   -0.197720634827
0.449331091417   0.208979961437   -0.868578695567
0.454351630968   0.783666135198   0.423594128505
0.769198394506   -0.584974158391   0.25717517342
-0.43817918866   0.183496184755   0.87995917807
-0.887186579299   -0.24572388011   -0.390537774974
0.144564789633   -0.95181349557   0.270466438632
-0.795265911678   0.598357742563   0.0975733058674
-0.585235470995   -0.799695430393   0.134115888273
0.15827817788   0.0495544136522   0.986150283499
-0.616265217262   -0.737627560336   -0.275903380502
0.740149920743   -0.662169109776   0.117090023083
-0.269063538897   -0.132051357107   0.954026859472
0.0368110307436   -0.730199088447   0.682242050843
0.834716866619   -0.352897786058   -0.422742087376
0.549447611051   0.585040520895   0.596518987006
0.993294277151   0.099098099306   0.059548683399
-0.0804671664688   0.222738414972   0.971551662963
0.0830151438058   -0.969828420598   0.229218936145
-0.759629556802   0.0934288485562   -0.643610412399
-0.0407957152808   0.980833138033   0.190531018603
0.649075513562   0.170989501703   -0.741258349249
0.714346526185   -0.585428826011   -0.383382232534
-0.365868679679   -0.779452764244   0.50851970381
-0.596530766832   -0.222991635736   -0.770989346218
0.0510352675229   0.902161498567   -0.428368947233
0.871804674169   0.16899668518   0.459778928454
0.487187781607   -0.396918988531   -0.777883820184
-0.365804640866   0.847552773473   -0.384502250192
0.921001610277   0.389120557067   -0.0184810104142
0.13395416415   -0.360887531034   -0.922939588951
-0.971896392116   0.230804666558   -0.0464925786802
0.142706885616   0.420423935876   -0.896037305756
-0.187262112493   -0.877483512326   -0.441550129322
0.612773341455   0.72705969554   -0.309666002869
-0.781969812097   0.501249162434   -0.370503026942
-0.114157992183   0.469183843633   0.875690855498
-0.639083081815   0.206733212631   -0.74083350217
-0.362341477711   0.768694825726   0.527083418798
0.678440529946   0.605284772348   -0.416351852162
-0.817370245458   0.450935248899   -0.358550316539
0.404393230247   0.00581569595173   -0.914565242691
-0.410325533595   -0.892536200447   -0.187106524863
-0.974992344854   -0.127051714052   0.182343085598
0.193766427051   -0.0841619329942   0.977431330474
-0.108838001896   0.988319430144   0.106674932836
-0.611545361137   0.488670121812   0.622265171005
0.646258812332   0.76224352009   0.0365292640147
-0.456466842697   0.424483629477   -0.78195386465
0.930691986888   0.36555582889   -0.0134670269951
-0.360663944403   0.910843130205   -0.200714499914
-0.0611060067356   0.191660447753   0.979557210429
0.998306406123   -0.0482180331702   -0.0325475156046
-0.0115392635445   0.384233255216   -0.923163935372
0.0570189871156   0.921976044944   0.383026119535
-0.83774404114   -0.405129888918   0.366144095469
-0.538323620226   0.500171273558   -0.678261179462
0.0916482702978   -0.76531060411   -0.637107789126
-0.349377046627   -0.768370537405   0.53622995591
-0.400621621256   -0.39484527431   -0.826800883352
0.847017216442   -0.503690481721   -0.16987607324
0.395242723605   0.252699543486   -0.883134263618
0.377221335421   0.831957403867   0.406879517224
0.837548357384   -0.493953255031   0.233501450987
0.202598776464   -0.401374199873   0.893225958768
-0.943702110535   -0.323597513891   0.0686380700893
0.261496057931   -0.856845149236   -0.444338193362
0.0516948664248   -0.603495697176   -0.795688737116
0.998539944494   0.0437387632049   0.0316998705034
0.0156716984448   -0.796165715181   0.60487564373
-0.998352694298   0.0570066732979   -0.000555875403402
0.000140507654411   -0.00727950798461   -0.999962952022
-0.0570092102695   -0.998336698894   0.00728057291103
-0.630693272575   -0.134983276107   0.764202522923
0.320237900041   0.85172942662   0.414734457018
-0.706875992129   0.506296847345   -0.493953257226
-0.808690037235   0.582745169086   0.0801797174348
-0.0239938005974   -0.16887034809   0.985346281283
0.587745707525   0.794915759318   0.150545865626
-0.942706597271   -0.0135722728814   0.333347502697
0.24190297626   0.660290149926   0.710985199663
-0.229755770814   0.750888005945   -0.619176791345
-0.593498371621   0.188145126979   -0.782535584888
0.506501789968   -0.668298322045   -0.544824904748
-0.625472994766   -0.71970803196   0.301337440671
0.294571539714   -0.0913679405286   0.951251584557
0.753131885903   -0.590530889576   -0.289941007828
0.588234681157   0.801826243663   -0.105141542849
-0.208352779563   -0.825777953312   -0.524099155985
-0.249423598692   0.563003017267   -0.787918449678
0.945715084947   -0.0334422898673   -0.323271756948
0.954567352876   -0.165710579798   0.247671499775
-0.173121672318   0.368100759296   0.913526522288
-0.242549076749   -0.9148998984   0.322688874698
0.994754940963   -0.0545430469439   0.0865312871709
0.0667529341653   0.98715463371   -0.145154315867
-0.0775026025996   0.150169190131   0.985617857729
0.893802294451   -0.374417523961   -0.246837975983
-0.170069913487   -0.79228948078   0.585963971033
-0.414962279205   -0.481756233559   -0.771827317782
0.840352351895   -0.541703888521   0.0191003012777
0.541479280843   0.840564011713   0.0158849084075
-0.0246599425256   -0.00300650272743   0.999691376463
