-0.184986723142   -0.857474259758   0.480122662357
0.695891388034   0.230673738728   0.680091743418
-0.693912857005   0.459921185919   0.55403739619
0.789671187985   0.215890267593   -0.57429157007
0.273278185827   0.714292112694   0.644287056523
0.549307243941   -0.665716283721   0.505057800534
0.955293179008   -0.152896881443   0.253056290497
0.0454675402823   0.921692797871   0.385246790758
-0.292143193136   -0.356517784485   0.88743868802
-0.646300348845   0.724747109886   -0.238825379667
0.272462803599   -0.0731724150273   -0.959379939332
-0.712783246097   -0.685118583932   -0.150175308409
0.529932318557   -0.750235493547   0.395371287393
0.58089602434   0.660797737322   0.475295874778
-0.617844284249   -0.0222050421649   0.785986884374
0.232006268236   -0.952093512282   -0.199226381342
-0.785615236029   -0.0626373790417   -0.615536692399
0.573569444855   0.299323675376   -0.762511439066
0.947134673068   -0.186375631909   0.261151356941
-0.0906145935465   -0.936224936818   -0.339516904802
0.307774110084   0.297904107122   -0.903619448616
-0.994401560313   0.0856704024177   0.0617939279573
-0.099761681487   -0.569395086199   -0.815984582631
-0.0347205168409   -0.817584132878   0.574759988731
-0.990038824276   -0.00096485835604   -0.140780927024
-0.00663018298439   0.999186519647   0.0397786177854
0.140628023662   0.0403158381741   -0.989239843146
-0.862375809801   -0.281430407822   -0.420839487636
-0.501283868611   0.358291726996   0.787617839578
-0.0708761728049   0.890182174448   -0.450058920845
0.88590955013   0.0202262746394   -0.463416836721
-0.456710756734   0.212737165757   -0.863804472952
0.0811144341404   0.976900087328   0.197703444983
0.230886603063   0.655340359829   0.719180344628
-0.346217794993   0.746110028288   -0.568729335553
-0.909298957302   -0.117681058234   0.399157310112
-0.492043978312   0.766553546953   0.41267091804
0.827861692476   0.265332579893   0.494214552789
0.269344844155   0.584806519895   -0.765156992068
-0.821523951618   0.567639049369   0.0537059628308
-0.55612874381   -0.81850242822   0.144134031932
0.125774564678   0.0885421283055   0.988099716907
0.00213331501083   0.509243623396   -0.860619784417
0.487018183848   0.751130362785   0.445664082879
0.873389243064   -0.420088226682   -0.24640850693
0.67938753223   -0.721180797867   0.135391380166
0.730677365013   0.647950796564   -0.215105416712
0.0674029472226   0.245067355696   0.967160189755
-0.145750865843   -0.933978170977   0.326253577402
-0.953441412078   0.220614012623   0.205618304902
-0.264019117424   -0.281094627685   -0.922648149473
0.0436871283264   0.924219960559   0.379361092973
0.862864548552   -0.226303310122   0.451950438758
0.503549545932   0.307590462705   -0.807364346101
0.941090782213   0.0448146057819   -0.335171797013
-0.00111539109691   -0.990768410422   -0.135603452571
-0.338152684903   0.127989029042   -0.932353373877
0.817238384512   0.151580546969   0.556007882928
-0.560815791613   -0.0129626891616   0.827839142272
0.132691657518   -0.988359921982   0.0744151534374
0.156806802276   -0.698342036796   -0.698376708712
0.986621904778   0.078833060735   0.142697464919
-0.0445964644212   -0.711409691477   0.701361109944
-0.456603234367   0.387533591331   -0.800831587831
-0.839644624649   0.109879952195   0.5319053664
0.294126538714   0.915283633688   0.275218938503
-0.233517856434   0.897583671848   0.373915745139
-0.176014355382   -0.417215391266   0.891599847985
0.956288857579   0.142389937354   0.255414838471
0.139304674692   0.744251644046   -0.653208283578
0.626707231433   -0.576986096485   -0.523755916824
-0.766700474416   -0.336410024633   -0.546803383474
-0.119275073673   0.432230098462   -0.89384032729
-0.916360633159   -0.394456135556   -0.0684650442413
-0.382173492935   0.810913937647   0.443127490852
0.949304293858   0.13995412105   0.281485704557
0.0344676051408   0.843690406782   -0.535722392977
-0.312463345154   0.518265706122   0.796095042457
-0.108892464087   -0.860052061823   -0.498450473134
-0.00824417602015   0.502196339292   -0.864714326671
0.994019344266   -0.0900515637904   -0.0617758154466
0.909232656573   -0.199893783581   0.365155380409
-0.0213716605569   0.853598418671   0.520493028107
-0.415739375908   -0.481053235587   0.771847495748
-0.958135425356   -0.24526636989   -0.147705527408
0.231045149852   -0.967036062571   0.107029821172
-0.169087710245   0.0684225963503   0.983223097956
0.167367156056   -0.111325303766   0.979589366007
0.307339680639   -0.938200549386   -0.159132064523
0.936766230154   0.327700122057   -0.122809684344
-0.345014246475   -0.248640689019   0.905065168573
0.863937494393   -0.461009708848   0.202687035689
0.366847594215   0.851849655995   0.373864945882
0.614073617615   0.52967670747   -0.585112084688
0.197329314435   -0.820845399231   -0.535979336588
-0.764182378591   0.213670992763   -0.608580225165
-0.351376709847   0.11714771244   0.928876113949
0.798226571114   0.555954272483   0.231838721132
-0.489253270569   0.822916317081   -0.288859802495
0.721525786124   -0.339724329118   -0.603314125937
0.492377015944   -0.360860001718   0.792051137026
-0.486790949505   -0.868543326322   -0.0930973591209
-0.990209219499   0.0131289688949   0.139021358263
-0.137756313189   -0.254817593392   -0.957131010341
0.0228583913264   -0.96690444355   0.254122785779
0.707442940397   0.635035625682   0.310248747932
0.294248870597   -0.663750048276   0.687643609533
0.642605737316   -0.39517829608   -0.656423824754
-0.522889388772   0.38915823322   0.758381536844
-0.839552388375   -0.0812321341581   -0.537171412773
-0.147439726946   -0.917582262821   0.369194145913
0.376350229824   0.866739830446   -0.327295810533
-0.438606718111   -0.144492491745   -0.886987048391
-0.816078812433   0.477371913191   0.325778150392
0.724944741704   0.662503915608   0.188530234972
0.556923883736   -0.724821487885   0.405548254325
0.40532810835   -0.18900307052   -0.89441977351
0.597659338214   -0.801645035634   0.0129929695028
-0.747763569245   -0.55149654207   0.369732647131
-0.289228672373   -0.230689884235   -0.929048019637
0.494049380806   -0.841964570281   0.216819787123
-0.79288068175   -0.333992915674   0.509694830916
-0.356728723548   -0.423726631859   -0.832586435301
0.616427735421   -0.706401974703   -0.347869364455
0.0448605671572   -0.409564809719   0.911177363244
-0.786132542327   -0.577280614528   -0.220777513138
-0.191738323905   -0.570923494253   -0.79829997249
0.329346371737   0.728797640918   -0.600320732037
0.924536343142   -0.378021662871   0.0482931288181
0.888672128001   0.446999451238   0.102241603342
0.331165334302   -0.471429743787   -0.817363809225
-0.317161435577   0.760227311972   -0.566977196738
-0.236619764911   0.805578240843   0.543189418707
0.636508116217   0.550916354298   -0.539767147927
-0.734076606837   0.218024892779   -0.643114786093
0.0986218251118   -0.0416401630985   0.994253389134
0.873751047368   -0.474560265392   -0.106543942277
0.476269684329   0.879237511273   -0.0104188401819
0.00928314082667   -0.747066132132   -0.664684874614
0.969897397455   0.168483211488   -0.175819272266
0.243336858551   -0.643043989406   0.726141577993
0.0654197532158   -0.51069143806   -0.857271547513
0.994278218407   -0.0393431222014   0.0993123244724
-0.0844456954767   -0.858863416664   0.505195559648
-0.38816711613   0.328779142227   0.860947491353
0.575080584612   0.816411091287   -0.0524905087761
-0.720144866283   0.474739094604   -0.505978440611
-0.0822710446449   -0.996549024971   -0.011047926385
-0.953462257775   0.0754772826835   0.291913282727
-0.290071954604   0.03454971001   -0.956381490817
0.454514287352   0.0691667860206   -0.888049958263
-0.227613122219   0.972899881483   -0.0407196230808
0.861167253937   0.220639472493   0.457940164135
-0.801010769073   -0.410958321834   -0.43526253066
-0.336364450003   -0.292454385511   0.895153384934
-0.495175897693   0.863454621564   0.0960525897116
-0.715225047983   -0.1193833878   -0.688624912869
-0.318529584046   -0.821340970571   0.473224752
-0.622089678418   0.55780854111   0.549413315845
0.0700842312688   -0.244045734526   -0.96722789933
0.685598015665   -0.692527466277   0.224412434162
-0.724598848121   -0.678857318698   0.11878208245
-0.895690299836   0.430491828606   0.111423569283
-0.444120800807   -0.853491138088   -0.272597030898
-0.0222517545163   -0.293648109933   0.955654559023
0.493281292618   -0.86687577088   0.0721102802607
-0.5508008631   -0.247108166193   0.797217528004
-0.673269562557   -0.432970871549   -0.59936974751
-0.578205516701   -0.159821102241   -0.800085411168
-0.46499533377   -0.741229484745   0.48410677584
-0.670416877366   0.651948806365   0.35426600456
-0.348668740506   -0.894308976073   -0.280430997562
0.936815210443   -0.341613523643   -0.0753488005036
-0.0284139149153   -0.28898379811   0.956912228587
0.644346389191   0.369154687042   -0.66973319839
-0.543607597237   -0.394871287555   -0.740653416103
-0.537874074683   0.841309407765   -0.0537586049641
0.746500467322   -0.568375071263   0.345958749875
-0.499487420297   -0.822188704347   -0.272988188216
0.439602087363   0.0309840653603   -0.897660669928
-0.658913027536   -0.421651382663   -0.622931931426
-0.640320707777   -0.120173003662   0.758648897278
-0.394744817426   0.898759628403   -0.190808773144
-0.900769726362   0.218745004836   0.375160891454
0.0648672100935   -0.786405564938   0.614280747619
0.429403442781   0.577667044845   0.694197694784
0.576644459785   0.181832848439   0.796503633115
-0.344098539701   -0.830177081845   0.438637033302
0.740997582529   -0.527013346356   -0.416148651997
-0.458947191762   -0.462747320799   0.758440800947
0.429667636486   -0.862791443827   -0.266414561286
0.777658828539   0.203607252822   0.594803201591
0.753462755521   0.125329218345   0.645435094313
0.215390510397   0.8804442695   -0.422403616599
-0.621209145113   0.457285987445   0.636387241084
-0.647982056085   0.519966110494   -0.556554495447
-0.0585160517132   -0.762542974413   -0.644284394218
-0.759403406732   -0.384917852117   0.524541946375
-0.596422963563   -0.350617838984   0.722043527423
-0.523335410242   0.851923775033   -0.0185993808237
-0.608604775609   -0.38896403377   -0.691597634496
0.574218080003   0.54965941232   -0.606751999048
0.101180363412   -0.783077232927   -0.613638330369
-0.812425991681   0.290970783562   -0.505271729681
0.900415701011   0.430348112438   0.0636521812534
0.415456428383   -0.894039020895   0.167574750956
0.129023463652   -0.124442127768   -0.983797638431
0.681418656906   0.728643733312   -0.0688977394898
0.326063889314   -0.217950547838   0.919880319175
0.655248753289   -0.649288665715   -0.386099973187
0.228838438277   -0.19100220717   -0.954542363065
0.782612202396   0.619240640448   0.0637116027824
0.578922366721   -0.761616166139   0.291186719995
-0.243466063808   0.23070656701   -0.942071516168
-0.361374473134   0.879785663057   0.308845715333
0.900073747981   0.415634052564   -0.130826486954
-0.180724987843   0.0828989722061   -0.98005223967
0.020637895562   -0.995933245198   -0.0880463685676
-0.983335501923   -0.0361364934429   0.178243110253
0.55751258634   -0.820545354872   -0.126035845275
0.378506621331   0.116124409992   0.918285279348
-0.738858884568   -0.559661002086   0.375322671957
0.198430059905   0.895848715109   -0.397593453974
0.308943414492   0.327810227173   0.892801428731
0.930150225312   -0.299992506806   -0.211719151961
-0.485490863667   -0.597268968076   0.638410405646
0.146045104414   -0.775391502134   -0.61435997798
0.861956433783   -0.205029595037   0.463674207853
0.181864415073   0.478137087546   -0.85924981846
0.783812594138   0.457160127126   0.420288507005
0.593770277365   -0.749926354626   -0.291628711426
0.223679978599   0.533670326947   -0.815575432218
0.352690151214   0.735752739195   0.578167429358
0.908612657153   -0.416969904512   -0.0236471117478
0.264373855916   0.257018926896   -0.929541674723
0.771576169289   -0.634615162644   0.0439748455596
-0.578598884215   -0.728838008939   -0.366085329468
0.946136831115   0.317455150001   -0.0636187388824
0.273740894907   -0.889279424926   -0.36639965476
-0.172890250318   0.329249164448   -0.928280476604
0.730977806153   0.60833373039   0.309194908539
0.0255710755188   -0.477198416775   0.878423381881
0.681921945015   -0.634201537533   -0.364377179742
0.601828095615   0.0283431558398   0.798122666864
0.390368185797   -0.882286982817   -0.26302703717
0.696717880754   0.469858710978   -0.542049530218
-0.743279585922   0.535403736996   -0.401096780522
-0.197244739962   0.397517760735   0.89614410511
0.639241974132   0.745199693355   -0.189861375713
-0.795405330394   -0.377677347601   -0.474016137061
0.351033244192   -0.92464425565   0.147681613797
-0.494071997342   -0.0489287102877   0.868043158389
0.0223420788253   -0.965842488141   -0.258164900366
0.900096115738   -0.092955525692   0.425659780094
-0.435118156496   -0.241883348038   0.867274256108
-0.617787226899   0.571885468615   0.539709110289
-0.643409488546   0.0269512013897   -0.765047609726
-0.452065418929   -0.819890618244   0.351306446511
0.997680343516   -0.0675562617269   0.00837159882315
-0.00121998536796   -0.14070441689   -0.990050898028
0.0680620584545   0.987744106817   -0.14046044863
-0.42822591567   -0.902322823987   0.0493568216519
-0.881542022214   0.405102486706   -0.242436883012
0.198761760916   -0.147327867309   -0.968910870434
0.113575545023   -0.988317671892   -0.101630439267
-0.00290631708605   0.101961420738   -0.994784093566
0.993525097862   0.113278501563   0.00870797228612
0.381954686152   -0.337295242893   0.860431596603
-0.851652571308   0.233080350128   0.46942671706
-0.358885094557   -0.912088517649   -0.198232228251
0.450336636868   0.207982843794   -0.868297223802
0.454638695397   0.78356062346   0.423481302263
0.768440361266   -0.585470659731   0.258309006769
-0.437987022295   0.183317944518   0.880092001965
-0.887252032646   -0.245775226548   -0.390356755613
0.144745401551   -0.95183459556   0.270295556508
-0.795228891699   0.59844189623   0.0973551923934
-0.585173132628   -0.799575056651   0.135099444163
0.158691970498   0.0504653524582   0.986037577669
-0.616843479682   -0.7371947313   -0.275767973852
0.739454791482   -0.662813512569   0.117833706899
-0.269649139833   -0.131232996122   0.953974444102
0.0369271272765   -0.730149627531   0.682288695012
0.834579526579   -0.352998028152   -0.422929476665
0.549648392831   0.585041750504   0.596332772384
0.993333442949   0.0985477251602   0.0598081669528
-0.0805828960943   0.222610785347   0.971571313626
0.0824322013873   -0.969913793319   0.229067999092
-0.759696541995   0.0921065427036   -0.643721533056
-0.0425938412874   0.980743895786   0.190596888919
0.64888118482   0.172214384337   -0.741144573281
0.71439997308   -0.585185237014   -0.383654431187
-0.364548958623   -0.779255067361   0.509768953992
-0.597274259411   -0.224318006562   -0.770028367625
0.0502881047723   0.901798337613   -0.429221205725
0.871400445614   0.170367913634   0.460039149132
0.487988061891   -0.39715804616   -0.777259993736
-0.365500115041   0.847459459293   -0.384994987222
0.921046102035   0.389034086818   -0.0180586269552
0.13447212818   -0.361198700076   -0.922741215614
-0.971932585247   0.230787575047   -0.045511496678
0.141881525319   0.420835135416   -0.895970785172
-0.187626847491   -0.877286219151   -0.441764260234
0.61331346983   0.726429456583   -0.310075509227
-0.781491225847   0.501185389294   -0.371597437297
-0.114534015632   0.470227004851   0.875082007384
-0.638769853314   0.20685620282   -0.741069220952
-0.362714666387   0.768473138006   0.52714998584
0.678536034175   0.60552419286   -0.415847695652
-0.817924134233   0.450460368793   -0.357952001545
0.403667444388   0.00592457921624   -0.914899771156
-0.409996065351   -0.892790262642   -0.186701741762
-0.975124957473   -0.126870093847   0.181756166212
0.193107919788   -0.0837028905339   0.977600716789
-0.108814778335   0.98838140889   0.106120393447
-0.612515368381   0.487633041595   0.622124385866
0.644989065384   0.763308524007   0.0367311176938
-0.456961530415   0.423761827229   -0.782056177589
0.930909349539   0.365009273969   -0.0132669614076
-0.360148225344   0.911250070808   -0.199791299795
-0.0608361580788   0.190765661503   0.979748653527
0.998316262944   -0.0481464304332   -0.0323505851436
-0.0114177810331   0.383696346866   -0.923388726736
0.0568706725728   0.922203354811   0.382500577711
-0.837176236374   -0.40571498765   0.366780265524
-0.539118110075   0.499213301994   -0.678333825597
0.0921090536854   -0.765624231824   -0.636657135999
-0.349806818419   -0.767330823492   0.537436867519
-0.400551227879   -0.396093607305   -0.826237466071
0.846872890755   -0.504294600223   -0.168798935976
0.394224094599   0.251472696789   -0.883939380549
0.3778241129   0.832441957377   0.405326192667
0.837756698228   -0.493762964914   0.233156228464
0.203578548309   -0.401274017337   0.893048107561
-0.943346611502   -0.324505410528   0.0692342669848
0.262017041382   -0.856548525285   -0.444602818452
0.0516469199965   -0.603694091744   -0.795541358085
0.998556186252   0.0429987299177   0.0321972889808
0.0147699602902   -0.796055630037   0.605043211387
-0.998342997334   0.0572431894502   0.00104930494696
-0.00147184005299   -0.00733132954316   -0.99996362987
-0.057233883899   -0.998324919371   0.00742024546574
-0.631949947404   -0.13500021458   0.763160652407
0.319446890947   0.851797720193   0.415203956508
-0.706111126653   0.506177423142   -0.495168123497
-0.808310856572   0.583353762576   0.0795710503705
-0.0247257155685   -0.168666709263   0.985362839283
0.588236179913   0.794512223781   0.150759203706
-0.942982978705   -0.0136736818857   0.332559757468
0.24119620572   0.660452505109   0.711074436592
-0.229362926843   0.750743294643   -0.619497406484
-0.593894451952   0.188347275504   -0.782186039217
0.506190384874   -0.668197711363   -0.545237052782
-0.625348695048   -0.719748187407   0.301499079426
0.294235459174   -0.0912959078501   0.951362398389
0.753517506068   -0.590166233843   -0.289680637881
0.587908771757   0.802102587656   -0.104854650964
-0.208046113129   -0.825453170622   -0.524732168754
-0.249345445121   0.563504306459   -0.787584747899
0.94580316917   -0.0330143792212   -0.323057865087
0.954554858793   -0.166361186591   0.247283191622
-0.17249426612   0.368236782582   0.913590387448
-0.243044747769   -0.91472707595   0.322805859208
0.994620038518   -0.0555584877318   0.0874313062346
0.0680264980013   0.986825898186   -0.146789107121
-0.0781240964019   0.151947033011   0.985296262258
0.894016112769   -0.373372242912   -0.24764559482
-0.167894289955   -0.791650372545   0.587452888211
-0.415387385234   -0.48361405758   -0.770435245727
0.839925291373   -0.542366232245   0.0190886350802
0.542157922419   0.840138627435   0.0152274359513
-0.024295946724   -0.00244085387956   0.999701830151
