-0.186470583438   -0.857289782651   0.479878092221
0.695136913173   0.230040536534   0.681077121271
-0.694271868058   0.460581807865   0.55303795895
0.789670595915   0.215141787018   -0.574573199341
0.274805246677   0.713278923518   0.644759841825
0.548545737675   -0.667043618296   0.504133300737
0.955592360602   -0.152242373201   0.252320230756
0.0449042026966   0.921443406173   0.385908874578
-0.291250496354   -0.357441333228   0.887360602204
-0.645980144352   0.725759571006   -0.236608452388
0.270065938641   -0.072628138762   -0.96009900723
-0.713985226341   -0.68410434876   -0.149087014972
0.563285716765   -0.737051372563   0.37344941524
0.546365733112   0.67131281923   0.500822899916
-0.619833588329   -0.0780664178946   0.780840542162
0.232755359539   -0.952262688647   -0.197536399117
-0.783961881171   -0.0635143842577   -0.617551271903
0.575524652848   0.298599357617   -0.761320958238
0.947138003106   -0.185069617778   0.262066545867
-0.0888286502654   -0.936187934347   -0.340092483977
0.308284136438   0.298835512182   -0.903138683312
-0.99420491681   0.0871156453261   0.0628919121526
-0.101533420466   -0.570249843966   -0.815166601198
-0.0351495775677   -0.816833206671   0.575799839662
-0.989896374131   -0.00531858544379   -0.141721504431
-0.0108250664878   0.999214850375   0.0381117294612
0.141407531995   0.0392606499674   -0.989176734469
-0.861444605016   -0.282390240508   -0.422105068957
-0.502820525247   0.357507640287   0.786994980311
-0.0713334182853   0.890193985438   -0.449965697176
0.886297509885   0.0193355384395   -0.462712503956
-0.455846151046   0.212763385486   -0.864254610103
0.0817374512691   0.976912422616   0.197385689357
0.24039906459   0.627349510343   0.740702978839
-0.359070107787   0.766425717703   -0.532597675051
-0.901818700562   -0.137928306188   0.409510476281
-0.493555640282   0.765620997962   0.412593975971
0.826702765044   0.265640700759   0.495984615034
0.270133003901   0.585886241144   -0.764050467103
-0.820339528181   0.569604856797   0.0509259471734
-0.558503644637   -0.817118555374   0.142797169847
0.122950493737   0.0886998303361   0.98844095258
0.00229848378133   0.50582314323   -0.862634162064
0.487584449754   0.752579507619   0.442589535809
0.873072822933   -0.421624288464   -0.244901707176
0.676171552812   -0.723555548239   0.138778249163
0.733879523229   0.644890111773   -0.213395388986
0.0649066962185   0.246138406729   0.967058946388
-0.143287035552   -0.934274751768   0.326496027067
-0.953128177747   0.219100140097   0.208666965307
-0.266487606213   -0.281293287932   -0.921877801374
0.0414160938366   0.92436850999   0.37925281704
0.862598249656   -0.224630895871   0.453289950938
0.50419649065   0.308367277236   -0.806663001451
0.941509604162   0.0470811736726   -0.333681075918
0.00139926808907   -0.990730321477   -0.135840213796
-0.336983292448   0.127427958945   -0.932848023893
0.817576763487   0.152458478213   0.555269894226
-0.560143123864   -0.0129048924677   0.828295348623
0.133446333035   -0.988225640319   0.0748478226928
0.153746847698   -0.699195091867   -0.698203477579
0.987094516612   0.0766499270676   0.14060286842
-0.0447916048936   -0.710810083526   0.701956355647
-0.454630224038   0.388511436376   -0.801479942454
-0.839859855976   0.112618687471   0.530991880609
0.296558015691   0.91453584881   0.275095369388
-0.231418119124   0.898570338817   0.372849719293
-0.176427563099   -0.415661694977   0.892243559855
0.956722991235   0.140700395602   0.254724290102
0.138393411485   0.74483900295   -0.652735670674
0.62704246269   -0.576053418045   -0.524388575874
-0.766594251263   -0.336720192752   -0.546768576095
-0.116131117145   0.432270589822   -0.894234714298
-0.916340854413   -0.393973664163   -0.0714438224521
-0.383187976865   0.81112694346   0.441859782855
0.949634304114   0.137573438237   0.281546154718
0.0361421764888   0.844392249015   -0.534504884861
-0.311269065638   0.517759865143   0.796891642316
-0.110683321786   -0.86081617777   -0.496734043211
-0.00779983480193   0.500541960276   -0.865677138587
0.993825117499   -0.0919415781104   -0.0621158706693
0.908919451476   -0.203253552489   0.3640788706
-0.0184503031747   0.852690386549   0.522090692139
-0.416563340837   -0.481255751037   0.771276788763
-0.95848833459   -0.243855551214   -0.147780255034
0.229610398083   -0.967378491332   0.107062415683
-0.169066846922   0.0686859949468   0.983208357001
0.164717683392   -0.109642581764   0.980227739112
0.309655441222   -0.937808797613   -0.156932392733
0.936472863452   0.329382410629   -0.120522103872
-0.345977277514   -0.248461290999   0.904746779244
0.864297077254   -0.459627746085   0.204286376339
0.365089454691   0.85264843176   0.373765104263
0.613438365638   0.531223707663   -0.584375570978
0.197721012698   -0.81969839414   -0.537588360124
-0.76459128734   0.214234022088   -0.607868582183
-0.352599753341   0.117847335498   0.928324039423
0.79750778244   0.556823605435   0.232225844881
-0.48954555825   0.822228381655   -0.290320052321
0.719919463541   -0.341616657611   -0.604163913024
0.492498042945   -0.361910437861   0.791496401889
-0.489041564954   -0.867363208668   -0.0923008413476
-0.989963342557   0.0161803085335   0.140407084172
-0.139883963393   -0.254217640146   -0.956978575019
0.0202096129406   -0.967012778548   0.253927394389
0.705315039423   0.636720835851   0.311636520771
0.295842796253   -0.663878631047   0.686835117212
0.644210977701   -0.392239742407   -0.656612880301
-0.523051029266   0.388956632948   0.758373510857
-0.839443835879   -0.081126309962   -0.537357036726
-0.1474845439   -0.9176771089   0.368940432656
0.376033250951   0.866933686032   -0.327146699187
-0.438116538034   -0.14475581855   -0.887186352363
-0.816488137003   0.476939942488   0.325384997699
0.724364983698   0.663026002155   0.18892313945
0.556352761493   -0.724013524032   0.407770043149
0.407144982693   -0.190266454682   -0.893326403684
0.597185379348   -0.802052861422   0.00899065874104
-0.747551864355   -0.552472542666   0.368700836058
-0.290750467856   -0.226903732662   -0.929504636896
0.495849120166   -0.841535243976   0.214364455775
-0.791704926479   -0.336629781364   0.509787992259
-0.356843097373   -0.422491326312   -0.833165179651
0.615437813888   -0.705970456694   -0.350488208339
0.0460077916639   -0.411742107457   0.9101382421
-0.78684150438   -0.576258666661   -0.220921500363
-0.192931558584   -0.57227622017   -0.797042848272
0.328796311769   0.72763527677   -0.602029800207
0.924483834105   -0.37821531275   0.0477785109821
0.888066351652   0.447786523071   0.10404513615
0.332591487137   -0.469576090367   -0.817851619022
-0.317365819339   0.760911031468   -0.565944711409
-0.237337972633   0.806019262546   0.542221127703
0.636821345561   0.550596682225   -0.539723919755
-0.733573020742   0.217201022381   -0.643967773629
0.0973094792611   -0.0401455419475   0.994444185507
0.87353580125   -0.47537319274   -0.104668967005
0.476934069407   0.87886786503   -0.0111897779901
0.00737123475351   -0.74841707522   -0.663187403113
0.969622079787   0.167505455706   -0.178255244839
0.244496774047   -0.641727193939   0.726916454605
0.0625114514154   -0.511215138687   -0.857176410999
0.994584214436   -0.0395451366582   0.0961167083522
-0.0830334751274   -0.858542522655   0.505974483898
-0.389460443749   0.328346390381   0.860528431897
0.57701562728   0.815206942219   -0.0499059458578
-0.717895187374   0.477101965496   -0.506951855183
-0.0805364017989   -0.99669135669   -0.0109095333696
-0.953169594796   0.0738105024948   0.293289441491
-0.29151398247   0.0340192950014   -0.955960300465
0.45424595878   0.0654945026617   -0.888465575961
-0.226734807016   0.972953069769   -0.0442001283309
0.861540444108   0.221523800478   0.45680988343
-0.80028658834   -0.4116472094   -0.436031429872
-0.335892358297   -0.294644816381   0.894643087278
-0.49674254547   0.862413186917   0.0975095530569
-0.715536128273   -0.118241390347   -0.688503036517
-0.319228826224   -0.821311748547   0.472810698758
-0.621377835291   0.558100326072   0.549923703989
0.0701509409033   -0.240970020137   -0.967993894791
0.685923735657   -0.692917417841   0.222202323102
-0.724284032559   -0.679557718612   0.116678354691
-0.895397073989   0.43121160446   0.110998390216
-0.444680826084   -0.853181166637   -0.272655222092
-0.0228703599686   -0.293493542347   0.955687442359
0.494280307374   -0.866414065355   0.0708070903937
-0.550971384042   -0.249235216592   0.796437278252
-0.672396840163   -0.432675942916   -0.600561416048
-0.57705985492   -0.15840245079   -0.801193376475
-0.466529928555   -0.741265080654   0.48257245046
-0.670337220126   0.652253790916   0.353854633296
-0.348951011235   -0.894357874738   -0.279923605976
0.936747536315   -0.341535219177   -0.0765361912601
-0.0271530200369   -0.288925123965   0.956966555095
0.644063135375   0.370165151068   -0.669447871063
-0.543480921081   -0.394441269479   -0.74097545586
-0.538341136787   0.841067119022   -0.0528673967014
0.745828858021   -0.567755802106   0.34841321686
-0.498639179897   -0.822646976835   -0.273138259311
0.44169830063   0.0299814876572   -0.89665882598
-0.657425611545   -0.424206019374   -0.622767313397
-0.641010732384   -0.119603980936   0.758154988049
-0.39609987942   0.897631883382   -0.193289082568
-0.901029800448   0.220107655171   0.373816813839
0.0631115763814   -0.786058560899   0.614953229186
0.429189141405   0.577670464274   0.694334301819
0.576628877536   0.18356108876   0.796118320067
-0.342402009051   -0.830434771917   0.43947535474
0.741795064051   -0.526006701401   -0.416000900978
-0.460669759192   -0.462412566819   0.75760021574
0.429560332618   -0.863095180936   -0.265602619668
0.776699034042   0.203079907874   0.59623584934
0.751564530324   0.12452266915   0.647800015692
0.217489926054   0.880337576041   -0.421549384594
-0.622775150057   0.457711542845   0.634548070766
-0.649741789051   0.519602351804   -0.554841153879
-0.0597675284546   -0.762565623345   -0.644143768709
-0.75780152585   -0.385365733068   0.526526365729
-0.596010132992   -0.350249690971   0.722562767909
-0.523898078165   0.851560883009   -0.0193611698455
-0.608524940564   -0.390088714496   -0.691034053073
0.574013808592   0.551715004572   -0.605077465517
0.103309954831   -0.781829962769   -0.614873256453
-0.812302430613   0.290435228578   -0.505778878116
0.899192833167   0.433159828788   0.061845593299
0.418455869561   -0.892616821142   0.167723382964
0.12785538673   -0.12493602638   -0.983892924265
0.679700505214   0.73014407274   -0.0699774210048
0.327413727014   -0.216648226845   0.919708504549
0.656359244447   -0.648037896284   -0.386315097402
0.2285516279   -0.193098411764   -0.954189259714
0.782522066627   0.619522105534   0.0620610134098
0.579157452875   -0.76085830318   0.292696557839
-0.24078256822   0.227697985057   -0.943492099452
-0.364929674383   0.87952391667   0.305391566365
0.899360910249   0.417841242163   -0.128680272107
-0.181406519515   0.0827993361321   -0.979905662971
0.0214054865804   -0.995862940181   -0.0881113430913
-0.983164606529   -0.0369604325349   0.178904447558
0.557224624962   -0.82025843086   -0.129138774987
0.380702682116   0.11415431397   0.917624247152
-0.737947277542   -0.560486304682   0.375884180031
0.198449871232   0.895615756649   -0.398108110475
0.307882696527   0.328660611706   0.89285522323
0.93049766059   -0.299757603594   -0.210521938559
-0.486286140941   -0.595271148104   0.639670863054
0.145067684036   -0.776896432569   -0.612689328377
0.861673905752   -0.205146548336   0.464147874261
0.180995693007   0.478013721898   -0.859501876303
0.783175615266   0.458559378475   0.419951514969
0.59487523847   -0.749150319328   -0.29137141972
0.222534526128   0.533237118885   -0.816171898074
0.353171755239   0.736210655485   0.577289861846
0.908706830316   -0.416715788436   -0.0244919999675
0.263390307782   0.257785424926   -0.929608653725
0.771628126838   -0.634643214559   0.0426390383929
-0.578978072346   -0.728542880288   -0.366073375702
0.945756589303   0.318918838498   -0.0619293806337
0.275752320286   -0.888819136684   -0.366007101247
-0.171770578363   0.329076457313   -0.928549164909
0.730334563555   0.609879166059   0.307666716316
0.027820695363   -0.476587816628   0.878686493454
0.682522830703   -0.633175605717   -0.365035803576
0.601064691144   0.0293257000291   0.798662082888
0.3935138496   -0.880651070572   -0.263818094616
0.695606188513   0.472856363172   -0.540868223843
-0.743402531318   0.53547977906   -0.400766845168
-0.196607967202   0.397769146828   0.896172420178
0.639294896899   0.745010809098   -0.190422993676
-0.796711229362   -0.375146593163   -0.473830878425
0.349304024866   -0.925639007654   0.145528474902
-0.49319100349   -0.0495668481243   0.868507755546
0.0223547617797   -0.964861451403   -0.261806397744
0.89918106912   -0.0950636238918   0.427125568776
-0.437005280563   -0.244959641905   0.865460080606
-0.617185648384   0.572232508435   0.540029469881
-0.644001579509   0.0269313361935   -0.76454997658
-0.452044066038   -0.819649106257   0.351897007117
0.997778102314   -0.0659549168927   0.00942377681902
-4.44327965901e-05   -0.142104295805   -0.989851712626
0.0666247450846   0.987651944715   -0.141791485211
-0.425980328019   -0.903348846465   0.0499325862882
-0.88261960271   0.40281703407   -0.242317092907
0.198783898985   -0.147294936072   -0.968905373261
0.114489764055   -0.988384549   -0.0999403128992
-0.00113898185698   0.10047116858   -0.994939312595
0.993423769378   0.114024191839   0.0103771732935
0.383726318274   -0.3383063916   0.85924552981
-0.851206297043   0.23119716406   0.471164185065
-0.358052977881   -0.912193310004   -0.199252091651
0.452349775415   0.205974797358   -0.867729254318
0.455202216853   0.783360439688   0.423246218446
0.766922823834   -0.586447612759   0.260592734696
-0.437603672264   0.182959714949   0.880357238955
-0.887386327565   -0.245850754436   -0.390003844063
0.145081463761   -0.951884045164   0.269941074942
-0.795127478552   0.598650331375   0.0969058475259
-0.585085337285   -0.799301401973   0.137087884741
0.159524639583   0.0523041183227   0.985807371583
-0.618014623473   -0.736317760556   -0.275488616132
0.73804646054   -0.664113529173   0.119333718923
-0.270823271179   -0.129573415014   0.953868692731
0.0372257315094   -0.73010796622   0.682317078169
0.834332045758   -0.353090194462   -0.423340692087
0.550003886278   0.585038171248   0.596008439664
0.993410353382   0.0974352353459   0.060351014147
-0.0808366990442   0.222369635909   0.971605473906
0.081248372803   -0.970081513971   0.228780641186
-0.759833953897   0.0894109196925   -0.643939326938
-0.0461993366516   0.980567259622   0.190665855665
0.648473430936   0.17462398078   -0.740937570658
0.714518179102   -0.584676035711   -0.384210332176
-0.361918428013   -0.77888121072   0.512209262048
-0.598730905792   -0.226929967011   -0.768129750973
0.0487865294109   0.901058037167   -0.430945859704
0.870559830552   0.173150229883   0.46059159689
0.489638133492   -0.397634821605   -0.775977533422
-0.364936007785   0.847280609497   -0.385923571692
0.921123373398   0.388888644504   -0.0172403501011
0.135473855033   -0.361774885062   -0.92236943721
-0.972047828175   0.230765153093   -0.0435190612169
0.140206430478   0.421631716978   -0.895865909644
-0.188384238789   -0.876915626117   -0.44220754068
0.614425281974   0.725130299535   -0.310914180012
-0.780509372745   0.501072580643   -0.373806628411
-0.115267938705   0.472347673947   0.87384265123
-0.638143061188   0.207095107842   -0.741542328246
-0.36344430704   0.768049833594   0.527264340943
0.678735326878   0.605979426927   -0.414858130494
-0.821223861138   0.435992931547   -0.368438471861
0.409457480135   8.00968426341e-05   -0.912403027745
-0.397720147676   -0.900024931165   -0.178696988207
-0.975397618447   -0.126509039678   0.180539523012
0.191746533833   -0.0827674204458   0.977948150716
-0.108776482993   0.988506338678   0.104989049772
-0.61446938217   0.485513032145   0.621855580674
0.642426998085   0.765444604229   0.0371765234253
-0.4579463066   0.42234066508   -0.782248950527
0.931359559355   0.363874275946   -0.0128406589798
-0.359071891046   0.912083279172   -0.197917833812
-0.0603054581157   0.188943386191   0.980134505332
0.998336387356   -0.048019834829   -0.0319147791394
-0.0111303348443   0.382602733394   -0.923845905922
0.0565736096672   0.922664206364   0.381431753811
-0.836032490924   -0.406913143582   0.368054917186
-0.540722084231   0.497255594549   -0.678494362139
0.09307177934   -0.766261486315   -0.635747426669
-0.350676909886   -0.765208024586   0.539890422919
-0.400482405032   -0.398592367317   -0.825068013792
0.846545233825   -0.505549268846   -0.166674791347
0.392170675666   0.248984327201   -0.885555746269
0.379008000378   0.833432137366   0.402173857723
0.838185606289   -0.4933535051   0.232480592377
0.205529088502   -0.401072861211   0.892691643272
-0.942629517571   -0.326330986918   0.0704109835448
0.263072998557   -0.855948990303   -0.445133634848
0.0515493434067   -0.604098560962   -0.795240567809
0.998586354103   0.0415123908138   0.0331961038095
0.0129586050306   -0.795827629926   0.605384542428
-0.998332584659   0.0576885218228   0.00425871713359
-0.00469529382339   -0.00743793831419   -0.999964857063
-0.0576546306695   -0.998310470542   0.00768932164962
-0.634448559418   -0.135034906861   0.761078415181
0.317828428748   0.851962212698   0.416107505092
-0.70459908459   0.505891233215   -0.497608244871
-0.807536647958   0.584593015869   0.0783323430086
-0.0262147456814   -0.168250030683   0.985395841797
0.589234874454   0.793689601619   0.151192794774
-0.943535620896   -0.0138867251064   0.330978444111
0.239772931165   0.660775198435   0.711255868847
-0.228579336513   0.750455280716   -0.620135112609
-0.594681530475   0.188729173542   -0.781495425074
0.505584022999   -0.667996432714   -0.546045310461
-0.62509087023   -0.719834692442   0.301826748019
0.293541753935   -0.0912001209851   0.951585918586
0.754276685179   -0.58944704728   -0.289169196579
0.587281793277   0.802642311361   -0.104237181521
-0.207490832413   -0.824723915223   -0.526096947471
-0.249157608513   0.564619132687   -0.786845419328
0.945974640569   -0.0321821605373   -0.322639529588
0.954519711856   -0.167619908068   0.246567811366
-0.171299526307   0.368554406091   0.913687099152
-0.244025800828   -0.914369295902   0.323079234653
0.994343714105   -0.0576031118539   0.0892326159962
0.0705945730301   0.986154238921   -0.150054068245
-0.0793535412661   0.155504657946   0.984642735684
0.894433928595   -0.371267340191   -0.249295999385
-0.163502118595   -0.790355377103   0.590427975845
-0.41623910246   -0.487338383008   -0.767623653
0.839082905464   -0.543668961095   0.0190772004909
0.543494606448   0.839298843676   0.0138226207162
-0.023526402142   -0.00122996922094   0.999722459275
