-0.187028732503   -0.857220946785   0.479783811574
0.69484478331   0.22980626922   0.681454186635
-0.694414130444   0.460826789336   0.55265512507
0.789663274932   0.214859976442   -0.574688699141
0.27538552788   0.712899087694   0.644932321492
0.548265192613   -0.667540319976   0.503780900257
0.955706582164   -0.152004090879   0.25203111964
0.0447051769166   0.921348832225   0.386157709613
-0.290906129306   -0.357786369071   0.88733451319
-0.645835524384   0.72615682941   -0.235781777056
0.269188343101   -0.072414672777   -0.960361366519
-0.714446935209   -0.683705036887   -0.14870513427
0.56288508837   -0.737859019355   0.372457304062
0.546767941399   0.670346327201   0.501677803711
-0.619842878519   -0.0787392407498   0.780765609619
0.233040329639   -0.95232483078   -0.196900079616
-0.783333622703   -0.0638461602509   -0.61831394209
0.576264401308   0.298330541715   -0.760866790824
0.947139938235   -0.184568843006   0.262412445136
-0.0881501269921   -0.936176796215   -0.340298387448
0.308472858258   0.299178507884   -0.902960209479
-0.994133772866   0.0876627202208   0.0633180905779
-0.102213098568   -0.570577415731   -0.814856219992
-0.0353046114842   -0.81654970716   0.576193792897
-0.989828806879   -0.0069718878408   -0.142089883555
-0.0124161965837   0.999220786313   0.0374654234325
0.141717960369   0.0388485864674   -0.989144082764
-0.86109113087   -0.282736098049   -0.422586515556
-0.503396724937   0.357217126344   0.786757030987
-0.0714898705587   0.890199521088   -0.449924075589
0.886445353517   0.0189979524393   -0.462443199289
-0.455516286097   0.21277246281   -0.864426277346
0.0819728483439   0.976917065912   0.197265037952
0.240837504096   0.626630142369   0.741169331139
-0.35859949883   0.767062548536   -0.531997604337
-0.901888968879   -0.137657968369   0.409446680415
-0.49411660564   0.765272831677   0.412559992645
0.826265966652   0.265755207573   0.496647222593
0.270430780027   0.586286111429   -0.763632875374
-0.819887828194   0.57034616255   0.0498898335867
-0.559395625361   -0.816593949064   0.142304773314
0.121902727442   0.0887658101157   0.988564795391
0.00235686211607   0.504533762096   -0.863388758895
0.487808758377   0.753117032885   0.441426500334
0.872947353127   -0.42220898007   -0.244340995045
0.674946280004   -0.72445471505   0.140046042419
0.735088036263   0.643725498767   -0.212751195287
0.0639773952128   0.246541797663   0.967018115562
-0.142368772709   -0.934382548805   0.326589453752
-0.953008463856   0.218537146545   0.209801285076
-0.267406594222   -0.281373353195   -0.921587343117
0.0405648564818   0.924417465713   0.37921998453
0.862493842628   -0.224005684191   0.45379185034
0.504440104483   0.308666520845   -0.80639131831
0.941666770373   0.0479320580671   -0.333116122751
0.00234722388632   -0.990719558933   -0.1359191625
-0.336538740663   0.127208671105   -0.933040333744
0.817706003299   0.152788635061   0.554988761446
-0.559887204601   -0.0128786629724   0.828468743578
0.133728121421   -0.988174971327   0.0750134416293
0.152582444278   -0.699512167098   -0.69814134309
0.987271683095   0.0758148849873   0.139809645421
-0.0448690384062   -0.710587673181   0.702176567063
-0.453887179696   0.388874952152   -0.801724817988
-0.839941557095   0.113641451348   0.530644694213
0.297463599209   0.914254823569   0.27505184382
-0.230624941447   0.898937545747   0.37245613723
-0.176576144963   -0.415083225467   0.892483586528
0.95688721924   0.140062043525   0.254459355979
0.138055181895   0.745058772739   -0.652557997469
0.627170560535   -0.575704321283   -0.524622220614
-0.766551761393   -0.336836475946   -0.546759829926
-0.114954734829   0.432288778998   -0.894377897467
-0.91633258941   -0.393789264011   -0.0725575968762
-0.383562247242   0.8112067744   0.441388234045
0.949761858818   0.136681539175   0.28155029463
0.0367562670087   0.844659864832   -0.534039970084
-0.310807638891   0.517559532479   0.797201820142
-0.111362697334   -0.861099817118   -0.49609020771
-0.00764426056155   0.499922746725   -0.866036275452
0.993750448809   -0.0926518757404   -0.0622552266858
0.908799563894   -0.204519172042   0.363669166191
-0.0173522856377   0.852340373136   0.522699520702
-0.416871985571   -0.481339588052   0.771057684222
-0.958624609846   -0.243315996935   -0.14777144264
0.22906544585   -0.967504845443   0.10706826219
-0.169020990241   0.0687889299696   0.983209026517
0.163705577507   -0.109007121147   0.980468140017
0.310526712714   -0.937660392539   -0.156095429904
0.936361835371   0.330015257352   -0.119650456955
-0.346340841339   -0.248396267624   0.904625510988
0.86443139103   -0.459106757438   0.204888639745
0.364426111994   0.852947992978   0.373728952367
0.613200329383   0.531807490223   -0.584094275139
0.197867222661   -0.81926307843   -0.538197401411
-0.764744330547   0.214449700468   -0.607599639633
-0.353059611162   0.118113070686   0.928115415798
0.797236695846   0.557152006378   0.232368879938
-0.489655565991   0.821967729354   -0.290871947094
0.719315302271   -0.342326408274   -0.604481701089
0.492543423526   -0.362302227825   0.79128886995
-0.489884142114   -0.866919679073   -0.0919989162461
-0.989868178652   0.0173079435793   0.140926826722
-0.140677136454   -0.253993592997   -0.956920338427
0.0192322302377   -0.967050684249   0.25385566841
0.704514831761   0.637355136767   0.312149442414
0.29643605937   -0.663913128487   0.686545687288
0.64481354473   -0.3911492652   -0.656671687562
-0.523104171469   0.388880910194   0.758375706647
-0.839409111225   -0.0810908033646   -0.537416654328
-0.147493792202   -0.917712348203   0.368849084998
0.375916392768   0.867008602986   -0.327082459695
-0.437929474941   -0.144846964106   -0.887263832765
-0.81664228893   0.476776065154   0.325238285032
0.724138648932   0.663231243621   0.189070551226
0.556142320167   -0.723700762917   0.408612031558
0.407834617922   -0.19074168422   -0.892910682142
0.597012516516   -0.802197105132   0.00747631194193
-0.747465020858   -0.552847172355   0.368315332007
-0.291328222657   -0.225477151204   -0.929670958692
0.496533260707   -0.841367802582   0.213436242859
-0.791258416138   -0.337631725362   0.50981876256
-0.356882232506   -0.422025203685   -0.833384737047
0.615068144922   -0.705799016296   -0.351481009065
0.04643887362   -0.41257255986   0.909740192903
-0.787105191289   -0.575874583709   -0.220983708275
-0.193374953698   -0.572798948534   -0.796559757698
0.328596282951   0.727184806567   -0.602682943024
0.924462311756   -0.378290379919   0.0476002865941
0.887829721299   0.448094698992   0.104735457259
0.333139452543   -0.468859152959   -0.818039766537
-0.317453115327   0.761171528114   -0.565545113071
-0.258864881758   0.773809521693   0.578107012977
0.638885229129   0.586052872101   -0.498364995995
-0.724440859089   0.240334827623   -0.646083980174
0.0968143627819   -0.0395814808932   0.994515088658
0.873449564454   -0.475686785533   -0.103961056535
0.477192637782   0.878723704751   -0.0114808676407
0.0066636956233   -0.748915839514   -0.662631610341
0.969515216031   0.167151130895   -0.179166786517
0.244940465383   -0.641237519825   0.727199153594
0.0614142157412   -0.511415676683   -0.85713607261
0.994697912127   -0.0396113461598   0.0949049335163
-0.0824882108913   -0.858419995363   0.506271447804
-0.389953208723   0.328191978731   0.860364111663
0.577749444046   0.814746211476   -0.0489303116722
-0.717036930322   0.477994372972   -0.507325629893
-0.0798791548281   -0.996745021597   -0.010844520662
-0.953061850325   0.0731828743627   0.293796613943
-0.292046830427   0.0338038877954   -0.955805415315
0.454149618538   0.0641132790606   -0.888615556037
-0.226389634236   0.972973408516   -0.0455025228319
0.86168199035   0.221838304901   0.456390084256
-0.799982228687   -0.411886666589   -0.43633604306
-0.335729513936   -0.295457882533   0.894426347356
-0.497318270385   0.862010540109   0.0980716385188
-0.715658342228   -0.117806198979   -0.688451525993
-0.319498787607   -0.821293811865   0.472660896467
-0.621099290676   0.558219936775   0.550117233339
0.0701650945153   -0.239837481993   -0.968274164877
0.686047599298   -0.693057738513   0.221381329062
-0.724165428362   -0.679815404055   0.115911451471
-0.895284134288   0.431483214213   0.110849973863
-0.444895918058   -0.8530647637   -0.272667034418
-0.0230890222586   -0.293431295902   0.955701288086
0.49465828915   -0.866238527163   0.0703131859551
-0.551037304267   -0.250042052951   0.796138646853
-0.672064743434   -0.432561752545   -0.601015109823
-0.576626250963   -0.157867724132   -0.801611096249
-0.4671091084   -0.741277356809   0.481993157926
-0.670307130203   0.652369607749   0.353698191355
-0.349050776235   -0.894379904228   -0.27972873875
0.936724016709   -0.341499877891   -0.0769803516647
-0.0266776477647   -0.288898675897   0.956987909518
0.643955141099   0.370545859193   -0.669341121289
-0.543429826642   -0.394286308104   -0.741095343319
-0.538521860215   0.8409720867   -0.0525370174221
0.745571922299   -0.56752499637   0.349338448931
-0.498323407739   -0.822821542178   -0.273193440849
0.442488140751   0.0296015762896   -0.896283438718
-0.65686620932   -0.425164253764   -0.622705283734
-0.641270996384   -0.119393342918   0.757968704143
-0.396608146998   0.897207002082   -0.194219923162
-0.901090538551   0.220617292336   0.37330431767
0.062450183443   -0.78589231395   0.615195884488
0.429101477341   0.57766254165   0.694389419693
0.576618860684   0.184213072073   0.79597501814
-0.341762050975   -0.830532350073   0.439789379547
0.742097962495   -0.525624906113   -0.415943576097
-0.461335337814   -0.462282404136   0.757274368054
0.429508403111   -0.863215127767   -0.265295870571
0.776332416779   0.202865339847   0.596786036061
0.750851674712   0.124216219952   0.648684896428
0.218285097351   0.880293009787   -0.421231330683
-0.623356543582   0.457880495736   0.633854930962
-0.650415515821   0.519464419352   -0.554180917224
-0.0602401335366   -0.762568516117   -0.644096660119
-0.757186171493   -0.385546493035   0.527278898125
-0.595848678356   -0.35011448321   0.722761487814
-0.52410994825   0.851424141752   -0.0196389899603
-0.608500683455   -0.390508356412   -0.690818432707
0.573932269192   0.552483436471   -0.604453274137
0.104111519462   -0.78136433872   -0.61532949328
-0.812257655985   0.290226887469   -0.505970063306
0.898727561802   0.434221582726   0.0611634432282
0.419589149073   -0.892080257542   0.167775435993
0.127413875511   -0.125121013573   -0.983931806177
0.679034181354   0.730726455418   -0.0703662106271
0.327913080421   -0.216157694183   0.919646002997
0.656799488378   -0.647545061361   -0.386393220147
0.228435741246   -0.19390133983   -0.954054174552
0.782490020333   0.619626002315   0.0614245729248
0.579246463647   -0.760569444885   0.293270592679
-0.239762575539   0.226562075982   -0.944025151634
-0.366275853743   0.879417735928   0.304082949553
0.899086124993   0.418681342993   -0.127867239205
-0.181712484893   0.0827572087173   -0.979880614488
0.0216636808936   -0.995902715816   -0.088126224601
-0.983130438535   -0.0372396420179   0.179141026535
0.557112310717   -0.820150830742   -0.130301514544
0.381528458599   0.113417134318   0.917372651728
-0.737605521359   -0.560793332425   0.376096966745
0.198452853508   0.895521631029   -0.398318320069
0.307500561263   0.328992586275   0.892864654943
0.930623382774   -0.299674649552   -0.210083888405
-0.486582066935   -0.594508456635   0.640154374898
0.144704011631   -0.777471620086   -0.612044665618
0.861567570032   -0.205177042288   0.464331472945
0.18066581753   0.477956801016   -0.85960289503
0.782945095856   0.459080150613   0.419812312744
0.595278773061   -0.748867610075   -0.291273841756
0.222116050798   0.533066700032   -0.816397187709
0.35336057358   0.73638022912   0.576957943196
0.908735814096   -0.416634199863   -0.0248028866607
0.263022326636   0.258076811978   -0.929632090464
0.771646584222   -0.634654700683   0.0421357699924
-0.579120897189   -0.728429978222   -0.366072588869
0.945609000152   0.319477080993   -0.0613028191521
0.276511460237   -0.888641320489   -0.365867165435
-0.17136234497   0.329016359937   -0.92864630766
0.730097558869   0.610454319108   0.30708804998
0.0286627896762   -0.476352739408   0.878786928862
0.682741525503   -0.632798187524   -0.365281290048
0.600773956818   0.0297002356985   0.79886693086
0.394706645284   -0.880028049951   -0.264114499028
0.695181373018   0.473991245096   -0.540420651601
-0.743447649896   0.535508057559   -0.400645354889
-0.196363234436   0.397873509824   0.8961797511
0.639317652085   0.744934753121   -0.19064402769
-0.797202949836   -0.374193659284   -0.473757796046
0.348652401707   -0.926011985948   0.144717600065
-0.492857836243   -0.0498074927749   0.868683117526
0.0223712747231   -0.964486129693   -0.263184427489
0.898837558814   -0.0958525649417   0.427672001873
-0.437710612286   -0.246127617205   0.864772003182
-0.616958647135   0.572365116961   0.540148281344
-0.644223976248   0.0269229184898   -0.764362874531
-0.452037013285   -0.819556775593   0.352121025029
0.997813759063   -0.0653536831332   0.00982844491782
0.000406576499752   -0.142643111709   -0.989774105502
0.0660873431462   0.987614216852   -0.14230468823
-0.425140605018   -0.903737944277   0.0501591150214
-0.883027714403   0.401949049871   -0.242281175277
0.19879704309   -0.147295079253   -0.968910565836
0.114833142683   -0.988408323758   -0.0993090837684
-0.000485859638812   0.0999145364614   -0.994995883363
0.993384654871   0.114306734247   0.0109932908381
0.3843932436   -0.338687843275   0.858797067586
-0.851033306312   0.230495739072   0.471819940304
-0.357748752651   -0.912229296471   -0.199633633938
0.453105514491   0.205217446371   -0.867514375531
0.455409909769   0.783288855606   0.423155269959
0.766353186287   -0.586808629892   0.261454441195
-0.437460922942   0.182824580115   0.880456195485
-0.887437479455   -0.24586968986   -0.389875382972
0.145198689114   -0.951905072523   0.269803767121
-0.79507940299   0.598741647064   0.0967325797608
-0.58506453389   -0.799186792181   0.137840383712
0.159838177853   0.052999247823   0.985719451316
-0.618458199373   -0.735985885462   -0.275380316861
0.737512756983   -0.664604160697   0.119901343753
-0.271264586337   -0.128942527304   0.953828785124
0.0373621341437   -0.730112861614   0.682304343502
0.834247697373   -0.353086778223   -0.423509643116
0.550122520249   0.585034056863   0.59590296068
0.993438623089   0.0970141132896   0.0605637178772
-0.0809404859717   0.222284210461   0.971616365186
0.0807981424981   -0.970143280753   0.228678089504
-0.759886097252   0.0883838907931   -0.644019590928
-0.0475536174025   0.980501512216   0.190671015343
0.64831442921   0.175513732991   -0.74086649184
0.714565502324   -0.584478791291   -0.384422352171
-0.360936279828   -0.778747421613   0.513104842341
-0.599267055846   -0.227894975507   -0.767425570002
0.0482215200241   0.900775628951   -0.431599241
0.870232957271   0.174207193724   0.46081060472
0.490274656314   -0.397812870116   -0.775484103688
-0.364739537753   0.847216194277   -0.386252112611
0.921148186331   0.388843654945   -0.0169421364925
0.135838113801   -0.361974774431   -0.922238333537
-0.972063396488   0.23075774564   -0.0427602496021
0.139567049877   0.42193183405   -0.895818127281
-0.188675951587   -0.876766754276   -0.442346406707
0.614851760839   0.724630641105   -0.311235841168
-0.780133856176   0.501034933193   -0.374640048069
-0.115535627855   0.473153709846   0.873371104646
-0.637908302564   0.207182921749   -0.741719880384
-0.363711051364   0.767898325659   0.527301103096
0.678813240248   0.606141418438   -0.414494019541
-0.819394324103   0.449089061471   -0.356295072325
0.401645582171   0.00625437167266   -0.915784036282
-0.409032993801   -0.893475567463   -0.185514741675
-0.975501480811   -0.126374090591   0.180068525365
0.191220690927   -0.0824101835173   0.978080894267
-0.108764571258   0.988553072726   0.1045575692
-0.61520627792   0.48470305986   0.621758684489
0.641458954282   0.766247208697   0.0373574512882
-0.458313569454   0.421815259276   -0.782317204591
0.931533295121   0.363435178589   -0.0126724152957
-0.358653843809   0.91240181347   -0.197206363742
-0.0601093958264   0.18824930423   0.980280092484
0.998344046474   -0.0479783398225   -0.0317371043493
-0.0110072429417   0.382186807129   -0.924019529195
0.0564624254475   0.92283873382   0.381025814293
-0.835602394494   -0.407371957732   0.368533212931
-0.541328300668   0.496507592163   -0.678560153967
0.0934468398404   -0.76650394631   -0.635404903025
-0.351007025447   -0.764397778805   0.540824518999
-0.400482216176   -0.399530845884   -0.82461517823
0.84640954574   -0.506035802486   -0.165890202316
0.391395341019   0.248040119771   -0.886163517292
0.379444772963   0.833809968666   0.400977054971
0.838350371067   -0.4931906663   0.232231810137
0.206256949791   -0.400996722856   0.892557947501
-0.942358829656   -0.327017618253   0.0708470042824
0.263472764357   -0.855722554398   -0.445332454968
0.0515127736796   -0.604252525494   -0.795125955743
0.998596838787   0.0409544284286   0.0335716232966
0.0122781768174   -0.79573964697   0.605514365178
-0.99832525892   0.0578465411262   0.00546058596235
-0.00590233357537   -0.00747584290612   -0.999962038201
-0.05780313813   -0.998304909867   0.00778995877196
-0.635379735868   -0.135048976228   0.760298937927
0.317209491446   0.852033147943   0.416434464558
-0.704038947453   0.505768028601   -0.498525788978
-0.807240018994   0.585065435216   0.0778606195426
-0.0267816245851   -0.168090104178   0.98540785845
0.589615624068   0.793375282843   0.151357892382
-0.943744047337   -0.0139699351379   0.330383874145
0.239236355167   0.66089508726   0.711325459965
-0.228286289009   0.750348442085   -0.620373942111
-0.594973923617   0.188864336285   -0.781239807404
0.505362422141   -0.667921107622   -0.546341953592
-0.624991357125   -0.719868717508   0.301951231096
0.293274958824   -0.0911815015152   0.951669930116
0.754556901984   -0.589180306116   -0.288981446996
0.587055026189   0.802840163931   -0.103990134271
-0.207302052779   -0.824423684151   -0.526641717622
-0.249077869923   0.565074726211   -0.786543569561
0.946037062933   -0.0318772821091   -0.322486852608
0.954503219849   -0.168076702271   0.246320576728
-0.170872160111   0.368689783984   0.913712516557
-0.244389666854   -0.91423086809   0.323195956757
0.994237873955   -0.058373866879   0.0899085181633
0.0715641283462   0.985897429688   -0.151277340062
-0.0798099336347   0.156839885704   0.984394039339
0.894586734987   -0.370473940636   -0.249927236652
-0.161841501261   -0.789863553493   0.591542676282
-0.416559590911   -0.488737627673   -0.766559510473
0.838771502835   -0.544149257801   0.0190774408037
0.543988070824   0.838988094633   0.0132647408395
-0.0232237446254   -0.000748186291811   0.999730012503
