-0.18740095466   -0.857175474668   0.479719836939
0.694647187686   0.229651070451   0.681707923252
-0.694511483681   0.4609887348   0.552397681285
0.789656206631   0.214671810968   -0.574768729575
0.275774722798   0.712645856579   0.645045882302
0.548079721562   -0.667871171398   0.503544164605
0.955783364105   -0.151847287605   0.251834392933
0.0445760939618   0.921285472164   0.386323762421
-0.290673583361   -0.3580160315   0.887318086926
-0.645731763622   0.726426883295   -0.235232387223
0.268609895066   -0.0722697901013   -0.960534056433
-0.714758012929   -0.683433195361   -0.148458456091
0.5626167989   -0.738398632768   0.371792685451
0.547038474318   0.66969900847   0.502247099412
-0.619847763119   -0.0791877539634   0.780716371226
0.233231643187   -0.952365719045   -0.196475323811
-0.782912217344   -0.0640680079464   -0.618824507591
0.576759460792   0.298152391318   -0.760561444279
0.947141411452   -0.184231888958   0.26264385187
-0.087695386716   -0.936171131976   -0.340432691276
0.308597960108   0.299405259192   -0.902842762682
-0.996504912451   0.0750981774028   0.0369286145687
-0.0726300571267   -0.556879062944   -0.827423995614
-0.0415732320726   -0.827203637242   0.560367222363
-0.989781186869   -0.00808008091747   -0.142340286502
-0.0134821243793   0.999223273908   0.0370280759653
0.1419305365   0.0385688783845   -0.989121332068
-0.860859196385   -0.282963083413   -0.422909992852
-0.503781543401   0.357023131746   0.786599310751
-0.0715899794479   0.890205713625   -0.449898090554
0.886544445379   0.0187718576178   -0.462262441678
-0.455295005219   0.212778406096   -0.864541391055
0.0821304197474   0.976920148214   0.197184246491
0.241127320798   0.626151082844   0.741479893591
-0.358282448917   0.76748627347   -0.531599948835
-0.901937524412   -0.137475962472   0.409400853286
-0.494489579102   0.765042033002   0.412535828528
0.825974967287   0.265831009332   0.497088326179
0.2706297757   0.586551053488   -0.763355463996
-0.819584796267   0.570841563773   0.0492008714396
-0.559990691113   -0.816242863633   0.14197911215
0.121207436027   0.08881188822   0.988646148177
0.00239484772421   0.503672358059   -0.863891430454
0.487961825394   0.753473471159   0.440648364414
0.872861675664   -0.422601324927   -0.24396842901
0.674123715183   -0.725056583774   0.140890622708
0.735895876992   0.642944077144   -0.212320918806
0.0633598884665   0.246811394922   0.966989999913
-0.141758204856   -0.934453368517   0.326652325927
-0.95292788777   0.218163283958   0.210554930571
-0.268017314137   -0.281428214904   -0.921393110401
0.0452939722113   0.92430039591   0.378975331883
0.861221157972   -0.228370106682   0.454039350862
0.50621303926   0.305814311618   -0.806371846396
0.941771712911   0.048499326068   -0.332736909733
0.00298036782535   -0.990708535805   -0.135968902474
-0.336239725695   0.127059987421   -0.933165815589
0.817792654534   0.153008887673   0.554800368724
-0.559715872501   -0.0128595194664   0.828584784501
0.133915312466   -0.988141125209   0.0751250864685
0.151801184215   -0.699722689419   -0.698100671751
0.987389701576   0.0752534647065   0.139278432789
-0.0449217898976   -0.710440048514   0.702322551668
-0.453390988019   0.389116293985   -0.801888520378
-0.839996211928   0.114322074237   0.530411985575
0.29806551848   0.914067295252   0.275023571791
-0.230094167607   0.89918135311   0.372195668129
-0.176673246366   -0.414698731591   0.892643030684
0.956997014192   0.139634918372   0.254281011805
0.137833134052   0.74520357235   -0.652437530282
0.62725521906   -0.575467921317   -0.524775679033
-0.766520701173   -0.336912835758   -0.54675192895
-0.114171412558   0.432301667307   -0.894472013067
-0.916326823856   -0.393665394984   -0.0732989778061
-0.383809934209   0.811260042594   0.441074925965
0.949848128041   0.136087237593   0.281547148434
0.0371613043509   0.844839574149   -0.53372757982
-0.310495685133   0.517422801745   0.797412108762
-0.111817976888   -0.861287966071   -0.495660988802
-0.0075438680854   0.499510381318   -0.866275063325
0.993700088745   -0.0931259082448   -0.0623516920446
0.908718858818   -0.205364558078   0.363394322622
-0.0166196554669   0.85210415472   0.523108302588
-0.417077717554   -0.481397868161   0.770910026882
-0.958719919086   -0.242953439852   -0.14775420316
0.228700364331   -0.967591656514   0.107070530084
-0.168978761513   0.0688591397078   0.983211376268
0.163025700511   -0.108582215992   0.98062843591
0.311108243975   -0.937560633932   -0.155533938656
0.936287288964   0.330437661161   -0.119065266897
-0.346583996867   -0.24835356015   0.904544136181
0.864520843446   -0.458758514183   0.205290996558
0.363982549562   0.853147813208   0.373705146645
0.6130415737   0.532197837819   -0.583905512448
0.197964464415   -0.818972051407   -0.538605225059
-0.764846557732   0.214594918517   -0.607420296654
-0.353366551903   0.118291249909   0.927975904151
0.797055526116   0.557371686729   0.232463539443
-0.489729095296   0.821793154679   -0.291241208947
0.718912032738   -0.342799518802   -0.60469329936
0.492573644421   -0.362562899372   0.791150670676
-0.490445411033   -0.866623718114   -0.0917968297662
-0.989804359323   0.0180539430482   0.141274168302
-0.141205108036   -0.253844896159   -0.956881392361
0.0185863647209   -0.967075455547   0.2538079732
0.703980617305   0.637778786679   0.312489277297
0.296830234786   -0.663932362677   0.686356938525
0.645215577059   -0.390425735072   -0.656707561341
-0.523137344619   0.388830446708   0.758378739063
-0.839387780917   -0.0810683740913   -0.537453393028
-0.147497733529   -0.917735735462   0.36878934886
0.375839049263   0.867059190924   -0.327037229211
-0.43780390436   -0.144905486744   -0.887316237894
-0.816745205791   0.476666260751   0.325140775551
0.72398530231   0.663370428223   0.189168859479
0.556002614635   -0.723488450209   0.409175919382
0.408296797631   -0.191058931859   -0.892630677623
0.596898730408   -0.802290664826   0.00646255865704
-0.747404919777   -0.553099759088   0.368058686852
-0.291715548821   -0.224523941279   -0.929780539539
0.496991960906   -0.841254196579   0.21281541394
-0.790959141667   -0.338303258553   0.509837845733
-0.356907074582   -0.421713610719   -0.833531697354
0.614822192935   -0.705681864953   -0.352145949468
0.0467262819054   -0.413130402082   0.909472319762
-0.787280330523   -0.575618233998   -0.221027844904
-0.193668985973   -0.573152288099   -0.796234085641
0.328465179304   0.726879870455   -0.603122099019
0.924447343268   -0.378341241456   0.0474864944354
0.887668925664   0.448304411836   0.105199959586
0.333508876033   -0.468374442385   -0.818166972628
-0.317514892211   0.761346517573   -0.565274938507
-0.258780362743   0.773543191177   0.578501160882
0.638830375892   0.586276379359   -0.4981723973
-0.724519435623   0.240646874026   -0.645879701049
0.0964835968481   -0.0392045490866   0.994562170359
0.873390354174   -0.475898638138   -0.103487980584
0.477367988679   0.878625902316   -0.0116755311544
0.00619501729929   -0.749245950793   -0.6622628688
0.969442894841   0.16691872883   -0.179773733305
0.245238813839   -0.640912339376   0.727385243216
0.0606807196185   -0.511550430818   -0.857107931292
0.994773443179   -0.0396524467575   0.0940929273672
-0.0821197046992   -0.858337834983   0.506470645301
-0.390283904692   0.328091725461   0.860252491968
0.578241303317   0.814436131035   -0.0482782678405
-0.716460414393   0.478591282507   -0.507577501668
-0.0794404839732   -0.996781837783   -0.0107972399637
-0.952991556964   0.0727631900025   0.294132309898
-0.292399905746   0.0336554785509   -0.955705051697
0.454086642267   0.0631912223946   -0.888713790734
-0.226154705142   0.972987091527   -0.0463699214433
0.861776874702   0.222042765441   0.456111433333
-0.799766915203   -0.412039820078   -0.436542985736
-0.335624698522   -0.295994752376   0.894273021737
-0.497697351276   0.861737409153   0.0984520953308
-0.715741765137   -0.117514210962   -0.688415506817
-0.31968123021   -0.821279816863   0.472563087722
-0.620910147167   0.558303117534   0.550246585177
0.0701713442347   -0.239089156884   -0.968458771116
0.686130378943   -0.693149561553   0.220836704453
-0.724086403257   -0.679985383669   0.115407065689
-0.895209139046   0.431664758026   0.110754217356
-0.445040769279   -0.852988285769   -0.272672060465
-0.0232308773697   -0.293388608431   0.955710970562
0.49491110366   -0.86612094176   0.0699821904779
-0.551081903102   -0.250582873505   0.795937775774
-0.671842041564   -0.432484359341   -0.601319822356
-0.576335813572   -0.157510655274   -0.80189006829
-0.467496456851   -0.741284650916   0.481606077946
-0.670286767719   0.652447503603   0.353593000388
-0.349115382136   -0.894395723457   -0.279597434394
0.936708912735   -0.341474455223   -0.0772760947275
-0.0263599745859   -0.288879684083   0.957002444825
0.643882672617   0.370799990031   -0.66927008433
-0.543394683269   -0.394185015624   -0.741174940047
-0.538643942305   0.840907510343   -0.0523181332195
0.745398985192   -0.567371779345   0.349957197651
-0.498113864325   -0.822940491484   -0.273229860259
0.443016201004   0.0293469312358   -0.896034907634
-0.656492620281   -0.425803423085   -0.622663922372
-0.641445070662   -0.119253900193   0.757844130272
-0.396947271886   0.896923045391   -0.194840905631
-0.901147212011   0.220958787887   0.372966439952
0.0620107203112   -0.785796378654   0.615363463815
0.429047109117   0.577663168366   0.694422583744
0.576610857387   0.18464875933   0.795879860957
-0.341334469949   -0.830597430132   0.439998501289
0.742300947745   -0.525369143736   -0.415904508212
-0.46178524908   -0.462194459716   0.75705398681
0.429470492324   -0.863297202317   -0.265090797222
0.77608604791   0.202717330182   0.597156721994
0.750376008076   0.12401080047   0.649274343343
0.218817531218   0.880261968199   -0.421019901903
-0.623742526679   0.45799584183   0.633391724527
-0.650869189033   0.519372133306   -0.55373541013
-0.0605562871781   -0.762569071242   -0.644067104502
-0.756771599209   -0.38567095582   0.527783053731
-0.595739220634   -0.350025076265   0.722895086949
-0.524251241083   0.851332917849   -0.0198218727638
-0.608486234004   -0.390787303277   -0.690673490965
0.573876437923   0.55299505814   -0.604038284986
0.104646826527   -0.781054727137   -0.615631664377
-0.812228308885   0.290085797925   -0.50609804147
0.898415690274   0.434930065056   0.0607071961983
0.420345613142   -0.891714571919   0.167808995338
0.12711841201   -0.12524428895   -0.983951320304
0.678583237055   0.731120750806   -0.0706204934034
0.328243569038   -0.215829788516   0.919605199064
0.657100422868   -0.647209402358   -0.38644416493
0.228356227744   -0.194441570403   -0.953963274999
0.782469080327   0.619694864492   0.0609952756577
0.579306130366   -0.760375407953   0.293655692287
-0.23907848226   0.225802899489   -0.944380501798
-0.367177068105   0.87934441269   0.303206867913
0.898900707671   0.419245100955   -0.127322681179
-0.181908205677   0.0827253865504   -0.979853390503
0.0218242308551   -0.995909471097   -0.0881304649114
-0.983097075272   -0.0374137183129   0.179312067466
0.557036297365   -0.820078966165   -0.131076454305
0.382079663729   0.112926235341   0.917203774687
-0.737377568268   -0.560997435812   0.376239520228
0.198453483244   0.895456966508   -0.398463362783
0.307250466693   0.329217582618   0.89286782161
0.930705850989   -0.299620789135   -0.209795197363
-0.486779375026   -0.593996528942   0.640479769851
0.144462164085   -0.777858569329   -0.611610312226
0.86149689212   -0.205194089773   0.46445519091
0.180444645986   0.477915615192   -0.85967225702
0.782794237486   0.459425795935   0.419715518525
0.59554421036   -0.74868190808   -0.291208664262
0.221840642943   0.532950635288   -0.816547825363
0.353488977287   0.736492567539   0.576735850668
0.90875314233   -0.416584107781   -0.0250081903238
0.262777730376   0.258271854867   -0.929646816471
0.771658134212   -0.63466196896   0.0417997802477
-0.579216089466   -0.728353723617   -0.366072397916
0.945509153818   0.319851788356   -0.0608871902692
0.277018698528   -0.888519879891   -0.365776224008
-0.171093708591   0.328977869877   -0.928708602822
0.72994091317   0.610836330957   0.30670059115
0.0292238557407   -0.476194405603   0.878854324061
0.682885233465   -0.63254875974   -0.365444780937
0.600578682302   0.0299517921891   0.799004419818
0.395505711415   -0.879610207798   -0.264311876637
0.694895967021   0.474750909465   -0.540121176319
-0.743477565422   0.535526818933   -0.400565023439
-0.196198292671   0.397946074762   0.896183698423
0.639333670123   0.744882552869   -0.190794598201
-0.797530613914   -0.373557202371   -0.473707855877
0.348217107503   -0.926259847453   0.144175864046
-0.492634714779   -0.0499684929497   0.868800396435
0.022385947815   -0.964233595113   -0.264106841828
0.898608487865   -0.0963778915922   0.428035122023
-0.438179912116   -0.246910619869   0.864311001728
-0.616806875527   0.572454231596   0.540227041084
-0.644372207308   0.026917184477   -0.764238063849
-0.452032699745   -0.819494668998   0.352270997516
0.997837221264   -0.0649526655989   0.0101010479321
0.000710119368665   -0.143006329921   -0.98972153977
0.0657295646434   0.987588164057   -0.142650914771
-0.424573889912   -0.903993855993   0.0503121450424
-0.883296321909   0.401370587157   -0.242257961206
0.198805963981   -0.147297048144   -0.968905904107
0.115062032613   -0.988423830037   -0.098889053212
-5.33999525774e-05   0.0995440893361   -0.995033142727
0.993358298792   0.11449580862   0.0114009706803
0.384838506231   -0.338942756049   0.858497026987
-0.850916315905   0.23002964153   0.472258196056
-0.357548263245   -0.91225226146   -0.199887659618
0.453609671832   0.204711330203   -0.867370470466
0.455547330049   0.783242068698   0.423093949816
0.765973166524   -0.587047810295   0.262030477932
-0.437366181456   0.182734239772   0.880521933188
-0.887471731827   -0.245879560151   -0.38979102153
0.145274231782   -0.951919803803   0.269710975814
-0.795044989876   0.598806379061   0.0966156136696
-0.585054220933   -0.799107424142   0.138344049458
0.160047539741   0.0534643605389   0.985660361743
-0.618754928651   -0.73576393198   -0.275306854942
0.737155412922   -0.664931839739   0.120281494712
-0.27155906389   -0.128519170428   0.953802128438
0.0374607400466   -0.730122575701   0.682288579802
0.834193756639   -0.35307306841   -0.423627393937
0.550197653632   0.585030270123   0.595837326996
0.993457272227   0.0967322223009   0.0607085281182
-0.0810125239073   0.222228690295   0.97162306228
0.080496081816   -0.970184148166   0.228611229984
-0.759920767617   0.0876947303376   -0.644072766933
-0.0484569112697   0.980457773919   0.190668501918
0.648206774559   0.176102765863   -0.74082080476
0.714597584144   -0.584345970348   -0.384564683325
-0.360283408359   -0.778660134931   0.513696151774
-0.599621609337   -0.228533712227   -0.766958765419
0.047844212458   0.900586062959   -0.432036765564
0.870011562398   0.174915775343   0.460960337532
0.490704498541   -0.397931268799   -0.775151580293
-0.364612214323   0.847173541655   -0.386464986636
0.921162873377   0.388817004914   -0.0167455943155
0.136077758239   -0.362102809348   -0.922152248166
-0.973958713934   0.221820501141   -0.0469142451268
0.138548684768   0.418495640918   -0.897588944401
-0.179470173208   -0.880714094605   -0.438330657567
0.615138630441   0.724294017571   -0.311452475332
-0.779881645424   0.501011327767   -0.375196311805
-0.115711224221   0.473693813947   0.873055029301
-0.637751819685   0.207240960995   -0.741838190047
-0.363886677226   0.76779955288   0.527323759053
0.678866115124   0.606246686433   -0.414253351183
-0.819642620208   0.448827360918   -0.355989939924
0.40127161627   0.00632458669366   -0.915933953603
-0.40884707069   -0.89359270223   -0.1852805988
-0.97557211506   -0.126284361306   0.179749788758
0.19086523312   -0.0821705957991   0.978170604698
-0.108757479075   0.988584609024   0.104267359296
-0.615699082946   0.484158957235   0.621695138272
0.64081170582   0.766782534877   0.0374822164587
-0.458557628337   0.421467273932   -0.782362032909
0.931650471946   0.363138674021   -0.0125579093257
-0.358371110439   0.912615832152   -0.196729483078
-0.0599795370037   0.187783507635   0.980377381046
0.998349182047   -0.0479525032177   -0.0316143663747
-0.0109205555826   0.381907933813   -0.924135855195
0.0563884047645   0.922955521586   0.38075380536
-0.835311692375   -0.407679696741   0.368851581294
-0.541732778015   0.496005787147   -0.678604313634
0.0937007010768   -0.7666651695   -0.635172858906
-0.351226985744   -0.763852733609   0.541451007508
-0.400489229199   -0.400155931515   -0.824308326258
0.846314698838   -0.506364336027   -0.165369575753
0.390876762928   0.247407625804   -0.886569135324
0.379733900914   0.834063599389   0.400175060532
0.838461406096   -0.49307948778   0.232067016891
0.206740884354   -0.400945730033   0.892468910735
-0.942177988114   -0.327475714186   0.0711360859783
0.263740163367   -0.855571286091   -0.445464872075
0.0514885736984   -0.604355754304   -0.795049088702
0.998603580547   0.040582651808   0.0338222082252
0.0118245560006   -0.795680322171   0.605601359498
-0.998276784244   0.0579488458416   0.00626147477834
-0.00670663087377   -0.00747893718747   -0.999937898173
-0.0578990146989   -0.998279875769   0.00787796197884
-0.635998091541   -0.13505891776   0.759779881424
0.316793299557   0.852083201943   0.416648794521
-0.703667808586   0.505681027282   -0.499137525894
-0.80704018929   0.585382706145   0.077543881767
-0.0271621266065   -0.167982175569   0.98541569902
0.589871329301   0.793163897529   0.151468703983
-0.943880415506   -0.0140269217377   0.329986845462
0.238877303403   0.660975254006   0.711371248382
-0.22809144357   0.750276392119   -0.620530596471
-0.59516888377   0.18895199914   -0.781071005747
0.505216583801   -0.667872324074   -0.546537804439
-0.624924777433   -0.719892012908   0.30203451964
0.29309510021   -0.0911743225441   0.951726083865
0.754742425503   -0.589003587024   -0.288857613838
0.586906437983   0.802970792019   -0.103820964325
-0.207181841247   -0.824215540931   -0.527014682473
-0.249022418902   0.565389602682   -0.786334820309
0.946077992736   -0.0316758083494   -0.32238661306
0.954491272035   -0.168376478412   0.246162087104
-0.170593473175   0.368785138722   0.913726101395
-0.244630902627   -0.914137234215   0.323278267913
0.99416664754   -0.0588887228783   0.0903592572535
0.0722122856264   0.98572471853   -0.152092621167
-0.0801128133213   0.15773045973   0.984227128045
0.894687306864   -0.369944002869   -0.250351809652
-0.16073044801   -0.789533464404   0.592285520263
-0.416773699911   -0.489671164326   -0.765846816456
0.838565380754   -0.544466791849   0.0190790799435
0.544314505358   0.838782292321   0.0128833949611
-0.0230177751754   -0.000418548904308   0.999734968298
