-0.187773017802   -0.857130400357   0.479654861766
0.694447346511   0.229496714458   0.68196345302
-0.694610820931   0.461149373974   0.552138631418
0.789647349831   0.214483398927   -0.574851227715
0.276165787114   0.712392690871   0.645158206458
0.547895537898   -0.668201709753   0.503306023699
0.955860659163   -0.151692090916   0.251634478006
0.0444498598702   0.921221863828   0.386489959531
-0.290438652602   -0.358245430417   0.887302430097
-0.645622451241   0.726701023731   -0.23468436944
0.268036755475   -0.0721228679064   -0.960705080299
-0.715071624989   -0.683157065182   -0.148218194188
0.562347502824   -0.73893917424   0.371125544105
0.547310880596   0.669049296078   0.502815900008
-0.619851653781   -0.0796362109383   0.780667659456
0.233423947139   -0.952406221948   -0.196050218787
-0.782488876901   -0.0642904134746   -0.619336705189
0.57725597218   0.297975142021   -0.760254198838
0.947143089021   -0.183892187227   0.262875638163
-0.0872384500994   -0.936164553762   -0.340564584382
0.308722189819   0.299630517117   -0.902724231165
-0.994031056024   0.0883960090227   0.0638984658564
-0.10313193131   -0.571012334636   -0.814435062392
-0.0355059585725   -0.816165921672   0.576724692368
-0.98974014603   -0.00919307492179   -0.142594579407
-0.0145521872069   0.999224561333   0.0365856687207
0.142147671632   0.0382853063423   -0.989106443761
-0.860625554819   -0.283186785344   -0.423235233011
-0.504166505698   0.35683012665   0.786440147804
-0.0716864867825   0.890211893962   -0.449870180829
0.886643872045   0.0185449546853   -0.462080866118
-0.455072783428   0.212784329947   -0.864656912829
0.0822885408801   0.976923180078   0.197103227219
0.241415152599   0.625672466011   0.741790177125
-0.357962661533   0.76790933425   -0.531204273739
-0.901987491351   -0.137292435207   0.409352336221
-0.49486614616   0.764814180088   0.412511873773
0.82568613882   0.265903818288   0.497531109938
0.270830530456   0.586816900858   -0.763083152677
-0.819279896839   0.571337897343   0.0485132571157
-0.560586076217   -0.815890341898   0.141655495565
0.120514647275   0.0888596383738   0.988726547103
0.00243207866727   0.502809576918   -0.864393772858
0.488117687632   0.753828346788   0.439868095813
0.872774420006   -0.422995683255   -0.243596878162
0.67329661861   -0.725660338977   0.141734750525
0.736705407521   0.642158669071   -0.211890042996
0.0627440005099   0.247081606412   0.966961152553
-0.141149143583   -0.934523247428   0.326715797816
-0.952846668906   0.217790851414   0.211306332075
-0.268626391258   -0.281484352029   -0.921198355478
0.0446107549801   0.924356961967   0.378917270724
0.861089134933   -0.227885637101   0.454531681752
0.506497376983   0.306002867437   -0.806120718179
0.941876604051   0.0490662593359   -0.332356827289
0.00361407971588   -0.990701654368   -0.136016353759
-0.335939722091   0.126909464804   -0.933296134336
0.817879616745   0.153229302513   0.55461132043
-0.559544095052   -0.012839064389   0.828701142115
0.134101982051   -0.988107260424   0.0752377398371
0.151015924871   -0.699932548549   -0.698060608423
0.987507667992   0.0746882460685   0.13874532868
-0.0449754511475   -0.710292959317   0.702467877576
-0.452894057127   0.389356754302   -0.802052540561
-0.840050943614   0.115001822771   0.530178257688
0.298665987472   0.913879582151   0.274995874022
-0.229561866852   0.899424444194   0.371936759535
-0.176768590455   -0.414315231689   0.892802149983
0.957107177559   0.139206618996   0.254101019734
0.137609091483   0.745349924964   -0.652319779534
0.627342145842   -0.575237201614   -0.524929574543
-0.766491642136   -0.336990675741   -0.546749287647
-0.113388902787   0.432315075525   -0.894565047729
-0.916320806614   -0.393540781764   -0.0740393339177
-0.384056152809   0.811313329778   0.440762462792
0.949935424218   0.13549317155   0.281539145933
0.0375627811621   0.845020339049   -0.533413221946
-0.310180153622   0.517283508667   0.797625253885
-0.112275113721   -0.861475306066   -0.495231854013
-0.00744620660943   0.499098468578   -0.866513283036
0.993649257132   -0.0936002815578   -0.0624510587896
0.90863753379   -0.206211220256   0.36311811346
-0.0158865896676   0.851865599111   0.523519451883
-0.417283414421   -0.481458132003   0.770761064084
-0.958815289842   -0.24258872721   -0.147727339605
0.228334026004   -0.967676964318   0.107071378679
-0.168926700095   0.0689305229496   0.983215311114
0.162341291602   -0.108156430117   0.980789370414
0.311690194019   -0.937461612048   -0.154969793444
0.93621302354   0.330860394353   -0.118477724376
-0.346827598417   -0.248311317596   0.904462326325
0.864610218372   -0.458409370575   0.205693976341
0.363537866629   0.853347719966   0.373681529112
0.612882911522   0.53258913053   -0.583715157271
0.198061488996   -0.818678892006   -0.539014526158
-0.764948503734   0.214741311521   -0.607239722361
-0.353673660489   0.118470308207   0.927836000954
0.796873916708   0.557592086358   0.232557517364
-0.489802837337   0.821617809012   -0.291611517238
0.718508430678   -0.343272624404   -0.604904575954
0.492603691428   -0.362823153613   0.791012635585
-0.491006358276   -0.866327473764   -0.0915941382961
-0.989745235782   0.0187959145341   0.141621404033
-0.141731821414   -0.253699881868   -0.956844789678
0.0179443384368   -0.967102152998   0.253758751998
0.703445863155   0.638202943179   0.312827350709
0.297223188255   -0.663948188307   0.686171516693
0.64561778507   -0.38970498749   -0.656740335521
-0.523168577283   0.388780043133   0.758382956119
-0.839367851011   -0.0810468074058   -0.537487691797
-0.147499968676   -0.917758947767   0.368730618509
0.375762106502   0.86711027017   -0.326990208441
-0.437677812668   -0.144962280871   -0.887369161387
-0.81684818011   0.476556057195   0.325043613883
0.723829601998   0.663512288132   0.189267592937
0.555864153901   -0.723275176685   0.409741996902
0.408761324794   -0.191376344187   -0.89235069368
0.596786305873   -0.802381685538   0.00544574735759
-0.747342696947   -0.553353578193   0.367802125997
-0.292104294337   -0.223569097333   -0.929887927986
0.497452600883   -0.841139085881   0.212193075812
-0.790658720128   -0.338977599846   0.50985571565
-0.356930877769   -0.421401353461   -0.833679241412
0.614576627653   -0.705562438708   -0.352813272688
0.0470137261937   -0.413691441696   0.909202436012
-0.787454931948   -0.575361629921   -0.221073965489
-0.193961675032   -0.573509575176   -0.795905526354
0.328336058808   0.726571144969   -0.603564244437
0.924431864545   -0.378392827439   0.0473769235276
0.887505651973   0.448517572311   0.105667921536
0.333881508736   -0.467883861884   -0.818295722779
-0.317579691477   0.761522645179   -0.565001295942
-0.258691195244   0.773277185628   0.578896647649
0.638777635762   0.586497353248   -0.497979928652
-0.724597865386   0.240963216027   -0.64567387447
0.0961522327823   -0.0388270237919   0.99460906112
0.873329777879   -0.476112568951   -0.103013972216
0.477545622228   0.878526744969   -0.0118704709012
0.00572875523398   -0.749574124917   -0.661895625946
0.969369709388   0.166689463495   -0.180380140733
0.245539314392   -0.640588213992   0.727569369276
0.0599458468369   -0.511685959103   -0.857078738268
0.994848676918   -0.0396909201952   0.0932776961495
-0.0817471367677   -0.858255263789   0.506670802374
-0.39061584837   0.327993575459   0.860139179649
0.578735206252   0.814123704373   -0.0476250598044
-0.715880405483   0.479189732501   -0.507831049398
-0.078998734199   -0.996817419081   -0.0107466141284
-0.952920386343   0.07234409875   0.294465870863
-0.292751078546   0.0335029077585   -0.955602762062
0.454024690073   0.0622681758913   -0.888810578353
-0.225915904382   0.973000876353   -0.0472366195339
0.861872133248   0.222243038921   0.455833792885
-0.799571266684   -0.412195076403   -0.436762511067
-0.335530211386   -0.296550782157   0.894126975878
-0.49808207088   0.86147477661   0.0988214861341
-0.715817828377   -0.117219325617   -0.688374212355
-0.319864210203   -0.821254433246   0.472464073148
-0.620714357466   0.558386105743   0.550379165372
0.0701750672689   -0.238346238512   -0.968641595371
0.686213235479   -0.693240095765   0.220294309622
-0.724007503516   -0.680153848762   0.114908164018
-0.886850233364   0.446752439862   0.117935140819
-0.462043721551   -0.855534974657   -0.233613541144
-0.00346977499634   -0.261671444195   0.96515077155
0.495164594047   -0.866002854384   0.0696496771134
-0.551126834429   -0.251125927837   0.795735491301
-0.671618369087   -0.432405846333   -0.601626079323
-0.576045398152   -0.157153284866   -0.802170195205
-0.467884829957   -0.741293049259   0.481218389673
-0.67026708327   0.652526013059   0.353486712296
-0.349178439128   -0.894412449365   -0.279465027524
0.93669427299   -0.341447520503   -0.0775715394052
-0.0260416999439   -0.288859611574   0.9570172161
0.643809815697   0.371054330863   -0.66919923579
-0.543358704053   -0.394085543308   -0.741254309873
-0.538767345303   0.840842028399   -0.0521005528293
0.745225541345   -0.567217627119   0.350576098518
-0.497903713535   -0.823056342355   -0.27326552653
0.443544055776   0.0290915696952   -0.89578256587
-0.656116503294   -0.426441935104   -0.622621400198
-0.641618547243   -0.119113045287   0.757718315146
-0.397285504182   0.896637430213   -0.19546054216
-0.901208489348   0.221300432975   0.372628395259
0.0615712651559   -0.785703994167   0.61553277912
0.428992752731   0.577665769481   0.694455099845
0.576601991044   0.185085322542   0.795784834635
-0.340906012969   -0.830662455062   0.440207562626
0.742504659903   -0.525112398683   -0.415864862492
-0.462239323224   -0.462105590625   0.756830864914
0.429430078941   -0.863380141959   -0.264885238852
0.775837832458   0.202565558706   0.597530565734
0.749899968601   0.123804539672   0.649863426483
0.219351761273   0.880229883386   -0.420808931981
-0.624127264225   0.458113292064   0.632927618082
-0.65132479666   0.519279354756   -0.553285107502
-0.060873544271   -0.762566914432   -0.644038449722
-0.756353006253   -0.385797958571   0.528289605952
-0.595628216283   -0.349936081823   0.723029559658
-0.524392409977   0.851241728363   -0.0200029537401
-0.608473175957   -0.391065539824   -0.690527417196
0.573819367208   0.553506092332   -0.603624444331
0.105182760559   -0.780746179357   -0.615932248253
-0.812199514236   0.289943017346   -0.506226684422
0.898102089908   0.435640505016   0.0602496479024
0.421104332864   -0.891347833179   0.167841605102
0.126821963893   -0.125367515529   -0.983971457574
0.678127026706   0.731519699693   -0.0708707893054
0.328571797013   -0.215500851508   0.919565099888
0.657407266482   -0.646868091411   -0.386493694941
0.228275183238   -0.19498562881   -0.953871608078
0.782448410306   0.619763423441   0.0605622315362
0.579365968407   -0.76018017814   0.294042804512
-0.238391093343   0.225042329234   -0.944735758049
-0.368081225949   0.879269024465   0.302327959784
0.898713476914   0.419811784275   -0.126776049138
-0.182085826293   0.0826916575349   -0.97980798543
0.0219764757818   -0.995880680304   -0.088131434271
-0.983045590525   -0.0375793157014   0.179501686445
0.55695935532   -0.820007023961   -0.131851331738
0.382631482929   0.112435644414   0.917034027286
-0.737149537949   -0.56120115786   0.37638257445
0.198453131973   0.895390808669   -0.398612161364
0.307004004803   0.329445378355   0.892868570716
0.930787245546   -0.29956809458   -0.209509097145
-0.486975932625   -0.593481915894   0.640807221042
0.144220692215   -0.778247364154   -0.611172411624
0.861426184284   -0.20520852882   0.464579890249
0.180222464439   0.477871831527   -0.859743193131
0.782645698658   0.459770137176   0.419615442517
0.595806643027   -0.748498444794   -0.291143425509
0.221568153308   0.532832715909   -0.816698735569
0.353619341056   0.736604270669   0.576513227425
0.908768886711   -0.416537437239   -0.0252119056484
0.262532981473   0.258468043808   -0.929661563843
0.771669667963   -0.634670430536   0.0414631078098
-0.579311899155   -0.728277101174   -0.366073814892
0.945408105943   0.320228857054   -0.0604729380379
0.277527314676   -0.888397956406   -0.36568716682
-0.170827652134   0.32894071423   -0.928770881973
0.729785253099   0.61121727063   0.306311791947
0.0297847008576   -0.476034610553   0.878921964557
0.683027332832   -0.632300874798   -0.365607949241
0.600382291876   0.0302047905875   0.799142555321
0.396307731922   -0.879190191049   -0.2645090213
0.694608763779   0.475512892944   -0.539820659715
-0.743506935649   0.535545425547   -0.400485170054
-0.196031762229   0.39802133233   0.896186649723
0.639350312782   0.744828879756   -0.190947653835
-0.797859317378   -0.372919760619   -0.473657415512
0.347781099405   -0.92650839909   0.143633135902
-0.492411212328   -0.0501300605662   0.868917817714
0.0224035122774   -0.963979238535   -0.265032224521
0.898379450773   -0.0969027258338   0.4283972341
-0.438648395404   -0.247697104198   0.863848207479
-0.616655021731   0.572543966786   0.540305396061
-0.644520354255   0.0269112388773   -0.764113379339
-0.45202879097   -0.819432211736   0.352421331307
0.997860434263   -0.0645515001224   0.0103758144639
0.00101587422343   -0.143372546315   -0.989668257488
0.0653721782826   0.987561337696   -0.143000215099
-0.42400749323   -0.904250530379   0.0504680859075
-0.883565572874   0.400789557523   -0.242237357363
0.198816316776   -0.147302536234   -0.968902383051
0.115290848575   -0.988439054772   -0.0984696461112
0.000376684454853   0.0991741598844   -0.995070027878
0.993331714138   0.114685383867   0.0118061954802
0.385284224593   -0.339198269975   0.858196127845
-0.850798019302   0.229564732869   0.472697319812
-0.357349675464   -0.912274388247   -0.200141545233
0.454114111079   0.204204269436   -0.86722602448
0.455683939841   0.783195994409   0.423032121923
0.765592912821   -0.587285829518   0.262607747072
-0.437272019057   0.182643639358   0.880587502862
-0.887506110159   -0.245887332594   -0.389707851529
0.145347699071   -0.951935190081   0.269617086073
-0.795008171591   0.598874084078   0.0964974743485
-0.585046657003   -0.799025175772   0.138849204085
0.160257106757   0.0539307311686   0.985600900649
-0.619052393761   -0.735541580382   -0.275232322035
0.736796976861   -0.665259906559   0.120663120492
-0.271853751955   -0.128093548969   0.953775436625
0.0375658477447   -0.730137469955   0.682266852915
0.834141430669   -0.353050042609   -0.42374958179
0.55026980406   0.585025563025   0.595775312925
0.993475753134   0.0964494410948   0.0608558399103
-0.0810869347258   0.22217429463   0.971629297789
0.0801924993716   -0.970224761907   0.228545564215
-0.759955500423   0.0870021317162   -0.644125799794
-0.04936052896   0.980414081576   0.190661386689
0.648097951751   0.176688582739   -0.740776600316
0.714630018914   -0.584212082852   -0.384707970084
-0.359631973732   -0.778574468772   0.51428291225
-0.599974018992   -0.229168742661   -0.766494054672
0.0474666997311   0.900395311995   -0.432475734098
0.86978713481   0.175627597356   0.461113157816
0.491138797658   -0.398049351625   -0.774815796261
-0.364488909205   0.847131790157   -0.38667324342
0.921176852222   0.388792421371   -0.0165512269643
0.136314614041   -0.362227092153   -0.922068733867
-0.974067563596   0.221409399523   -0.0465480461423
0.138033751859   0.418550637559   -0.897641913476
-0.179263845057   -0.880790667119   -0.438257568471
0.615427371108   0.723954732477   -0.311670810688
-0.77962810272   0.500988962797   -0.375752682006
-0.1158842973   0.474235808337   0.872737776812
-0.637595385982   0.207298785958   -0.741956410143
-0.364060341802   0.767702611117   0.527345015347
0.67891985443   0.606349660694   -0.414014372642
-0.8199122235   0.448569827718   -0.355691114886
0.400903665466   0.00638088401509   -0.916094154463
-0.408665279372   -0.893721074209   -0.185059287609
-0.975644418807   -0.126194387057   0.179427679658
0.190506235382   -0.0819302150274   0.978261494736
-0.108750585436   0.988616788487   0.103974837478
-0.616192594724   0.48361160031   0.621632284803
0.64016278258   0.767318143132   0.0376099262795
-0.458801143485   0.4211207841   -0.78240590927
0.931768695294   0.36283922709   -0.0124416176775
-0.358085239758   0.912831131047   -0.196250572947
-0.0598503102163   0.187315299961   0.98047484353
0.998354339778   -0.0479281173182   -0.0314882175357
-0.01083018641   0.381627834313   -0.924252623956
0.0563144682615   0.923072641452   0.380480734117
-0.835019963021   -0.407989680868   0.369169652649
-0.542138129574   0.495501380297   -0.678649152389
0.0939577596269   -0.766826475731   -0.634940335669
-0.351447317505   -0.763304273629   0.542081060653
-0.400502453589   -0.400781613401   -0.823997820988
0.846216919665   -0.506696368828   -0.164851909502
0.390356957557   0.246772758347   -0.88697498724
0.380021415335   0.834318542151   0.399369863336
0.838573280124   -0.492966296609   0.231903114994
0.207223835115   -0.400894316115   0.89237995554
-0.94199675528   -0.327933924462   0.0714239443664
0.264008239995   -0.855419788229   -0.44559685157
0.0514645976457   -0.604459338133   -0.79497189616
0.998610086497   0.0402112375275   0.0340729161608
0.0113711163296   -0.79562049811   0.605688637559
-0.998272411894   0.0580483775466   0.00706236158944
-0.00751089929874   -0.00750416755294   -0.999935391234
-0.0579920466851   -0.998277309226   0.00794367563981
-0.636614821799   -0.135069398497   0.759261378456
0.316374333288   0.852135370985   0.416860398776
-0.703298559975   0.505590316779   -0.499749517718
-0.806839025357   0.58570193771   0.0772255090337
-0.0275445143535   -0.167873423112   0.985423590743
0.59012866293   0.792951192462   0.151579850487
-0.944018369153   -0.0140845953672   0.329589555919
0.238517728523   0.661054912568   0.711417883537
-0.227896784484   0.750205129287   -0.620688270752
-0.595363142336   0.189037677913   -0.780903008563
0.505072263151   -0.667823415233   -0.546732119674
-0.62485739289   -0.719915799255   0.30211813218
0.292913849407   -0.0911714983536   0.951782138856
0.754926827793   -0.588827316845   -0.288734977351
0.586759717973   0.803100342645   -0.103647870302
-0.20706610013   -0.824001142842   -0.527395274281
-0.248965391976   0.565713187598   -0.786120113756
0.94611832893   -0.0314756453292   -0.322287794839
0.954478582595   -0.168672407145   0.246008645113
-0.170319745416   0.368884617528   0.913737002581
-0.244871024672   -0.914042528897   0.323364225435
0.994094890655   -0.0594043192796   0.0908101061469
0.0728617998429   0.98555080002   -0.152907746953
-0.0804145922774   0.158621397691   0.984059320344
0.894786734675   -0.369413490483   -0.250779566112
-0.15961639125   -0.789202437366   0.593028187675
-0.416988399568   -0.490605235176   -0.76513233139
0.838360428457   -0.544782222974   0.0190819403982
0.544638930095   0.838577558551   0.0124945204348
-0.0228084796215   -8.21438610788e-05   0.999739849415
