-0.187958974853   -0.857108070799   0.479621946509
0.694346532873   0.229419855109   0.682091961296
-0.694661319558   0.461229125651   0.552008475607
0.789642242655   0.214389118522   -0.574893417034
0.276362049549   0.712266087733   0.645213954197
0.547803936329   -0.668366916432   0.50318637467
0.955899510045   -0.15161506996   0.251533292885
0.0443878008381   0.921189970287   0.386573100575
-0.290320254211   -0.358360027782   0.887294900765
-0.645565815026   0.726839694667   -0.234410990363
0.267752233434   -0.0720488405137   -0.960790036784
-0.715229470616   -0.683017431365   -0.148100528481
0.562212398837   -0.739209839264   0.370791101772
0.547447792133   0.668723514351   0.503100172005
-0.619853323382   -0.0798603889129   0.780643439924
0.233520592134   -0.952426262475   -0.195837517089
-0.782276399708   -0.0644018283565   -0.619593430267
0.577504764491   0.297886889472   -0.760099740019
0.947143915446   -0.183721653333   0.262991961196
-0.0870095036532   -0.93616306478   -0.34062968124
0.30878433223   0.299742535461   -0.902666692075
-0.994016173436   0.0885800438549   0.0640456025639
-0.103363802788   -0.571130403664   -0.81433342137
-0.03555541661   -0.816073876997   0.576855894754
-0.989716320796   -0.00975130483159   -0.14272320158
-0.0150886996056   0.999224751683   0.0363624544258
0.142257974677   0.0381419585462   -0.989096180584
-0.8605091369   -0.283297627657   -0.423398617933
-0.504359244793   0.356733814216   0.786360417961
-0.0717334489327   0.890215372204   -0.449856458675
0.886693692039   0.0184311793786   -0.46198981809
-0.454961363073   0.212787227505   -0.8647148553
0.0823678244411   0.976924723043   0.197062565192
0.241558265508   0.625433329489   0.741945245781
-0.357801761482   0.768120608048   -0.531007183412
-0.902013024769   -0.137200144747   0.409327030604
-0.495051443282   0.764699112912   0.412498709799
0.825540256044   0.265941683293   0.497751212257
0.270930257679   0.586948251861   -0.762944068674
-0.819127083859   0.571586386643   0.0481699725673
-0.560883863487   -0.815713879611   0.141494453857
0.120169194607   0.0888841459253   0.988766391268
0.00245040411043   0.502377679118   -0.864644816122
0.488196661243   0.75400519599   0.439477170213
0.872730204859   -0.423193609015   -0.243411488196
0.672881393246   -0.725962891551   0.142156657067
0.737110779314   0.641764493729   -0.211674368932
0.0624366404981   0.247216948316   0.966946455
-0.140845274777   -0.934557974277   0.3267477207
-0.952805936275   0.217605031303   0.211681239884
-0.268930340547   -0.281512863356   -0.921101026179
0.0391414880327   0.92449542033   0.379177313506
0.862318835133   -0.222972632832   0.45463007681
0.50484992212   0.309177130385   -0.805937151698
0.941929240273   0.0493499443384   -0.332165122138
0.00393148441628   -0.99069181931   -0.136039289982
-0.335788071261   0.126833465546   -0.933355391695
0.817923196669   0.153339563553   0.554516563775
-0.5594580633   -0.0128282251884   0.828759370869
0.134195069434   -0.988090278084   0.0752945545994
0.150621874004   -0.700037233248   -0.698040752433
0.987566598043   0.0744042931486   0.138478091123
-0.0450026045964   -0.71021957123   0.702540330043
-0.452645431293   0.389476678633   -0.802134680564
-0.840078361965   0.115341285588   0.53006107478
0.298965674822   0.913785704659   0.274982215683
-0.229295345789   0.89954574124   0.371807956284
-0.176815646729   -0.414124030558   0.892881612995
0.957162433451   0.1389921119   0.254010434238
0.137500707925   0.745420441787   -0.652257970615
0.627383217971   -0.575115525057   -0.525004537372
-0.766474000259   -0.337027938632   -0.546742313301
-0.112998000371   0.432321985464   -0.894611161147
-0.916317711372   -0.393478218946   -0.0744090993047
-0.384178709183   0.811339979982   0.440606564475
0.949979466096   0.135196218082   0.281533295085
0.0377621704721   0.84511113343   -0.533255276098
-0.310021018813   0.517212870703   0.797732920703
-0.112504421727   -0.861568701681   -0.495017308752
-0.0073983867133   0.498892650499   -0.866632212084
0.993623685081   -0.0938376226834   -0.0625018497108
0.908596628729   -0.206635018632   0.362979524851
-0.0155199214891   0.851745442109   0.52372591504
-0.417386270046   -0.48148901454   0.770686077962
-0.958862745934   -0.242405586698   -0.147710246126
0.228150419138   -0.967718798244   0.107071233255
-0.168896925728   0.068966617149   0.983217882592
0.161998017576   -0.107943176849   0.980869378873
0.311981350558   -0.937410932607   -0.154686705914
0.936175253221   0.331071911606   -0.118182282132
-0.346949641402   -0.248290402908   0.904421223123
0.864654855709   -0.458234483689   0.205895748085
0.36331508847   0.853447686976   0.373669851596
0.612803512272   0.532785146511   -0.583619538173
0.198109879172   -0.818531715186   -0.539219753192
-0.764999512061   0.214814929917   -0.607149050938
-0.353827484384   0.118560201556   0.927765960466
0.796783014268   0.557702503939   0.232604328979
-0.489839797247   0.82152992903   -0.291797245069
0.718306486872   -0.343509195619   -0.605010104901
0.492618651814   -0.362953142299   0.790943675459
-0.491286737449   -0.866179234563   -0.0914925632368
-0.989709964616   0.0191654179018   0.141794953381
-0.141994684212   -0.253624192124   -0.95682370817
0.0176247468936   -0.967112602346   0.253736445263
0.703178393397   0.638415087261   0.312995645983
0.297419119873   -0.663954670932   0.686080015246
0.645818833095   -0.389345728811   -0.65675540706
-0.523183502446   0.388754902189   0.758385503213
-0.839358421261   -0.0810363810096   -0.537503944864
-0.147500461419   -0.917770492067   0.368701648668
0.375723735861   0.867136013083   -0.326966064858
-0.437614608236   -0.144990081035   -0.887395812592
-0.816899704623   0.476500795761   0.324995173108
0.72375112973   0.663583731938   0.189316839615
0.555794930745   -0.723166971771   0.410025739396
0.408994168678   -0.191535225784   -0.892209374106
0.596730415711   -0.802426653407   0.00493607233778
-0.747311192058   -0.553481891828   0.367673926757
-0.292299300604   -0.223091013028   -0.929941901219
0.497683492761   -0.841081171389   0.211881357155
-0.790508299227   -0.339316103903   0.50986418913
-0.356942397633   -0.421244971055   -0.833753670874
0.614454027707   -0.705501878626   -0.353147733893
0.0471573378968   -0.413973131407   0.909066741098
-0.787542004074   -0.575233216654   -0.221097848623
-0.194107565478   -0.573689746418   -0.795740142596
0.328272325239   0.726415284959   -0.603786489539
0.924423917997   -0.37841897326   0.0473237544708
0.88742305985   0.448625475205   0.105903233565
0.334069073237   -0.467636302061   -0.818360636107
-0.317613233649   0.761611094602   -0.564863134739
-0.258644763506   0.773144191527   0.579094955472
0.638752049231   0.586606953533   -0.497883629885
-0.724636962863   0.241123098049   -0.645570253688
0.0959862860147   -0.038637982437   0.994632531385
0.873299042007   -0.476220497842   -0.102776642786
0.477635372857   0.878476727857   -0.011968224726
0.00549656076818   -0.749737485888   -0.661712526308
0.969332769869   0.166576016353   -0.180683128969
0.245690346731   -0.640426509515   0.727660726743
0.0595778137831   -0.511753959636   -0.857063839644
0.99488623621   -0.0397092116683   0.0928688202768
-0.0815592878165   -0.858213915977   0.506771138222
-0.390782482811   0.32794541989   0.860081930742
0.578982987744   0.813966584735   -0.0472980851175
-0.715589146032   0.479489531195   -0.507958703787
-0.0787769855872   -0.996834824797   -0.0107201774025
-0.952884505507   0.0721348159164   0.294632032591
-0.292926115764   0.0334252529619   -0.95555103201
0.453994031412   0.0618062666382   -0.888858480931
-0.225795047847   0.973007808366   -0.0476697067634
0.86191995573   0.222341606496   0.455695286599
-0.799467460274   -0.412270160543   -0.436872723165
-0.335483493434   -0.296825565764   0.894050178406
-0.498272302213   0.861340937493   0.099009211394
-0.715869348116   -0.117073034037   -0.688357987387
-0.319958117891   -0.821254770808   0.472419160065
-0.620620348437   0.558432596382   0.550442089301
0.0701759576609   -0.237976954933   -0.96873227008
0.686254619006   -0.693284833575   0.220024017883
-0.723968120891   -0.68023741405   0.114660944123
-0.886763415331   0.446920444849   0.117951556854
-0.462210456249   -0.855472861067   -0.233511219953
-0.00345657668109   -0.26158767495   0.965173526812
0.495291521849   -0.865943689987   0.0694828551419
-0.551149507209   -0.25139835042   0.795633817743
-0.671506189167   -0.432366137673   -0.601779914622
-0.575899686784   -0.156974326615   -0.80231009784
-0.468079265003   -0.741296566983   0.481024308568
-0.670256841805   0.652565433151   0.353433591675
-0.349209523489   -0.894421179298   -0.279398407575
0.936687152382   -0.341433616447   -0.0777191836514
-0.0258823239922   -0.288849176852   0.957024690681
0.643773288054   0.371181556566   -0.669163814166
-0.543340346233   -0.394036381707   -0.741293879507
-0.538829496481   0.840808896067   -0.0519921860491
0.745138466802   -0.567140173894   0.350885705608
-0.497798335534   -0.823112253454   -0.273283147693
0.443808035511   0.028963508576   -0.895654069298
-0.655929855257   -0.426761803601   -0.622600545502
-0.641705898021   -0.119043915986   0.757656120514
-0.397455175734   0.896495186543   -0.195771609128
-0.901251563796   0.221472372621   0.372462234874
0.0613526267402   -0.785669409335   0.615621610711
0.428968511005   0.577671273778   0.694468962799
0.576597121627   0.185303959407   0.795737507552
-0.340691459022   -0.830695207595   0.440312060796
0.742606940478   -0.524983641423   -0.415844968534
-0.462468238531   -0.462060899982   0.756718302237
0.429408936253   -0.863422220823   -0.264782358793
0.775713110434   0.202488164517   0.597718697115
0.74966177889   0.123701124676   0.650157860453
0.219619541653   0.880213449934   -0.420703621139
-0.624319204157   0.458172796736   0.632695196409
-0.651554294153   0.519232991442   -0.553058492398
-0.0610324374289   -0.762565784604   -0.644024869135
-0.756142603612   -0.385862787893   0.528543428607
-0.595572188668   -0.349891736055   0.723097117341
-0.524462981963   0.851196127486   -0.0200928787164
-0.608467130267   -0.391204443055   -0.690454002198
0.57379069433   0.55376124892   -0.603417433851
0.105450903508   -0.780591273208   -0.616081873409
-0.812184847944   0.289871086844   -0.506290535023
0.89794473932   0.435996065013   0.0600204720533
0.42148412215   -0.891162672869   0.167857559993
0.126673440579   -0.125429091379   -0.983980242776
0.677896951617   0.731720921171   -0.0709944228689
0.328735050333   -0.215336038124   0.919545336325
0.657562910481   -0.646695331972   -0.386517955693
0.228234035357   -0.195259054475   -0.953825533654
0.782438183852   0.619797599263   0.060344305348
0.579396009181   -0.760082132656   0.294237040817
-0.238046126369   0.224661600859   -0.944913323796
-0.368534388869   0.879230537186   0.301887503897
0.898619178856   0.420096210276   -0.126501896162
-0.182170981811   0.0826738185759   -0.979780966851
0.0220491930421   -0.995858078239   -0.0881303799813
-0.983015532109   -0.0376586047475   0.179601560182
0.556920647593   -0.819970919921   -0.132238731734
0.382907585071   0.112190560758   0.9169487762
-0.73703539466   -0.561302919433   0.376454325003
0.198452601814   0.895357162457   -0.398687945211
0.306882084112   0.329560334505   0.89286804171
0.930827541744   -0.299542159125   -0.209366959844
-0.487074261883   -0.593223644105   0.640971826402
0.144100072178   -0.778442789011   -0.610952211114
0.86139093527   -0.205214870664   0.464642547954
0.180111065012   0.477848968943   -0.859779224739
0.782572321137   0.459941745691   0.419564200819
0.59593666996   -0.748407589017   -0.291110776943
0.221432956302   0.532773004124   -0.816774359357
0.353685305664   0.736659917584   0.576401651931
0.908776172984   -0.416515408921   -0.0253131992829
0.262410684265   0.258566422959   -0.929668732605
0.771675272484   -0.63467459876   0.0412945327804
-0.579359837493   -0.728238538887   -0.366074652444
0.945357152812   0.320418156944   -0.0602663291426
0.277782000861   -0.888336152144   -0.365643373543
-0.170695593748   0.328922667688   -0.928801328659
0.729707814387   0.611407377834   0.306116872721
0.0300651389008   -0.475954405392   0.878955958938
0.683097803288   -0.632177592659   -0.365689707777
0.600283753815   0.030331770099   0.799211728961
0.396709764517   -0.878979052053   -0.264607515874
0.694464373977   0.475894692598   -0.539669744169
-0.743521810223   0.535554662381   -0.400445470919
-0.195947974886   0.398059824538   0.89618791881
0.63935886849   0.744801717428   -0.191025327613
-0.798023892138   -0.372600713463   -0.473631854542
0.34756284049   -0.926632701358   0.143361453373
-0.492299194821   -0.0502109821553   0.8689766399
0.0461154624314   -0.967037493264   -0.250423398155
0.906529313052   -0.0647925580257   0.417140935186
-0.419616487164   -0.246252800699   0.873659868315
-0.616579028078   0.572589046728   0.540344374107
-0.644594304789   0.0269082838044   -0.764051111229
-0.452027036024   -0.819400818832   0.352496580903
0.997871946434   -0.0643508721709   0.0105139807401
0.00116955210852   -0.143556835371   -0.989641388627
0.0651936399354   0.987547675399   -0.14317607705
-0.423724740251   -0.90437925314   0.0505470989997
-0.883700554123   0.400498110865   -0.242227955757
0.198821964001   -0.147306545673   -0.968901395561
0.115405220814   -0.988446556096   -0.098260147623
0.000590862118626   0.0989893734273   -0.995088323207
0.993318328508   0.114780337362   0.0120079189751
0.385507207207   -0.339326161064   0.858045410193
-0.850738423981   0.229332728849   0.472917121463
-0.357251037084   -0.912285167164   -0.200268380101
0.454366465468   0.203950397236   -0.867153581198
0.455751947625   0.78317320275   0.423001051912
0.765402678434   -0.58740442895   0.262896849622
-0.437225238637   0.182598219175   0.880620236921
-0.887523352246   -0.245890478924   -0.38966676721
0.145383666682   -0.951943160385   0.269569692914
-0.794989293075   0.598909064876   0.0964379706276
-0.585043922318   -0.798983402109   0.139102333233
0.160361962844   0.0541643994008   0.985571033124
-0.619201305379   -0.73543023342   -0.275194639111
0.736617333947   -0.665423982176   0.120854461002
-0.272001141454   -0.127879901422   0.953762082033
0.0376207849989   -0.730146939543   0.682253708527
0.834115867826   -0.35303508384   -0.423812397219
0.550304820225   0.585022799276   0.595745691542
0.993484927495   0.0963077244261   0.0609304601309
-0.0811250585219   0.222147542713   0.971632226784
0.0800401376543   -0.970244959514   0.228513205228
-0.759973045034   0.0866546021473   -0.644152263226
-0.0498124225367   0.980392243633   0.190656165055
0.648043116508   0.176980311445   -0.740755205132
0.71464631464   -0.584144816797   -0.384779878705
-0.359306857984   -0.778531963195   0.514574624792
-0.600149401276   -0.229484848484   -0.766262277253
0.0472778615451   0.900299508625   -0.432695764136
0.869673807675   0.175984688981   0.461190719484
0.491357606817   -0.398108284594   -0.774646721983
-0.364428703255   0.847111221839   -0.386775612324
0.921183523226   0.388780965936   -0.0164547612686
0.136432081968   -0.362287759202   -0.922027864311
-0.97412889721   0.221203762075   -0.0463650815758
0.137776243469   0.418575494757   -0.89767176547
-0.179160631505   -0.880832440042   -0.438225353616
0.615572450864   0.723784094243   -0.311780595072
-0.77950083694   0.500978299462   -0.376030829228
-0.115969822594   0.474507454358   0.872578749997
-0.637517394459   0.207327585556   -0.742015482142
-0.364146445058   0.767654808221   0.527355175053
0.678947030351   0.606400351559   -0.413895708276
-0.820024715399   0.448434192984   -0.355536219586
0.400713492482   0.00642213406426   -0.91616295971
-0.408568140973   -0.893774382248   -0.184932988282
-0.975678531816   -0.126149565977   0.179265079314
0.190325154859   -0.0818082660045   0.978306087451
-0.108747492318   0.988631757693   0.103828945842
-0.616439374308   0.483336738915   0.621601045443
0.639837704272   0.767586011679   0.0376748336365
-0.458922624277   0.42094807009   -0.782427305358
0.93182819012   0.362688420525   -0.0123828231068
-0.357941152343   0.912939250018   -0.196010351749
-0.0597859193282   0.187080293326   0.980523639628
0.998356926364   -0.0479164656859   -0.0314238749903
-0.0107836288076   0.381487382546   -0.924311148004
0.0562775350648   0.923131300136   0.380343857302
-0.834873595554   -0.408145327217   0.369328633875
-0.542341012604   0.495247898728   -0.678672079285
0.0940875867307   -0.766907397946   -0.634823376312
-0.351557673185   -0.763028671647   0.542397122677
-0.400511284972   -0.401094197281   -0.823841218015
0.846166711147   -0.506863776704   -0.164593962663
0.390096499084   0.246454518286   -0.887178057949
0.38016458973   0.834446477399   0.398966120189
0.838629608829   -0.492908968026   0.231821368588
0.207464739735   -0.400868522072   0.892335655858
-0.941906141186   -0.328163262443   0.0715673364351
0.264142605235   -0.855344077234   -0.445662876678
0.0514527338775   -0.604511249156   -0.794933187899
0.998613250165   0.0400257283259   0.0341983209788
0.0111445131405   -0.79559040857   0.60573237052
-0.998257874945   0.0580974189401   0.00746246893606
-0.00791268927754   -0.00751054793021   -0.999927828444
-0.0580378142121   -0.998269984854   0.00798247340203
-0.636922528878   -0.135074882708   0.75900237439
0.316163794197   0.852162259025   0.416965168593
-0.70311470153   0.505543541787   -0.500055565447
-0.806738187503   0.585862317098   0.0770657001518
-0.0277364356684   -0.167818880986   0.985427670734
0.590257966378   0.792844467418   0.151635467642
-0.944088637303   -0.0141135833537   0.329390856973
0.238337849515   0.661094415191   0.711441774123
-0.227799471863   0.750170070879   -0.620768075188
-0.595458686914   0.189079592347   -0.780819232763
0.505000496625   -0.667798278527   -0.546827951774
-0.624823386968   -0.719927231178   0.30216034333
0.292822725011   -0.0911715933036   0.951810161344
0.755018673008   -0.588739378057   -0.28867408577
0.586687008611   0.803164780702   -0.103560005979
-0.207009875147   -0.823891652264   -0.527588358097
-0.248936337866   0.565878164318   -0.786010565804
0.946138272114   -0.0313760290015   -0.322238941324
0.954471968412   -0.168818920081   0.245933798274
-0.170184730714   0.368935878904   0.913741465795
-0.244990649501   -0.913994792712   0.323408552102
0.994058813686   -0.05966237414   0.0910355748427
0.0731870472122   0.98546338486   -0.153315272668
-0.080565072428   0.159067023059   0.983975076337
0.894836020888   -0.369148007949   -0.250994595937
-0.159058235009   -0.789036340548   0.593399415877
-0.417095932416   -0.49107243571   -0.764774196521
0.838258424529   -0.544939102135   0.0190838386631
0.544800339737   0.838475623579   0.0122972642279
-0.0227025936031   8.85962876014e-05   0.999742258985
