-0.188330639097   -0.857063838951   0.479555192763
0.694143286236   0.229266670458   0.682350288127
-0.694763776486   0.46138746569   0.551747147867
0.789630681994   0.214200313762   -0.574979660616
0.276756014302   0.712012957304   0.645324457233
0.547621669664   -0.668697070534   0.50294605197
0.955977610255   -0.151462196641   0.251328494234
0.0442657924371   0.921125989533   0.386739513918
-0.290081624108   -0.358589061454   0.887280416337
-0.645448419613   0.727119906857   -0.23386528571
0.267187251761   -0.0718991081716   -0.96095862882
-0.715546856121   -0.682735054658   -0.147870000624
0.561941442219   -0.739751762773   0.370120433325
0.54772286949   0.668070232728   0.503668358083
-0.619856002575   -0.0803086929959   0.780595314475
0.233714540853   -0.952465986898   -0.19541214119
-0.781850075414   -0.0646248115266   -0.620107959757
0.578003305091   0.297711212387   -0.759789354772
0.947145832348   -0.183378229521   0.263224505283
-0.0865497092232   -0.936157578569   -0.340758047732
0.308907531597   0.299965538351   -0.902549034765
-0.993966444414   0.0889490903584   0.0643420095135
-0.103829944018   -0.571351641802   -0.814121178767
-0.0356535775076   -0.815881125114   0.57712329079
-0.989669117423   -0.0108712986303   -0.142983421961
-0.0161647470859   0.999224211302   0.0359121064117
0.142482086738   0.0378522562256   -0.989077077645
-0.860274607024   -0.28351605655   -0.423726190097
-0.50474403025   0.356542632101   0.786199719166
-0.0718241075344   0.890221983646   -0.449826940663
0.886793513299   0.0182030514592   -0.461807225675
-0.454737929929   0.212793129427   -0.864830907826
0.0825268432196   0.976927700992   0.196981184791
0.241843021895   0.624955377221   0.74225516717
-0.357477882266   0.768542668797   -0.530614484475
-0.902065141992   -0.137014393137   0.409274405199
-0.495423722966   0.764471054183   0.412472464115
0.825250029669   0.266015295137   0.498192132022
0.271130807669   0.587211221959   -0.762669141596
-0.818819294538   0.572084059279   0.0474842933745
-0.561479697663   -0.815359107343   0.141173798402
0.119480032268   0.0889343654714   0.988845387469
0.00248659070465   0.501512950421   -0.865146573898
0.488356625796   0.754357675386   0.438693865685
0.872640613201   -0.423590913864   -0.243041393478
0.672047632749   -0.726569287364   0.14300015791
0.737922676023   0.640973226408   -0.211242614
0.061823124426   0.247488158137   0.966916497109
-0.140238630483   -0.934626602225   0.326811938768
-0.952723824076   0.217234694911   0.212429439355
-0.269537091965   -0.281570712399   -0.920905726482
0.0385734475061   0.924523016899   0.379163708636
0.862246117085   -0.222560369182   0.454965078504
0.505014415928   0.309384518535   -0.805750483422
0.942034131314   0.0499166031849   -0.331783123929
0.00456623132488   -0.990687086924   -0.136083420157
-0.335486002881   0.126680229068   -0.933488993164
0.818010485939   0.153560157578   0.554326726142
-0.559285853345   -0.0128054143856   0.828875947095
0.134380711261   -0.988056313895   0.0754090631864
0.149830714331   -0.700246142737   -0.698001489138
0.987684441217   0.0738335175938   0.137942150486
-0.045057561343   -0.710073187696   0.702684764358
-0.452147765552   0.38971586201   -0.8022991492
-0.8401332083   0.116019505353   0.529826060509
0.299563966826   0.913597837662   0.274955288574
-0.228760888429   0.899787719983   0.371551632822
-0.176908467275   -0.413742370774   0.893040178823
0.957273185194   0.138561992454   0.253828060828
0.137279439133   0.745564829844   -0.652138721482
0.627469312685   -0.574881369863   -0.52515622184
-0.766442489163   -0.337105147097   -0.546737138114
-0.112216887814   0.432336109519   -0.894702649185
-0.916311335922   -0.393352650463   -0.0751478070904
-0.384422785112   0.811393335969   0.440295312855
0.950068361479   0.134602497886   0.281517807853
0.0381582301061   0.845293460342   -0.532938003484
-0.309699948419   0.51706975704   0.797950379747
-0.112964435244   -0.861754821147   -0.494588373458
-0.0073047759938   0.498481457443   -0.866869583261
0.993572177136   -0.0943125779744   -0.062605600901
0.908514343398   -0.207483536756   0.362701348184
-0.0147863013727   0.851503380595   0.52414058719
-0.417591967465   -0.481552252433   0.770535120723
-0.958964361195   -0.242037819274   -0.147669202215
0.22778235232   -0.967807996117   0.107070224986
-0.16883038593   0.0690400401805   0.983224177615
0.161307822319   -0.107515896967   0.981030220778
0.312564079353   -0.937310835437   -0.154118460842
0.936100239546   0.331495302491   -0.117590136083
-0.347194218207   -0.24824892238   0.904338816981
0.864744183866   -0.457884204819   0.20629979145
0.362868736367   0.853647807951   0.373646521068
0.612644544523   0.533178038104   -0.583427798934
0.198206625088   -0.818237612969   -0.539631419778
-0.765101921744   0.214963055253   -0.606968348842
-0.354134985925   0.118740497294   0.927625526454
0.796600779656   0.5579239446   0.232697386271
-0.48991389129   0.821353498822   -0.292169163089
0.71790237842   -0.343982192954   -0.605220991043
0.492648509065   -0.36321291168   0.790805876093
-0.491847175029   -0.865882635279   -0.0912891202771
-0.989653644625   0.0199009859266   0.142142448936
-0.142519827068   -0.253482087646   -0.956788530861
0.0169889353107   -0.967140188729   0.253686432183
0.702642733753   0.638840118219   0.31333127732
0.297810295393   -0.663965886823   0.685899638377
0.646221489855   -0.38862911538   -0.656783968764
-0.523212039298   0.388704645796   0.758391564213
-0.839340668755   -0.0810162180844   -0.537534693144
-0.147500196971   -0.917793551348   0.368644339942
0.375647346023   0.867187815901   -0.326916432596
-0.437487792972   -0.145044336967   -0.887449465566
-0.817002749658   0.476389981932   0.324898571739
0.723592363918   0.663728621644   0.18941586773
0.55565735404   -0.722949873402   0.410594881146
0.409461791917   -0.191852986247   -0.891926690452
0.596619780549   -0.802514420389   0.00391449858482
-0.747246371149   -0.553738936668   0.367417462283
-0.292690244177   -0.222133599109   -0.930047587307
0.498146942785   -0.840963855889   0.211256950545
-0.790206328538   -0.339994726151   0.509880147946
-0.356964514209   -0.42093182348   -0.833902295045
0.614209085995   -0.70537907094   -0.353818571679
0.0474445873471   -0.414539195298   0.908793886391
-0.78771582853   -0.574976245674   -0.221147333848
-0.194398027953   -0.574053044585   -0.795407172792
0.328146551581   0.726100679265   -0.604233115964
0.924407544978   -0.378471821599   0.0472209735244
0.887255920591   0.448844038996   0.106376461186
0.334446632418   -0.467136578025   -0.818491757087
-0.317682818077   0.761788904496   -0.564584071321
-0.258548261573   0.772878502439   0.579492475175
0.638702665399   0.586824088318   -0.49769103433
-0.724714849806   0.241446227776   -0.645361906499
0.0956544237418   -0.0382598008709   0.994679016923
0.873236216257   -0.476437582629   -0.102301626008
0.477816564893   0.87837537517   -0.0121634640731
0.00503396446352   -0.750062826834   -0.661347454778
0.969258304872   0.166351414916   -0.181288663443
0.245993980773   -0.640103895362   0.727841999175
0.0588408723317   -0.51189044848   -0.857033201165
0.994961045833   -0.0397435853083   0.0920486327013
-0.0811803942984   -0.858130877117   0.506972518702
-0.391116464886   0.327850741237   0.859966207895
0.579480123609   0.813650533625   -0.046643388626
-0.715004037466   0.480090315285   -0.508215110322
-0.0783335788402   -0.996870765884   -0.0106647128354
-0.952814231117   0.0717149747747   0.294962785136
-0.293274787452   0.03326679666   -0.955450371646
0.453933455419   0.060881716973   -0.88895321484
-0.225550426328   0.973021749538   -0.048535340707
0.86201589708   0.222535594125   0.455419022612
-0.799281631485   -0.412421987093   -0.437102530487
-0.335397944486   -0.297392662912   0.893905480643
-0.4986569326   0.861084719439   0.0993740027945
-0.71595231795   -0.116776394958   -0.688316265832
-0.320144373293   -0.821231879947   0.472323764225
-0.620422105085   0.558520753046   0.550574206456
0.0701758311877   -0.237242493597   -0.968912427998
0.686337363156   -0.693373736187   0.21948525868
-0.72388971386   -0.680403376002   0.114170364176
-0.886589260202   0.447256622834   0.117986066805
-0.462544532495   -0.855348252418   -0.233305898339
-0.00342842347231   -0.261420351297   0.965218959918
0.495546022254   -0.865824805521   0.0691480850289
-0.551194952749   -0.251944650781   0.795429316684
-0.671280995994   -0.432285877541   -0.602088418784
-0.575605763414   -0.156615827597   -0.802589626603
-0.46846846155   -0.741301609195   0.480634904174
-0.67023572474   0.652643925218   0.353327376605
-0.34927028457   -0.894439278326   -0.279264362084
0.936673225679   -0.341404444188   -0.0780141805748
-0.0255631539242   -0.288827494297   0.957039811989
0.643699968673   0.371436140418   -0.66909307544
-0.54330299151   -0.393939328968   -0.741372823388
-0.538954737828   0.840741932719   -0.0517763671589
0.744963108456   -0.5669861644   0.351506562286
-0.497588714907   -0.823227861893   -0.273318198052
0.444337309652   0.0287063750357   -0.895400378056
-0.655552651141   -0.427400113857   -0.622557424823
-0.641879262245   -0.118903794306   0.757529847326
-0.397793435374   0.896208457651   -0.196390563194
-0.90128644661   0.22181238635   0.372118517582
0.0609114917978   -0.785551481455   0.615783600249
0.428908750241   0.577666787543   0.694504707999
0.576586733212   0.185741601177   0.795643003641
-0.34026199799   -0.830760557105   0.440520870501
0.742811890303   -0.524725568479   -0.415804700018
-0.462929678066   -0.461970959925   0.756491435946
0.429364825464   -0.86350774216   -0.264576394051
0.775462640703   0.202330555827   0.598097094514
0.749185026308   0.123493730822   0.65074656761
0.220156408647   0.880179830901   -0.420493306989
-0.624702291128   0.458293316489   0.632229613499
-0.652015543386   0.519139916238   -0.552602070826
-0.0613511832682   -0.762562595281   -0.643998340024
-0.755719083803   -0.385994270696   0.529052896052
-0.595459215925   -0.349803268077   0.723232880302
-0.524603991869   0.851104986972   -0.0202715197834
-0.608456060223   -0.39148174471   -0.690306495683
0.57373202544   0.554271430842   -0.603004846747
0.10598788517   -0.780283626973   -0.616380120217
-0.812156531985   0.289725845159   -0.506419845647
0.897628557735   0.436709266942   0.0595615507706
0.422245961469   -0.890794087353   0.167888850316
0.12637606651   -0.125552117482   -0.984000917812
0.677432773105   0.732126964709   -0.0712387037074
0.329059733531   -0.215005610356   0.919506556417
0.657878816446   -0.64634566841   -0.386565352515
0.228150815885   -0.195808770855   -0.95373272647
0.782417846124   0.619865794414   0.0599057813988
0.579456212625   -0.759885066201   0.294627168377
-0.237353824802   0.223899270789   -0.945268334421
-0.36944289933   0.879151942261   0.301004653199
0.898429213491   0.420667295678   -0.125952075221
-0.182392520521   0.082640652094   -0.979766832115
0.0221921992637   -0.995895217626   -0.0881305276519
-0.982995436909   -0.0378154232269   0.179770419382
0.556842589974   -0.819898600891   -0.133013555042
0.383460287735   0.111700613164   0.916777597822
-0.73680698239   -0.561506224715   0.376598218875
0.198450711997   0.895288878228   -0.398842272275
0.306640976216   0.329792199594   0.892865293562
0.930907431132   -0.299491143882   -0.209084761863
-0.487270147211   -0.592705306712   0.641302047894
0.143859016594   -0.778834283809   -0.610509503332
0.861320196316   -0.205225947943   0.464768612745
0.179887392497   0.477801279856   -0.85985256948
0.782427536084   0.46028379124   0.419459137448
0.596194309812   -0.748227742187   -0.291045626209
0.221164902501   0.532652211246   -0.816925755828
0.353818696794   0.73677067445   0.576178181858
0.908789523751   -0.416473995953   -0.0255144966639
0.262166605012   0.258763799086   -0.929682698041
0.771686056271   -0.634683410795   0.0409571880311
-0.579455997735   -0.72816080434   -0.366077177636
0.945254354124   0.320798471561   -0.0598542514507
0.278292313209   -0.88821212345   -0.365557227553
-0.170433503694   0.328887577831   -0.92886212384
0.72955375901   0.611786706879   0.30572595752
0.0306259920288   -0.47579294476   0.879024031743
0.68323742903   -0.631932136432   -0.365853122413
0.600085668098   0.0305867244515   0.79935079745
0.397516000367   -0.87855560739   -0.264804321259
0.694174527442   0.476659995586   -0.539367391032
-0.743551015084   0.535573104951   -0.400366338461
-0.195779015686   0.398138930922   0.896189669127
0.639376518756   0.744746128077   -0.191182587142
-0.798352304536   -0.371961842139   -0.473580076675
0.347125847976   -0.926880257626   0.142817170721
-0.492074533681   -0.0503734709798   0.869094456452
0.0459543312502   -0.966885643977   -0.251038592015
0.906448167782   -0.0652503270354   0.417245899306
-0.419809411917   -0.246727730169   0.873433161716
-0.616426840294   0.572679625512   0.540421990609
-0.644742025375   0.026902430757   -0.763926657673
-0.452023895526   -0.819337698456   0.352647282801
0.997894781312   -0.063949525311   0.0107918345094
0.00147847463251   -0.143927561228   -0.989587135339
0.0648368690819   0.987519793487   -0.143530014516
-0.423164822381   -0.904640841918   0.0507070050628
-0.883974719482   0.399911176339   -0.242210555543
0.198833972314   -0.147316682805   -0.968908257424
0.115633781547   -0.988461364916   -0.0978416355921
0.00101745695038   0.0986202021762   -0.995124639452
0.993291407578   0.114970488965   0.0124095316068
0.385953380712   -0.339582539372   0.857743369251
-0.85061830955   0.228869615121   0.47335736132
-0.357055289835   -0.912306088444   -0.200522123989
0.454871338486   0.203442010215   -0.867008315651
0.455887409976   0.78312809978   0.422938590045
0.7650220522   -0.58764081717   0.263475875707
-0.437131766485   0.182507172033   0.88068543446
-0.887557789878   -0.245894947447   -0.389585348188
0.145454020022   -0.951959403573   0.269474234076
-0.794949334054   0.598981160997   0.0963180448924
-0.585040431143   -0.798897293198   0.139609633092
0.160571762553   0.0546326321406   0.985511027287
-0.619499859121   -0.735207368745   -0.275118403953
0.736257324801   -0.665752586256   0.121238338603
-0.27229609422   -0.127450806247   0.95373535718
0.0377356934443   -0.730169765698   0.682222966968
0.834065861953   -0.35299821656   -0.423941578107
0.550372783958   0.585016612572   0.595688996879
0.993503140476   0.0960236431614   0.0610816642116
-0.0812031759366   0.222094890591   0.971637735913
0.0797342709671   -0.970285167148   0.22844939619
-0.760007133095   0.085957131604   -0.644205108013
-0.0507163821959   0.980348584905   0.190642327968
0.64793263403   0.177561313812   -0.740712479301
0.714679107408   -0.584009543581   -0.384923977183
-0.358657733126   -0.778446722849   0.515154679571
-0.600498331116   -0.230114246453   -0.765799065454
0.0469001438907   0.90010713725   -0.433136716504
0.869444839048   0.176701097734   0.461348355499
0.491798683982   -0.398225783619   -0.77430619805
-0.364309442511   0.847069672987   -0.386976683248
0.921195201323   0.388760370902   -0.0162630173434
0.136665230882   -0.362405924039   -0.921945579248
-0.972153758604   0.230758114641   -0.0409757702201
0.138065903371   0.42259155596   -0.895744091471
-0.189383546129   -0.876453286608   -0.442686954527
0.615863873829   0.723440942366   -0.312001416243
-0.779245438974   0.500957908328   -0.376586921467
-0.116138824977   0.475051961885   0.872259940702
-0.637361120973   0.207384884557   -0.742133501846
-0.364317297736   0.767560559529   0.527374315795
0.679001864117   0.606500018176   -0.413659333308
-0.820364855595   0.448188495889   -0.355251291799
0.400360030189   0.00644063797678   -0.916357598016
-0.408397177266   -0.893938741395   -0.184753951379
-0.975750692579   -0.126059773283   0.178937320034
0.189960328025   -0.0815653779198   0.978397485749
-0.108741458137   0.988663491742   0.10353435211
-0.616934488778   0.48278499893   0.621539165061
0.639186722553   0.768121755433   0.0378069756844
-0.459165136534   0.420603944949   -0.782470572951
0.931947902516   0.362384741767   -0.0122639979361
-0.35765078141   0.913156370432   -0.195528415667
-0.0596575667275   0.186608525289   0.980621350441
0.998362114176   -0.0478942417966   -0.031292659738
-0.0106877754868   0.381205660639   -0.924428474911
0.0562037401415   0.923248815528   0.380069406392
-0.834580855284   -0.408458182277   0.369646331922
-0.542747297945   0.494738775375   -0.678718928048
0.0943497108973   -0.767069700906   -0.634589412072
-0.351778607821   -0.762474866732   0.543032095792
-0.400533588751   -0.401720080127   -0.823525220449
0.846064195992   -0.507201165254   -0.164080245594
0.389574726418   0.245816369176   -0.887584267211
0.380449791074   0.834703215359   0.398156370048
0.838742794442   -0.492792909022   0.231658490552
0.207945861722   -0.400816555337   0.892246988329
-0.94172456415   -0.328621498279   0.0718532628443
0.26441150597   -0.855192454991   -0.445794310866
0.0514292383303   -0.604615342082   -0.794855555176
0.998619425831   0.0396550415188   0.0344492737492
0.0106914838489   -0.795529885189   0.605820028767
-0.9982589856   0.0581947144985   0.00826133181968
-0.00871489579528   -0.0075383352779   -0.999927527846
-0.0581285213151   -0.998270697535   0.00804452749465
-0.637536167724   -0.135086484345   0.7584848526
0.315740622488   0.852217594555   0.417172662566
-0.702748524856   0.505447141479   -0.500667248211
-0.806534481282   0.586184548272   0.0767447741617
-0.0281215886937   -0.167708354616   0.985435464465
0.590517790793   0.792629518592   0.15174703834
-0.944226116261   -0.0141723771906   0.328993147133
0.237977405884   0.661173805595   0.711488584849
-0.227605143668   0.750098924014   -0.620924921137
-0.595650916898   0.189161817285   -0.780652393381
0.504858146164   -0.667749023629   -0.547019083305
-0.624754835646   -0.719950992866   0.302245138563
0.29263937687   -0.0911751516861   0.951866190398
0.755201461096   -0.588564082149   -0.288553251838
0.586543183291   0.803292796994   -0.10338138274
-0.206900652312   -0.823668067569   -0.527980119352
-0.248877217288   0.566214499422   -0.785787033016
0.946177690859   -0.0311776363349   -0.322142362195
0.954458214863   -0.169108969434   0.24578786244
-0.169918415411   0.369041517409   0.913748379705
-0.245228972534   -0.913898531439   0.323499979799
0.993986262857   -0.0601789672292   0.0914866172208
0.073838492819   0.985287645856   -0.154130243119
-0.0808652348385   0.159958578292   0.983805909193
0.894933716792   -0.368616619889   -0.251426821915
-0.157939621989   -0.788702087834   0.594141714192
-0.417311316696   -0.492007203483   -0.764055270812
0.838055346716   -0.545251188936   0.0190885864934
0.545121552286   0.838272598229   0.0118971267385
-0.0224883615235   0.000435149328142   0.999747010116
