-0.18851632339   -0.857041959307   0.479521377632
0.69404083059   0.229190394488   0.682480137228
-0.694815800837   0.461466024994   0.551615934579
0.789624209938   0.214105809119   -0.575023745226
0.276953736332   0.711886409313   0.645379241545
0.547531033827   -0.668862048547   0.50282533972
0.956016864634   -0.151386323049   0.251224869413
0.0442058307679   0.921093908971   0.386822768325
-0.289961373883   -0.358703485852   0.887273469148
-0.645387913835   0.727261484934   -0.233593054536
0.266906769348   -0.0718236712731   -0.961042397469
-0.715706475499   -0.682592444867   -0.147757142503
0.56180549086   -0.740023115852   0.369784237912
0.54786111953   0.667742662904   0.503952312231
-0.619857070873   -0.0805327715878   0.780571384612
0.23381179295   -0.952485861462   -0.195199272385
-0.781636299771   -0.0647367478588   -0.620365928728
0.578253203282   0.2976237127   -0.759633740668
0.947146774176   -0.183205814888   0.263341347021
-0.0863193290727   -0.936157835639   -0.340821390123
0.308969268841   0.300076450139   -0.90249311604
-0.993921953053   0.0891343950817   0.0644907112034
-0.104063920718   -0.571447264311   -0.814006620003
-0.0357028377442   -0.815776401115   0.57726160174
-0.98964052931   -0.0114329952942   -0.143115031211
-0.0167042121486   0.999223478465   0.0356848675606
0.142595914515   0.0377057965693   -0.989063031647
-0.860159800747   -0.28362484804   -0.423891096341
-0.504937251719   0.35644638944   0.78612015393
-0.0718685453409   0.890226639774   -0.449814059519
0.886843494828   0.0180886896717   -0.461715728956
-0.454625961704   0.212796104008   -0.864889038395
0.0826065978233   0.976929175067   0.19694042877
0.241984627346   0.624716583332   0.742410020379
-0.35731494085   0.768753432612   -0.530418886587
-0.902091725322   -0.136920972511   0.409247079903
-0.495616389543   0.764360548266   0.412460453338
0.825108171709   0.266048924173   0.498415044113
0.271232701367   0.587344876094   -0.762539322085
-0.818664744363   0.572333212077   0.0471419182721
-0.561777715505   -0.815181223633   0.141014188916
0.119136327237   0.0889600891775   0.988884541189
0.0025044550024   0.501080082472   -0.865397288556
0.488437579688   0.754533339779   0.438301456822
0.872595236544   -0.423790263282   -0.242856647915
0.671629072225   -0.726873157661   0.143421773574
0.738329233487   0.640576110151   -0.211026523212
0.0615169524765   0.247624035975   0.966901236777
-0.139936068012   -0.934660723063   0.326844321254
-0.952682723853   0.217049901597   0.212802618959
-0.269839776989   -0.281600177071   -0.920808233301
0.0382866926317   0.924539534656   0.379158951836
0.862212745754   -0.222359220525   0.455133485283
0.505098052816   0.309489833798   -0.80566331402
0.94208654713   0.0502001590298   -0.331591733001
0.00488414971319   -0.990685810359   -0.136104721423
-0.335334576867   0.126602899436   -0.933557153782
0.818054195266   0.153670459069   0.554231644266
-0.559199676834   -0.0127933810907   0.828934258958
0.134473220103   -0.988039308051   0.0754667980012
0.149433694863   -0.700350344078   -0.697982052255
0.987743318184   0.0735467898413   0.137673469056
-0.0450853313391   -0.710000170599   0.702756759674
-0.45189874204   0.38983510332   -0.802381536084
-0.840160683824   0.116358256058   0.529708210116
0.299862572831   0.913503888731   0.27494197174
-0.228493099685   0.89990839048   0.371424042674
-0.176954242748   -0.413551882643   0.893119290907
0.95732864091   0.138346523482   0.253736338234
0.137167767175   0.745638073055   -0.652080230738
0.627513707248   -0.57476694916   -0.525232389254
-0.766427629019   -0.337144449038   -0.546737486477
-0.111826714365   0.432343331949   -0.894748023917
-0.916308047398   -0.393289689888   -0.0755167423772
-0.38454433458   0.811420026512   0.440139970715
0.950113224468   0.134305728888   0.281508139685
0.0383548869842   0.845384992672   -0.532778677674
-0.309537985012   0.516997280387   0.79806018023
-0.113195130347   -0.861847585979   -0.49437394003
-0.00725903173787   0.498276031016   -0.866988061956
0.993546254835   -0.094550154201   -0.0626585971686
0.908472967763   -0.207908232256   0.362561765802
-0.0144193661648   0.851381481911   0.524348790873
-0.417694803583   -0.481584613096   0.770459156628
-0.959014802277   -0.241853197763   -0.147644892865
0.227597931674   -0.967851616919   0.1070691831
-0.168793261581   0.0690771974212   0.983227942753
0.160961543926   -0.107301898731   0.981110473316
0.312855578528   -0.937260293277   -0.153833375089
0.936062415283   0.331707134135   -0.117292942333
-0.347316607909   -0.248228368347   0.904297458977
0.864788818176   -0.457708725808   0.206501983326
0.362645166963   0.853747882168   0.373634924355
0.612565162982   0.533374801833   -0.583331223926
0.198254868943   -0.818089541486   -0.539837809626
-0.765152927837   0.215037611898   -0.606877362643
-0.354288852876   0.118830986193   0.927555209342
0.796509541443   0.558034909178   0.232743658157
-0.489951038417   0.821265034409   -0.292355573494
0.717700210975   -0.344218661241   -0.60532629494
0.492663363762   -0.363342576007   0.790736995844
-0.492127239745   -0.865734196993   -0.0911871228127
-0.989615204346   0.0202672697655   0.142316138752
-0.142781912158   -0.253404961585   -0.956765946731
0.0166724663302   -0.967148897037   0.253665383928
0.702374720239   0.639052794371   0.313498402142
0.298005388175   -0.663970117624   0.685810689996
0.646422857546   -0.38827186339   -0.656796986185
-0.523225711679   0.388679555216   0.758395119936
-0.839332410535   -0.0810066337472   -0.53754916133
-0.147499353259   -0.917805098906   0.368616036873
0.375609260996   0.867213894082   -0.326891035275
-0.437424283075   -0.145070881499   -0.887476446568
-0.817054272132   0.476334450305   0.324850445813
0.723512100192   0.663802060397   0.189465671367
0.555588993343   -0.722841165786   0.410880287725
0.409696578569   -0.192011887592   -0.891785482539
0.596564598203   -0.802558050654   0.00340244242188
-0.747213886283   -0.553869327746   0.367289276626
-0.292886342171   -0.221654189918   -0.930101363786
0.498379347096   -0.840904599141   0.210944184681
-0.790054863404   -0.340334848443   0.509887651307
-0.356975218634   -0.420774950879   -0.833976627512
0.614086813587   -0.70531677954   -0.354154782209
0.0475881347795   -0.414823312116   0.90865666237
-0.787802474412   -0.574847632979   -0.221172803871
-0.194542583714   -0.574236227392   -0.795239541272
0.328084545018   0.72594187682   -0.6044575423
0.924399104377   -0.378498539328   0.0471714252706
0.88717135854   0.44895472401   0.106614449008
0.334636710819   -0.466884523128   -0.818557982392
-0.317718832807   0.761878306919   -0.564443309109
-0.258498254326   0.772745809957   0.579691719615
0.638678870603   0.586931640458   -0.497594739479
-0.724753666318   0.241609473544   -0.645257224841
0.0954881929962   -0.0380705221877   0.994702290361
0.873204354258   -0.476547106067   -0.102063810332
0.477908115452   0.87832425733   -0.0122612809167
0.0048037230485   -0.75022471887   -0.661165468133
0.96922068852   0.166240437348   -0.181591183315
0.246146627032   -0.639942944418   0.727931906599
0.0584717962646   -0.511958949135   -0.857017577596
0.994998403026   -0.0397597935383   0.0916372541068
-0.0809893319087   -0.858089297664   0.507073474795
-0.391283789195   0.327804285261   0.85990769716
0.579729485485   0.813491588266   -0.0463157227599
-0.714710165542   0.48039127082   -0.508343878293
-0.0781101320794   -0.996887496816   -0.0106356032509
-0.95277797352   0.0715062330399   0.295127298061
-0.293448343905   0.0331859545154   -0.955397786367
0.45390346583   0.0604190606609   -0.889000105631
-0.225426662342   0.973028759003   -0.04896789156
0.862064075697   0.222631021216   0.455281193068
-0.799179665461   -0.412495106101   -0.437217776577
-0.335355460286   -0.297671612337   0.893827799354
-0.498846982519   0.8609524999   0.0995607755143
-0.7159916529   -0.116627167164   -0.688293511287
-0.32023782581   -0.821216530313   0.472276054952
-0.620320553199   0.558565162751   0.550641238082
0.0701748070763   -0.236877409165   -0.969001883054
0.686378615553   -0.693417963827   0.219216862069
-0.723850780512   -0.680485657109   0.113927060384
-0.88650242375   0.447424798888   0.118004138624
-0.462711870986   -0.855286253795   -0.233202948887
-0.00341347926741   -0.261336832959   0.965241636402
0.495673275016   -0.865765443436   0.0689799902202
-0.551217964283   -0.252218940719   0.795326634352
-0.671168233716   -0.4322451809   -0.602243659406
-0.605431296817   -0.156321450058   -0.780395421526
-0.466723157945   -0.724505289889   0.507210092653
-0.644688221952   0.671309309114   0.365678946126
-0.349300229104   -0.894448711313   -0.279196915376
0.936666474902   -0.341389433322   -0.0781615890864
-0.0254033367815   -0.288816242695   0.957047465123
0.643663192574   0.371563423948   -0.669057788095
-0.543284009619   -0.393891482785   -0.741412175
-0.539017798147   0.840708124339   -0.0516689897024
0.744875555786   -0.566908307312   0.351816523536
-0.497483231066   -0.823282839894   -0.27333522742
0.444601315721   0.0285776633268   -0.895270455874
-0.655364624629   -0.427719395875   -0.62253565319
-0.641966026543   -0.118833859663   0.757467040867
-0.397962488012   0.896065184921   -0.196700532585
-0.901307755647   0.22198282969   0.371947889453
0.060691375703   -0.785496338138   0.615865832109
0.428880130178   0.577665811319   0.694521701556
0.576581147205   0.185960790894   0.79559585659
-0.340046935895   -0.83079327992   0.440625256254
0.742914708538   -0.524596148776   -0.415784347352
-0.46316186024   -0.461925748454   0.756376897139
0.429341908826   -0.863550692355   -0.264473306836
0.775336657805   0.202250358759   0.598287511412
0.748946426507   0.123389781079   0.651040868636
0.220425502024   0.880162638795   -0.420388305689
-0.624893469934   0.458354329561   0.631996408629
-0.652247476279   0.51909327894   -0.552372251525
-0.0615109762593   -0.762560614616   -0.643985555792
-0.755506013408   -0.386061088467   0.529308431968
-0.595402430601   -0.349759191634   0.723301079775
-0.52467444575   0.851059449696   -0.0203602288697
-0.608451041673   -0.391620123092   -0.690232574926
0.573702465574   0.554526167913   -0.602798621596
0.106256487771   -0.78012941722   -0.616528602747
-0.81214223379   0.2896527029   -0.50648414692
0.897469746633   0.437066838545   0.0593318031178
0.422627941174   -0.890610461943   0.167904175116
0.126227206086   -0.125613563465   -0.984012587303
0.67719870347   0.732331711862   -0.0713593320697
0.329221088502   -0.214839857066   0.919487473844
0.658039030269   -0.646168711307   -0.386588310005
0.228108675972   -0.19608502168   -0.953686055557
0.78240775984   0.619899809786   0.0596851855034
0.579486432656   -0.759786080617   0.294822968454
-0.237006462409   0.223517699754   -0.945445773302
-0.369898231113   0.879111831949   0.300562271837
0.898333552183   0.420953938726   -0.125676377544
-0.182495278565   0.0826238207678   -0.979751885562
0.02226096207   -0.995898331895   -0.0881299155651
-0.982977569728   -0.0378911162614   0.179862606121
0.556803286216   -0.819862352855   -0.133401003707
0.383736891501   0.111455746331   0.916691673714
-0.736692679155   -0.561607824844   0.376670352603
0.19844939612   0.895254166261   -0.398920833327
0.306521744863   0.32990920243   0.89286300836
0.930946976684   -0.299466040751   -0.208944589812
-0.487368204142   -0.592445249495   0.641467951019
0.143738542858   -0.779030994001   -0.610287036819
0.861284933766   -0.205230753942   0.464831903445
0.179775213339   0.4777764652   -0.859889811897
0.782356050991   0.460454255201   0.419405372398
0.596321933842   -0.748138694508   -0.291013045211
0.221031976783   0.532591074985   -0.817001577828
0.353886127752   0.736825843461   0.576066205862
0.908795598533   -0.41645457351   -0.0256145201173
0.262044486619   0.25886288784   -0.9296896286
0.771691416721   -0.634688057192   0.0407882110678
-0.579504234313   -0.72812177972   -0.366078851962
0.945202499158   0.320989540398   -0.059648788321
0.278547993481   -0.888150219659   -0.365514906753
-0.170303488868   0.328870562207   -0.928892803171
0.729477112241   0.611975951498   0.305530001135
0.0309063833261   -0.475711719795   0.879058119482
0.683306623907   -0.631809953028   -0.365934777833
0.59998620734   0.0307147102748   0.79942057796
0.397920169899   -0.878343109212   -0.264902631238
0.694028956371   0.47704346995   -0.539215848632
-0.743565551808   0.535582284713   -0.40032693488
-0.19569392941   0.398179431771   0.896190239927
0.639385583573   0.744717850229   -0.191262230409
-0.79851614875   -0.371642016782   -0.473553823312
0.346907115565   -0.927003498047   0.142544561735
-0.491961853584   -0.0504550321789   0.869153470556
0.0458732990497   -0.966809564593   -0.251346232062
0.906407839295   -0.0654795555119   0.41729759331
-0.419905336266   -0.246965014384   0.873319983273
-0.616350765417   0.572725199338   0.540460523464
-0.644815720443   0.026899446393   -0.763864585443
-0.452022585772   -0.81930596499   0.352722719209
0.997906103258   -0.0637488140174   0.0109315050584
0.00163370374043   -0.144113969676   -0.989559750938
0.0646586429146   0.987505573845   -0.143708063235
-0.422871704266   -0.904763315912   0.0507868003302
-0.884103451963   0.399622707384   -0.242200895543
0.198839239424   -0.147321178908   -0.968893438051
0.115747996589   -0.988468648209   -0.0976326434437
0.00122983772827   0.0984358559404   -0.995142638038
0.993277850884   0.1150656945   0.0126094090317
0.38617661354   -0.339710889522   0.857592065956
-0.850557802383   0.228638476134   0.473577758417
-0.356958071564   -0.912316271916   -0.200648917739
0.45512394384   0.203187482758   -0.866935426983
0.455954822107   0.783105793948   0.422907214983
0.764831607548   -0.587758589165   0.263765885019
-0.437085376374   0.182461515269   0.880718022259
-0.887575089731   -0.245896529064   -0.389545137168
0.145488485368   -0.951967829944   0.269426028231
-0.794928526503   0.599018274938   0.0962576385278
-0.585039676036   -0.798853231949   0.139863789946
0.160676706924   0.0548671902417   0.98548089052
-0.619649201422   -0.735095881107   -0.275079789615
0.736076988099   -0.665916801737   0.121430877551
-0.272443595385   -0.127235356763   0.953721998641
0.0377957199392   -0.730183172894   0.682205263543
0.834041368294   -0.352976222692   -0.424008004468
0.550405744481   0.585013098914   0.595661978167
0.993512176466   0.0958812821683   0.0611582792214
-0.0812431957546   0.222068917334   0.971640344927
0.0795807673446   -0.970305207899   0.228417874991
-0.760024277943   0.0856072228464   -0.644231515326
-0.0511684309629   0.980326754335   0.190633794374
0.647877020441   0.17785065443   -0.740691743514
0.714695527721   -0.583941694402   -0.384996455736
-0.3583339118   -0.778405075796   0.515443052016
-0.600672107763   -0.23042749349   -0.765568670504
0.0467111097413   0.900010633414   -0.433357750333
0.869329380934   0.177060331713   0.46142829683
0.492020840489   -0.398284452889   -0.774135002203
-0.364252173004   0.847049864866   -0.387075563435
0.921201380827   0.388750417236   -0.0161679553853
0.136780778404   -0.362463671626   -0.921906701378
-0.974300802907   0.220583249112   -0.0458145629734
0.137000102779   0.418650690057   -0.897757133843
-0.178848863033   -0.880953988434   -0.4381167252
0.616010238308   0.723268430596   -0.312112424493
-0.779117304916   0.500948234977   -0.37686482132
-0.116222258628   0.475324779147   0.872100190097
-0.637283291213   0.207413433954   -0.74219249009
-0.364402012066   0.76751407944   0.527383460157
0.679029600631   0.60654909765   -0.41354202847
-0.820496034394   0.448055925971   -0.355101004863
0.400174233323   0.00647056016799   -0.916435463387
-0.408303097511   -0.894001824814   -0.184638405446
-0.975788571052   -0.126014807741   0.178772160482
0.189776575645   -0.0814442912216   0.978444211943
-0.108738532591   0.988680177195   0.10338567159
-0.617181789227   0.482507809012   0.621508420031
0.638860537617   0.768389707517   0.0378741497513
-0.459286093195   0.420432458293   -0.782491329968
0.932008127378   0.362231852859   -0.0122039786481
-0.357504484803   0.913265380004   -0.195286690156
-0.0595935874559   0.186371759613   0.980670266741
0.998364714757   -0.047883668782   -0.0312258004441
-0.0106384929808   0.38106436368   -0.924487307299
0.0561668836281   0.923307702314   0.379931804671
-0.83443636783   -0.408616267276   0.369805421733
-0.54295154674   0.494482493498   -0.678743477727
0.0944823884004   -0.767151769067   -0.634474424598
-0.35188890511   -0.76219651697   0.543350713951
-0.400546884516   -0.402032863423   -0.823365699775
0.846011656029   -0.507371019847   -0.163824142323
0.389313338691   0.245496527973   -0.88778745506
0.380591826264   0.834832000285   0.397750410903
0.838799721263   -0.492734190356   0.231577261437
0.208186024853   -0.40079047751   0.892202702358
-0.941633696075   -0.328850630999   0.0719958039417
0.264546123341   -0.855116604041   -0.445859962636
0.0514176142255   -0.604667487798   -0.794816629852
0.998622414412   0.0394699487904   0.0345747556964
0.0104651480142   -0.795499446573   0.605863943653
-0.998273529766   0.0582429386817   0.00866010334593
-0.00911533533107   -0.00755931165945   -0.999934237366
-0.0581734300007   -0.998278181916   0.00806845832467
-0.637842297346   -0.135092591635   0.758226338391
0.315528000005   0.852246024647   0.417275440587
-0.702566203113   0.505397570027   -0.500973065693
-0.806432286076   0.586346412075   0.0765836825313
-0.0283149201446   -0.167652905376   0.985439446482
0.590648322338   0.79252162269   0.151802945541
-0.944294552072   -0.0142021189381   0.328794169289
0.237796914677   0.661213459287   0.711511983544
-0.227508095044   0.75006331411   -0.62100296336
-0.595747463181   0.189202342303   -0.780570052132
0.504787791641   -0.667725802958   -0.547114072176
-0.624721072182   -0.719963190885   0.302287174112
0.292547144614   -0.0911784112855   0.951894273238
0.75529255565   -0.588476755886   -0.288493253489
0.586471964793   0.803356520633   -0.103290854669
-0.206847640312   -0.823553999043   -0.528178746408
-0.24884717641   0.566385811963   -0.785673066499
0.946197157198   -0.0310788559633   -0.322094645943
0.954451083628   -0.169252510899   0.245716741223
-0.169787090057   0.369095874116   0.913750833287
-0.245347658258   -0.913850003467   0.323547065702
0.993949789824   -0.0604374877802   0.0917121872684
0.0741646752068   0.98519931824   -0.154537710861
-0.0810149132828   0.160404529854   0.983720981984
0.894982083905   -0.368350764741   -0.251644176581
-0.157379185785   -0.78853439678   0.594512769657
-0.41741929684   -0.492474725766   -0.763694906047
0.837954263523   -0.5454064269   0.0190914430479
0.545281384475   0.83817149658   0.0116942516314
-0.0223800233741   0.000610960428199   0.999749349229
