-0.189442492495   -0.856935140405   0.479347200365
0.693520191397   0.228812101678   0.68313599419
-0.695083676605   0.461851932519   0.550955067832
0.789584744175   0.213632542723   -0.575253916945
0.277949843639   0.711253662525   0.645648598433
0.547083007131   -0.669686019659   0.50221590932
0.956215205883   -0.151012480733   0.250694458328
0.0439163441682   0.920932571425   0.387239660846
-0.289350713648   -0.359274868144   0.887241644383
-0.645062668632   0.727983351585   -0.232237762204
0.265524621841   -0.0714382182194   -0.961453715111
-0.716512954227   -0.681862750794   -0.147215369218
0.561121081605   -0.741383193977   0.368095227372
0.548558712952   0.666095991533   0.505370628621
-0.619860044825   -0.0816522719604   0.780452710795
0.234302264205   -0.952582754199   -0.194135270823
-0.780559994284   -0.065296799583   -0.621660972584
0.579507120144   0.297190790426   -0.758847175181
0.94715231564   -0.18233406213   0.263925598247
-0.0851598870467   -0.936149779996   -0.341129313505
0.309273706062   0.300625522339   -0.902203931306
-0.996435864166   0.075814380244   0.0373477852428
-0.0734365368926   -0.557976029483   -0.826614166726
-0.0418300414002   -0.826399470795   0.561533717637
-0.98950956867   -0.0142585219137   -0.143788248785
-0.0194159609519   0.999215072755   0.0345291444963
0.143183052056   0.0369585702127   -0.989009720994
-0.859576218208   -0.284153987543   -0.42472026337
-0.505901177303   0.355972850342   0.785714989054
-0.0720748885359   0.890247469294   -0.449740218642
0.887093803528   0.0175139751886   -0.461256811152
-0.454064192563   0.212811041152   -0.86518043187
0.0830077959794   0.976936400863   0.196735824322
0.242685011216   0.6235242277   0.743183362313
-0.356489738861   0.769804819917   -0.529448393551
-0.902230036429   -0.13644805905   0.409100083809
-0.496540485161   0.763794378522   0.412388906868
0.824382440331   0.266231198482   0.499513773397
0.271735266836   0.58799537845   -0.761853072566
-0.817887039752   0.573582192348   0.0454343986643
-0.563268939568   -0.814288392857   0.140223181674
0.117426222278   0.0890949357842   0.989076930726
0.00259127820697   0.498911257939   -0.866649219003
0.488852318482   0.75540552224   0.436332343817
0.872362724337   -0.42479413867   -0.241936459294
0.669520065647   -0.728398469605   0.14552855033
0.74036738523   0.638576249293   -0.209944081229
0.0599918692139   0.248306366879   0.966822074933
-0.138429083164   -0.934828149307   0.327007398898
-0.95247458123   0.216131558079   0.214661136375
-0.271347894375   -0.281750887527   -0.920318943564
0.0368616445936   0.924605145246   0.379138823883
0.862030222208   -0.221340767807   0.455973446795
0.505514409678   0.310021311471   -0.805196505095
0.942349308737   0.05161573489   -0.330626058224
0.00647460420417   -0.990659676678   -0.136203091899
-0.334568160418   0.126210216125   -0.933881647152
0.818272702399   0.154222367648   0.553755586737
-0.558769153115   -0.0127267894471   0.829225593395
0.134932657474   -0.987954205685   0.0757607143819
0.147434089764   -0.700869082231   -0.69788659564
0.988037289363   0.0720997388569   0.136322861205
-0.0452270453304   -0.709636623372   0.703114763563
-0.450652058879   0.390427774905   -0.802794369653
-0.840297930719   0.118048577499   0.529116126865
0.30135035257   0.913033756584   0.274876858107
-0.227148274654   0.900508974187   0.370792673465
-0.177176322348   -0.41260395529   0.89351355809
0.957607524034   0.137264398516   0.253271177269
0.136617259973   0.745999144236   -0.651783817542
0.627733575026   -0.57418617036   -0.525607159288
-0.766346805823   -0.337339004428   -0.546733041136
-0.109879453133   0.432380562661   -0.894971259473
-0.916290665033   -0.392972442417   -0.0773568178275
-0.385146625875   0.811553885533   0.439365869965
0.950341897136   0.132822675803   0.281439897199
0.0393240807443   0.8458465851   -0.531974785472
-0.308713290314   0.516625292157   0.798620318732
-0.114355725184   -0.862308076163   -0.49330271501
-0.00704066553091   0.497251215279   -0.867578046279
0.993414926343   -0.095739329116   -0.0629347507291
0.908263615941   -0.210036152688   0.361859114512
-0.0125836941346   0.85076308717   0.525398725283
-0.418209104196   -0.481754070508   0.770074127145
-0.959272885807   -0.240923237143   -0.14748539322
0.22667250401   -0.968069409528   0.107058922968
-0.168569046193   0.0692678198432   0.983252993569
0.159215967878   -0.106229336848   0.981511834154
0.314313961277   -0.937006411767   -0.152398932833
0.935872259626   0.332767229419   -0.115796897539
-0.347930799943   -0.248127299308   0.904089100613
0.86501198733   -0.45682766538   0.207515912789
0.361522503151   0.854249047774   0.373577422487
0.612167267162   0.534362514269   -0.58284483763
0.198494900715   -0.817345670242   -0.540875771368
-0.76540915581   0.215414783632   -0.606420626393
-0.355058751361   0.119286399813   0.92720225848
0.796051484079   0.558592782308   0.23297239121
-0.490138049948   0.820819624029   -0.293291369593
0.716688395484   -0.345400717161   -0.605851533883
0.492736641266   -0.363990099276   0.790393430547
-0.493526431792   -0.864991050406   -0.0906758838297
-0.989454168516   0.0220826471596   0.143184970498
-0.144088158533   -0.25304201119   -0.956668225681
0.0151056827899   -0.967206207668   0.253549592898
0.701032500796   0.640118094165   0.314328263844
0.298976005991   -0.663980176447   0.685378485312
0.647430907334   -0.386495984207   -0.65685163427
-0.523286612599   0.388554893122   0.758416974797
-0.839296110286   -0.0809610395172   -0.53761269917
-0.14748983656   -0.917861901421   0.368478379268
0.375420136525   0.867345932214   -0.326757926528
-0.437105265172   -0.145197462373   -0.887612900602
-0.817311871831   0.476055362357   0.324611433426
0.723103706651   0.664175554568   0.189715497487
0.555248006636   -0.722285876749   0.412314727078
0.41087806999   -0.192807198396   -0.891069768522
0.596294653191   -0.802765006091   0.000830407827078
-0.747041934992   -0.554523408811   0.366648086785
-0.293871897166   -0.219250580789   -0.930358455432
0.499547514611   -0.840603273748   0.209376242384
-0.789294701456   -0.342046112496   0.509919910637
-0.35702401735   -0.4199887822   -0.834351995327
0.613477046772   -0.704997074961   -0.355844164584
0.0483048323698   -0.416256425371   0.90796329721
-0.788233841155   -0.574203648724   -0.221309021145
-0.195259420421   -0.575167894367   -0.794390138125
0.327784657475   0.725132036852   -0.605591245432
0.924354378248   -0.378636278649   0.0469423414518
0.886738184814   0.449522706325   0.107818036672
0.335599722917   -0.465599070339   -0.818895807693
-0.317912281159   0.762329885533   -0.563724170234
-0.258229639074   0.772083712176   0.58069286581
0.638570678786   0.587458448829   -0.49711172005
-0.724944791832   0.2424444584   -0.644729203474
0.0946558915958   -0.0371235075942   0.99481760089
0.873039287741   -0.477102720176   -0.100872779325
0.478374974175   0.878063073322   -0.0127502661731
0.00366168713665   -0.751026934359   -0.660261396571
0.969029480245   0.16569742037   -0.183101641463
0.246917869643   -0.63914230697   0.72837399083
0.0566217823559   -0.51230315513   -0.856936098835
0.995184022718   -0.0398295578679   0.0895678314674
-0.0800172554465   -0.857880593528   0.507580673294
-0.392125104872   0.327581542816   0.859609351304
0.58098505744   0.812687247889   -0.0446743820076
-0.713228061054   0.481902241313   -0.508995053824
-0.0769923241046   -0.996975681273   -0.010478017698
-0.952602645842   0.0704569831079   0.295943214982
-0.294310205462   0.0327670308348   -0.955146273749
0.453756788615   0.0581020270041   -0.889229406589
-0.22479323628   0.973064199519   -0.0511279262966
0.862306664712   0.223092398756   0.454595428815
-0.798677984162   -0.412850671624   -0.437817279622
-0.335163914775   -0.29908301422   0.893435044843
-0.499794755503   0.860299571114   0.100488490648
-0.71621657765   -0.115878368992   -0.688181674173
-0.320714506585   -0.821156125206   0.472050938639
-0.619809662988   0.558804158006   0.550972553571
0.0701607084854   -0.235073743295   -0.969441974296
0.686583535839   -0.693634785477   0.217884619955
-0.723657691612   -0.680889854904   0.112731917986
-0.886063630941   0.4482663415   0.118102774797
-0.463551387973   -0.854972376306   -0.232684522949
-0.00333002178897   -0.26092003294   0.965354671882
0.496311929876   -0.865466501723   0.0681335078233
-0.551333811293   -0.253597892964   0.794807566706
-0.670600826884   -0.432036773857   -0.603024600358
-0.605178694239   -0.155290130773   -0.780796956644
-0.467737812796   -0.724288280201   0.506584644466
-0.644189607725   0.671782434135   0.365688631716
-0.349443600391   -0.894499171393   -0.278855588227
0.936634373052   -0.341308189631   -0.0788974476841
-0.0246019902966   -0.28875593225   0.95708659735
0.643478371018   0.372199944089   -0.66888173787
-0.543185600211   -0.393658722355   -0.741607835193
-0.539337539357   0.840535531144   -0.0511372151388
0.744431572366   -0.566522515556   0.353374066032
-0.496960467836   -0.823570059659   -0.273419207453
0.445927443183   0.0279286405746   -0.894630616769
-0.654424865346   -0.429317282104   -0.622426243234
-0.642400877142   -0.118488129105   0.757153516383
-0.398809315372   0.895347421736   -0.198252059506
-0.9014572295   0.222838433081   0.371102923441
0.059594789142   -0.785258743259   0.6162926922
0.428745621729   0.577677465455   0.694597620801
0.576549525136   0.187059235545   0.795361251238
-0.33896948698   -0.830956999975   0.441146564815
0.743431479338   -0.523946034577   -0.41568052283
-0.464339018286   -0.461697537839   0.75579405059
0.429218958676   -0.863769506987   -0.263957019403
0.774700167075   0.201835591838   0.599251234052
0.747751115186   0.122867834896   0.652511887505
0.221777101189   0.880073013871   -0.419864748351
-0.625845975921   0.458666528829   0.630826305324
-0.653418950316   0.518859329656   -0.55120681193
-0.0623140828459   -0.762545657685   -0.643926526479
-0.75442753699   -0.386405761412   0.530593778646
-0.595113612282   -0.349539338281   0.72364495888
-0.52502530687   0.850832458992   -0.0207979003728
-0.608430934999   -0.392309031898   -0.689858976241
0.573550564661   0.55579797105   -0.601771040704
0.107602133612   -0.779361988002   -0.617265548285
-0.81207238033   0.289281163636   -0.506808572453
0.896668729937   0.438862959437   0.0581798734936
0.424546996645   -0.889691439935   0.167977426612
0.125480845091   -0.125920097864   -0.98407646243
0.676008226583   0.733373358418   -0.0719470606894
0.330017700363   -0.214006683398   0.919396214861
0.658863551751   -0.645263201815   -0.386696464221
0.227893661661   -0.197479634154   -0.953449658696
0.782357857955   0.620069149013   0.0585698045677
0.579638369735   -0.759286529582   0.295809578625
-0.23525768514   0.221606671544   -0.946332026988
-0.372185588149   0.878902813244   0.298341637899
0.897848378152   0.422398304989   -0.124289831976
-0.125737771913   0.15828621378   -0.979354435172
-0.0863263309946   -0.985190247662   -0.148146126158
-0.988300257888   0.065916497522   0.13754027178
0.556604493323   -0.819679734006   -0.135338792219
0.385122123466   0.110232525645   0.916258574003
-0.736119830623   -0.562115609175   0.377032705187
0.198439310694   0.895075264958   -0.399327100164
0.305938157825   0.330504339249   0.892843068208
0.931141077631   -0.299344568883   -0.208252628167
-0.48785597237   -0.591136543868   0.642303962231
0.143136368277   -0.780020174324   -0.60916401621
0.861109036923   -0.205247180425   0.465150415319
0.17921092757   0.477642979728   -0.860081748423
0.782008584843   0.461299767097   0.419124193196
0.5969472366   -0.747702949043   -0.290850950928
0.220378755697   0.53227842499   -0.817381724676
0.354230916989   0.737099039388   0.575504530035
0.908819928805   -0.416370850243   -0.0261085054676
0.261435896137   0.259360762368   -0.929722237564
0.771715613137   -0.634712571412   0.0399417642647
-0.579746890045   -0.727923297495   -0.366089516839
0.944939088146   0.3219521318   -0.0586255963225
0.279830155186   -0.887831002151   -0.365310477721
-0.169662075796   0.328790945304   -0.929038134619
0.729098075544   0.612917868561   0.304545028169
0.0323085171645   -0.475301850752   0.879229358217
0.68364621516   -0.631205030898   -0.366344126235
0.599484394075   0.0313591487167   0.799771917849
0.399951187467   -0.877271769066   -0.265393200947
0.693294716864   0.478968795703   -0.538452914935
-0.743638277152   0.535627561578   -0.400131773494
-0.195261892906   0.398392220135   0.896189993207
0.63943343208   0.74457157213   -0.191672121493
-0.799338818416   -0.370039292133   -0.473420634899
0.345811120713   -0.927621824975   0.141177368566
-0.491396829519   -0.0508655372714   0.869449113131
0.0454640123251   -0.966427675277   -0.252884570668
0.906208523721   -0.066628584734   0.41754853762
-0.420379791568   -0.248149588338   0.872755760329
-0.615969733785   0.5729551091   0.540651250525
-0.645182691594   0.0268852649944   -0.763555174102
-0.452018391447   -0.81914568447   0.353100183082
0.997961744601   -0.0627450074247   0.0116370226488
0.00241726104251   -0.145056523834   -0.989420399979
0.0637692175106   0.987431838199   -0.144609190493
-0.421449304102   -0.905405870485   0.0511984788834
-0.884777298975   0.398152872722   -0.242164553914
0.19887233535   -0.147359253678   -0.968883823
0.116317756611   -0.988504232457   -0.0965897102434
0.00228290391175   0.0975156643121   -0.995231377115
0.993209433131   0.115542581151   0.0135994588648
0.387293583983   -0.340355079944   0.856832610567
-0.850250613268   0.227487747898   0.474682260471
-0.356479449074   -0.912363838238   -0.201282573733
0.456388133683   0.201911537613   -0.866568861167
0.456289185847   0.78299653649   0.422748859521
0.763878288109   -0.588343564872   0.265220277126
-0.436855345274   0.182231826794   0.880879633395
-0.887661294926   -0.245895951577   -0.389348907456
0.14565298733   -0.952011926159   0.269181127399
-0.794817959341   0.599214263403   0.0959511668004
-0.585045628107   -0.79862460325   0.141139308399
0.161201652936   0.0560442492727   0.985328914014
-0.620398111232   -0.734538081732   -0.274881940325
0.735172149095   -0.66673857304   0.122399673497
-0.273181598624   -0.126149020458   0.953655200487
0.0381212583811   -0.730270608745   0.682093532465
0.833923951306   -0.352831480999   -0.424359235124
0.550561161421   0.584991243525   0.595539792003
0.993556626408   0.0951663188175   0.0615516202802
-0.0814531289502   0.221943880609   0.971651331928
0.0788074741417   -0.970404191467   0.228265407632
-0.760108883785   0.0838464651431   -0.644363456107
-0.0534291598771   0.980217518432   0.190575290975
0.647595412397   0.179285768923   -0.740592197705
0.714777358107   -0.583600934003   -0.385361319656
-0.356722350572   -0.778200463426   0.51686906514
-0.601533508176   -0.23197934332   -0.764423604213
0.0457659015852   0.89952411896   -0.434467251474
0.868740286887   0.178867804287   0.461840427328
0.493148808306   -0.398575746607   -0.773266794785
-0.363974547921   0.846950162123   -0.387553391253
0.921226072978   0.388710546181   -0.0157000069332
0.137348937596   -0.36273873605   -0.921713310892
-0.974562659756   0.219534888195   -0.0448891542497
0.135691731499   0.418776436698   -0.897891441355
-0.178320939058   -0.881150225173   -0.437908129557
0.616748227151   0.722396666189   -0.312673444661
-0.778472488742   0.500904967864   -0.378252296836
-0.116628515336   0.47669410786   0.87129817951
-0.636894507001   0.20755484445   -0.742486694022
-0.364818471242   0.767288366771   0.527423986879
0.679170808629   0.606786260095   -0.412961921393
-0.821136953732   0.44738004105   -0.354345704772
0.39923871057   0.00662873844773   -0.916815817967
-0.407821323135   -0.894311965123   -0.184043644358
-0.975970374942   -0.125789103602   0.177933843389
0.188844742681   -0.0808290067161   0.978675210899
-0.108724488363   0.988759124702   0.102640494155
-0.618422811076   0.481112118412   0.621356786642
0.63722517674   0.769729342642   0.0382204000829
-0.459888248291   0.419580569583   -0.78259493649
0.932312764471   0.3614572506   -0.0118981764287
-0.356762297864   0.913814732975   -0.194070343985
-0.059275403303   0.185179079758   0.980915457815
0.998377772411   -0.0478361885811   -0.030879161656
-0.0103786218727   0.380354737165   -0.924782439822
0.055983102545   0.923602715379   0.379241241502
-0.833694422125   -0.409408912104   0.370596494277
-0.543969526928   0.493196202073   -0.678863544908
0.0951555182533   -0.767556448427   -0.633881628698
-0.35244374006   -0.760792742488   0.544957055253
-0.400637249467   -0.403599452778   -0.822555572221
0.845738484067   -0.508234471509   -0.162556034415
0.388001521739   0.243889791135   -0.888804017687
0.381296736363   0.835479713931   0.395710051114
0.839087367868   -0.492434173768   0.23117301904
0.209381909056   -0.400658054815   0.891982258988
-0.941178693042   -0.329995201757   0.0727038734511
0.265220464898   -0.854737567072   -0.446185854435
0.051361185928   -0.604928905883   -0.79462129935
0.998636488995   0.0385474636843   0.0352025190949
0.00933559857965   -0.795345882827   0.606083952501
-0.998225852728   0.058472990035   0.0106540955481
-0.0111175179715   -0.00760265059398   -0.999906132533
-0.0583866518113   -0.998256872012   0.00824555995934
-0.63936488172   -0.135127252541   0.756936729331
0.314454310932   0.852395720828   0.417779876158
-0.701663076501   0.50513578789   -0.502500545486
-0.805914615229   0.587163249734   0.0757719632584
-0.0292883489695   -0.167371064342   0.985458981086
0.591307250817   0.79197634368   0.152083570578
-0.944639568556   -0.0143534105234   0.327798425093
0.236892602224   0.66141025692   0.711630993159
-0.227023617491   0.749887161524   -0.621394379463
-0.596222543895   0.189395924421   -0.780159484514
0.504441161962   -0.667604083454   -0.54758095665
-0.62454683698   -0.720024286938   0.302500733598
0.292081104415   -0.0912109188124   0.952034266667
0.755744030388   -0.588041638942   -0.288198021286
0.586122544484   0.803671392566   -0.102823784543
-0.206598650472   -0.822961829935   -0.529198303691
-0.248693190847   0.567272559784   -0.785081872869
0.946292087564   -0.0305888337677   -0.321862751435
0.954413065183   -0.169955015613   0.245379283941
-0.169148594571   0.369382965284   0.913753231667
-0.24593587228   -0.913603583671   0.323796276092
0.993765444893   -0.0617321668377   0.0928406173742
0.0758000450025   0.984753068159   -0.156575056192
-0.0817593654239   0.162636203292   0.983292871867
0.895219198667   -0.367020193561   -0.252742508381
-0.154566306695   -0.787689968112   0.596367311616
-0.417961547106   -0.494813996415   -0.761884145135
0.837453623846   -0.54617415581   0.0191106437565
0.54607237663   0.837670276854   0.0106519497283
-0.0218262379198   0.00151528085619   0.99976063098
