-0.191097877978   -0.856755671828   0.479010694264
0.692549886376   0.228143010351   0.684343023172
-0.695597715141   0.462515337339   0.549748445397
0.78948328037   0.212778192819   -0.575709644015
0.279773694337   0.710115529728   0.646113472436
0.546299216097   -0.671164197471   0.50109459676
0.956581153549   -0.150361268078   0.249687777837
0.043437363352   0.92063836648   0.387992519056
-0.288211194793   -0.360300552929   0.887196607568
-0.644393167506   0.729339643615   -0.229828314275
0.263123049634   -0.0707193954515   -0.962166814253
-0.717999742717   -0.68048688595   -0.146334939812
0.559867233481   -0.743845239842   0.365024557953
0.549840196406   0.66309501925   0.507918049076
-0.61985839283   -0.0836614924877   0.780241194412
0.235201245263   -0.952749337451   -0.192221597441
-0.778593804137   -0.0663103578819   -0.624014999688
0.581783577196   0.296431664407   -0.757401013074
0.947164486906   -0.180728758859   0.264984099647
-0.0830461338037   -0.936152219092   -0.341647757938
0.309810905238   0.301590726922   -0.901698979621
-0.993558686649   0.0917573929222   0.0666545156399
-0.107426570317   -0.573024823408   -0.812476915758
-0.0363562319418   -0.814395350855   0.579174319638
-0.989230393344   -0.0194138785   -0.145065558478
-0.024355150118   0.999179354769   0.0323642196272
0.144318195657   0.0355488026653   -0.98889141339
-0.858522537747   -0.285056818815   -0.426238153966
-0.507638086172   0.355139838429   0.784970274836
-0.0723873422466   0.890290609271   -0.44960048832
0.887543912696   0.0164681904391   -0.460428712022
-0.453048912026   0.212838990564   -0.865705623872
0.0837405723813   0.976948485129   0.196364847453
0.243912698075   0.621384786132   0.744572045218
-0.354959113833   0.771687278245   -0.527733614855
-0.902502415765   -0.13557170909   0.40879052246
-0.498193479274   0.762791016042   0.41224646639
0.823081531465   0.26655104802   0.501482209808
0.272642762176   0.589149794227   -0.760632252619
-0.816461224132   0.575843155532   0.0423768033285
-0.565957903714   -0.812661712345   0.13882599225
0.114380000253   0.0893625487922   0.989409698147
0.00273854504566   0.494989084414   -0.868894860252
0.489637689999   0.756950237516   0.432760053042
0.871921673313   -0.426628805038   -0.240292369544
0.665657166976   -0.731166962113   0.149316446591
0.74405687717   0.634917583213   -0.207988021169
0.0572703347691   0.249548646416   0.966667254538
-0.135743625111   -0.935117075096   0.327307202953
-0.952090928207   0.214501587963   0.217972767865
-0.274037978512   -0.282037797058   -0.919433707376
0.0342982682488   0.924703449897   0.379139122337
0.861687690905   -0.219536495912   0.457490093813
0.506277856201   0.311008669243   -0.804335167155
0.942821865267   0.0541572807957   -0.328868070653
0.00934288135212   -0.990621993154   -0.136348172347
-0.333166519215   0.125479490241   -0.934486346361
0.818663266519   0.155217102012   0.552899723252
-0.55800014154   -0.0125751225069   0.82974555725
0.135743488868   -0.987800333558   0.0763163765002
0.143774841461   -0.701793095474   -0.697721467868
0.988564231987   0.0694407474729   0.133860907269
-0.0454923599513   -0.708988317537   0.703751384364
-0.448403065129   0.391477957916   -0.803541980467
-0.84054477458   0.121075995209   0.528038913571
0.304005243101   0.912187272869   0.274763896382
-0.224703622449   0.901577471461   0.369684146221
-0.17754745606   -0.41091692815   0.894217090785
0.958115444954   0.1352973302   0.252407291086
0.135635495131   0.746641962469   -0.65125107657
0.628134815634   -0.573138289785   -0.526267658069
-0.766191123834   -0.33769331415   -0.546729280707
-0.10934876242   0.423377473581   -0.89932997715
-0.928561578762   -0.366366874109   -0.0595714961721
-0.354705916758   0.828569178508   0.433193781029
0.950773309059   0.130156524547   0.281228368509
0.0410072729665   0.846693303004   -0.530498688434
-0.307162041438   0.515916402127   0.799676029294
-0.116473845039   -0.863121805445   -0.491380288913
-0.00669372706919   0.495418608602   -0.868628571045
0.99317120044   -0.0978833457947   -0.0634808110283
0.907876266121   -0.213883879709   0.360575055134
-0.00927696667851   0.849612232758   0.527326265377
-0.419135565508   -0.482092043357   0.769358587968
-0.959768766399   -0.239223346698   -0.147032455324
0.224996432078   -0.968465915204   0.107017872048
-0.167996899008   0.0696305233368   0.983325303693
0.156021449217   -0.104286808439   0.982232750203
0.316943403415   -0.936542518409   -0.149780130769
0.935523272301   0.334681146954   -0.113067316357
-0.349043680244   -0.247952165805   0.903708053543
0.865413797297   -0.455226089333   0.209351812435
0.359482241585   0.855154340101   0.373475004198
0.611447153761   0.536157907515   -0.581951126635
0.198921532899   -0.815984030424   -0.542771094252
-0.765873775065   0.216113246273   -0.605584494601
-0.356446798766   0.120118995063   0.926561993459
0.79521891182   0.559611078057   0.233371657308
-0.490481990477   0.820004192169   -0.294992477764
0.714864316716   -0.347526205001   -0.60679034697
0.492862361254   -0.365152917356   0.789778413474
-0.496039999594   -0.863648531735   -0.0897521847686
-0.989148889585   0.0252809813116   0.144752157683
-0.146423044628   -0.252394175193   -0.956484400859
0.0123534275391   -0.967296743026   0.253352219126
0.698607212125   0.642043172303   0.315798141822
0.300700931731   -0.663949111169   0.684653333345
0.649250992402   -0.383342930159   -0.656902586104
-0.523365949763   0.38833468074   0.758475004925
-0.839253495987   -0.0808898132528   -0.537689929802
-0.147450760709   -0.917961364586   0.368246163981
0.375084038371   0.867589899811   -0.326496175784
-0.436528077808   -0.145402015079   -0.887863465441
-0.817774555939   0.47554816972   0.324189356236
0.722336393726   0.664879369351   0.190172769632
0.554642307373   -0.721253720061   0.414928607842
0.413040154185   -0.194240219692   -0.889758062986
0.595825283759   -0.803105034565   -0.00384922514049
-0.746708490585   -0.555737017831   0.3654912885
-0.295666946353   -0.214894754095   -0.930807524634
0.501674416043   -0.840038355575   0.206538991399
-0.787913914905   -0.345163720574   0.509954610909
-0.357091664009   -0.41856612817   -0.835037717484
0.612387153646   -0.704386232084   -0.358917833825
0.0495886861918   -0.418885971993   0.906683798007
-0.789001227876   -0.573039774724   -0.22159080128
-0.196520143798   -0.576914812967   -0.792810923516
0.327295933322   0.723602026796   -0.607682059549
0.924260371269   -0.378905545018   0.0466194915492
0.885911594914   0.450611378338   0.110045588562
0.337389017727   -0.463171676084   -0.819536849267
-0.318322629681   0.763165370219   -0.562360488583
-0.257664540547   0.770898857429   0.582515291133
0.638428547694   0.588356079522   -0.496231957006
-0.725271054349   0.244033024979   -0.643762338178
0.0931526017502   -0.0354202715496   0.995021601701
0.872717686947   -0.478139671774   -0.0987232394603
0.479256113554   0.877569281301   -0.0136280499376
0.00164611516221   -0.752439393267   -0.658659399036
0.968670950666   0.164773159174   -0.185812693356
0.248342170831   -0.637718376039   0.729137453856
0.0532710093305   -0.512927772095   -0.85677729669
0.995514093349   -0.0399044264275   0.0857867482538
-0.0781915945088   -0.857503805733   0.508501048536
-0.393652575803   0.327223748996   0.859047344028
0.583283663824   0.811196870964   -0.0417110747728
-0.710505375565   0.484648598817   -0.5101940068
-0.0749592061799   -0.997134452148   -0.0101434885453
-0.952292387768   0.0685640520266   0.297383953785
-0.295836465333   0.0319514022815   -0.954703028552
0.45350448241   0.053915383106   -0.889621722945
-0.223591191882   0.973129752443   -0.0550042137502
0.862751793614   0.223856239766   0.453373709615
-0.79773168792   -0.413432999462   -0.438976066028
-0.334889992088   -0.301643683879   0.892671115145
-0.501473354016   0.859119422182   0.102174511704
-0.716656502538   -0.114510405772   -0.687953691907
-0.321599986368   -0.821024019012   0.471679791714
-0.618842761941   0.559281453397   0.551575142719
0.0700987595609   -0.231921099412   -0.970205491149
0.686941139114   -0.694015558968   0.215532232458
-0.723324244582   -0.681582625573   0.110666582034
-0.885266343426   0.4497830846   0.118314780735
-0.465073468478   -0.854402760529   -0.231737579627
-0.00314315923236   -0.26017458312   0.965556472475
0.497465034613   -0.864925134853   0.0665810049091
-0.551548171714   -0.256115228438   0.793851090251
-0.669569364139   -0.431635784329   -0.604456244675
-0.604723975469   -0.153405882636   -0.781519867231
-0.469567857901   -0.723902890266   0.505438640898
-0.64328274851   0.672628298586   0.365728847313
-0.349677121833   -0.894604853875   -0.278223104066
0.936584242099   -0.341137996193   -0.0802175452248
-0.0231494635709   -0.288629611327   0.957160932522
0.643142924307   0.373343582555   -0.668566944961
-0.542993222073   -0.393269253054   -0.741955322599
-0.539931061629   0.840210633898   -0.0502053140072
0.743615676295   -0.56582715628   0.356195801397
-0.496025140261   -0.824090548192   -0.273558943559
0.448324525257   0.0267406915982   -0.893471179069
-0.652725117749   -0.432193159966   -0.622217765654
-0.643179714589   -0.117866881613   0.756587415205
-0.400332024897   0.894043474661   -0.201041278263
-0.90169332346   0.224376338684   0.369577262926
0.0576245143648   -0.784795238892   0.61705740494
0.428499136496   0.57769861025   0.694730212278
0.576477621551   0.189047188142   0.794943199592
-0.337021916529   -0.831251057596   0.442083490091
0.744372055965   -0.522764521641   -0.415484565206
-0.46652228243   -0.461281359539   0.754702630115
0.428965478792   -0.864178596588   -0.263027476302
0.773527743888   0.201033187875   0.601032757814
0.745586277718   0.121922076938   0.655161132569
0.224234492776   0.879896943616   -0.418927512659
-0.627550790553   0.459256329046   0.628699951885
-0.662059231577   0.508201173512   -0.550826932534
-0.0406043762291   -0.758216761948   -0.650737936972
-0.748351539715   -0.408460702179   0.52261856396
-0.594578864319   -0.349144574935   0.724275012524
-0.525649186904   0.850428126312   -0.0215628870234
-0.608415286034   -0.393535375263   -0.689174155831
0.573262931189   0.558077656458   -0.599932552466
0.110032186637   -0.777987755267   -0.618569719022
-0.811949909816   0.288591248567   -0.507398149159
0.895198477031   0.442123831073   0.0560934953779
0.428032577792   -0.887996189474   0.168094744278
0.124129265586   -0.126468370365   -0.984176250877
0.67377932292   0.735324031349   -0.0729382092835
0.331401741739   -0.212481872035   0.919252033126
0.660450073075   -0.643544857609   -0.386853554148
0.227492783852   -0.200043473253   -0.953010837424
0.782268744102   0.620372236846   0.0565146591858
0.579916079652   -0.758367261629   0.297617959655
-0.232059904669   0.218158286944   -0.94792144972
-0.376348081097   0.878488708602   0.294312252665
0.896944945276   0.425046517515   -0.12175854506
-0.125373736474   0.160803816425   -0.978992013241
-0.0887207694778   -0.984642419061   -0.15036991588
-0.988135544563   0.0680045525064   0.137713136751
0.55623919858   -0.819343028477   -0.138834222213
0.387626381704   0.108031947327   0.915464285288
-0.73508076276   -0.563032921876   0.377690588873
0.198406968906   0.89473054468   -0.400114835405
0.304938769931   0.331618592008   0.892771761432
0.931475697852   -0.299142647967   -0.207042584563
-0.488725549608   -0.588748192784   0.643834628876
0.142051079872   -0.78182389736   -0.607102162615
0.860795535858   -0.205248899237   0.465729514067
0.178183650794   0.477364285415   -0.860449859474
0.781425966448   0.462789804238   0.418567890526
0.598016789581   -0.746959810852   -0.290563272669
0.219251560691   0.531686420554   -0.81806986394
0.354883457536   0.737579476365   0.574486072294
0.908837985372   -0.416276429661   -0.0269712639137
0.26034709716   0.260269267157   -0.929773714642
0.771749121741   -0.634765838855   0.0384098922716
-0.580191817384   -0.727552015532   -0.366121928396
0.944447226103   0.323717342993   -0.0568022835677
0.28215603747   -0.887232872866   -0.364972788371
-0.168544914169   0.328670423947   -0.929283426071
0.728434205624   0.61459442943   0.30274950281
0.0348348763552   -0.474548775728   0.879539542355
0.684229570778   -0.63014043077   -0.367086857751
0.598562913656   0.0325357469002   0.800414873891
0.403647214381   -0.875310078078   -0.266273716957
0.691947593026   0.482466777295   -0.537061212663
-0.743766642578   0.535706742732   -0.399787130305
-0.194454655917   0.398819799645   0.896175346434
0.639530179552   0.744285664618   -0.192458286359
-0.800823270579   -0.367138308526   -0.473171796077
0.343829768657   -0.928732896978   0.138694963595
-0.490370448106   -0.0516203947456   0.869983998845
0.0447129620297   -0.965733838872   -0.25565395005
0.905859398051   -0.0687061197204   0.417969213413
-0.421211990192   -0.250275178266   0.871746981444
-0.615283194081   0.573378863272   0.54098359897
-0.645832953516   0.0268645126632   -0.763005953152
-0.452024746396   -0.81884978326   0.353777691138
0.998057728296   -0.0609380245535   0.0129355405884
0.00385740270365   -0.146795078639   -0.989159420688
0.062176293643   0.987288101952   -0.146274900248
-0.418867222233   -0.90655393777   0.0519768893271
-0.885981335021   0.395485654295   -0.242124972846
0.198943994895   -0.14746995082   -0.968845680015
0.117335319041   -0.988564801493   -0.094720948021
0.0041413222462   0.0958660401206   -0.995385630641
0.993083719631   0.116401621487   0.015342436971
0.389305707773   -0.341525259966   0.855454014066
-0.849678817743   0.225438066098   0.476679760973
-0.355650080916   -0.912435304363   -0.202422454356
0.458669841096   0.199601028958   -0.865899201588
0.456879665056   0.782808956692   0.422458421016
0.762156788154   -0.589380670762   0.267857208003
-0.436452733535   0.181810451164   0.881166252027
-0.887815701351   -0.245863035893   -0.389017533651
0.145918759236   -0.952101003519   0.268721772415
-0.794589508889   0.599608303586   0.0953808960378
-0.585095225295   -0.798176220517   0.143451801219
0.162145645624   0.0581783826435   0.985050286231
-0.621749176195   -0.733536717318   -0.274503124111
0.733533862211   -0.668213857967   0.124170992256
-0.274510753506   -0.124154124677   0.953535318141
0.0388175033817   -0.730515125881   0.681792383793
0.833731528629   -0.352423002054   -0.425076192041
0.550803905132   0.584932202677   0.595373309222
0.993633387065   0.0938660355669   0.0623045703811
-0.0818740648765   0.221739185271   0.971662684786
0.0773907592935   -0.970577613008   0.228012651577
-0.757129822209   0.115375341269   -0.642995412423
-0.0403004201327   0.974156273817   0.222250832037
0.652020280288   0.194185701923   -0.732913093631
0.714921978086   -0.582983872627   -0.386026403606
-0.353855988716   -0.777843401307   0.51937045972
-0.603052667081   -0.234711609081   -0.762389685545
0.0440642190375   0.898634356493   -0.436479903605
0.867631298536   0.182164954632   0.462635836868
0.495251797292   -0.399089314671   -0.771656337247
-0.363524440014   0.846779601361   -0.38834825546
0.921256797101   0.388669925336   -0.014887527759
0.138332839902   -0.363180439184   -0.921392481913
-0.975078592042   0.217620659837   -0.0432074508756
0.133306164512   0.418969129898   -0.898162279792
-0.177355862328   -0.881536875435   -0.437539108023
0.618099824905   0.720791027842   -0.313708303131
-0.777296676339   0.500846810124   -0.380739212843
-0.117313606299   0.479179262308   0.86984179708
-0.636199449413   0.207804550307   -0.743012429096
-0.365536878926   0.766910084122   0.527476733629
0.679435788773   0.607178872529   -0.411947538185
-0.822398232288   0.446155702683   -0.353015020159
0.39757314882   0.00684020570306   -0.917548956797
-0.406952216891   -0.894933285639   -0.183010888327
-0.976305945939   -0.12537898989   0.176374188661
0.187114557907   -0.0797034436015   0.979099624419
-0.108700909615   0.988902442717   0.101274609485
-0.620666612554   0.478557677095   0.621091759724
0.634262234991   0.772139331215   0.0388869604343
-0.460959696251   0.418070960628   -0.782772154184
0.932875159732   0.360021744647   -0.0113260521308
-0.355383332095   0.914820877438   -0.191847463151
-0.0587079495878   0.182994822959   0.981359399684
0.998401388376   -0.0477736293342   -0.0302050996824
-0.00985562419552   0.379067150303   -0.925316685908
0.0556554972873   0.924135154016   0.37799033021
-0.832344606796   -0.410866988981   0.372010411566
-0.545808298672   0.490840514269   -0.67909436836
0.096419552212   -0.768286520383   -0.632803255329
-0.353441602099   -0.758211118508   0.547900108779
-0.400895309973   -0.406421974198   -0.821038189746
0.845199136222   -0.509839835978   -0.160316608678
0.385620592691   0.240968714368   -0.890635064597
0.38254463197   0.836659082145   0.391996402778
0.839616784101   -0.491869549714   0.230451683108
0.211513193725   -0.400411032415   0.891590267664
-0.940358512378   -0.332047786478   0.07396072421
0.266435861831   -0.85405815121   -0.446762423981
0.0512673545668   -0.605401094128   -0.794267715106
0.998658184837   0.0369031919803   0.0363320024885
0.00731559222352   -0.79506458843   0.606480663042
-0.998146051813   0.0588578968495   0.0142252472199
-0.0147029948235   -0.00768230129832   -0.999852847336
-0.0587403747284   -0.998227249859   0.00855252461049
-0.64206916479   -0.135213241272   0.754628953821
0.312476947613   0.852694641019   0.418652639412
-0.700075450056   0.504608020805   -0.505237940242
-0.804955323289   0.588666665188   0.0742857603028
-0.0310679480372   -0.166845562061   0.985493414241
0.59252139159   0.790970318156   0.152591953813
-0.945254795755   -0.0146369174294   0.326003308857
0.235257682001   0.661760375697   0.711847496867
-0.226155300175   0.749572409033   -0.622088555856
-0.597062636866   0.189708474721   -0.779439649417
0.503844607319   -0.667389645531   -0.548389373661
-0.62422438605   -0.720139561535   0.302890420554
0.291221648676   -0.0913352667892   0.952285552577
0.756541878024   -0.587265638939   -0.2876862031
0.585520530299   0.80422436776   -0.101925473947
-0.206213497445   -0.821808701344   -0.53113696966
-0.248403107711   0.568987802186   -0.783931621564
0.946452279951   -0.0297211978862   -0.321472803803
0.954336303323   -0.171153574607   0.244844180278
-0.168072685024   0.369962866303   0.913717149999
-0.246969211169   -0.913145065996   0.324302753359
0.993425277406   -0.0640699689987   0.0948749558141
0.0787613937852   0.983930046408   -0.160244521029
-0.0830834581444   0.166663441532   0.982507219376
0.895623801983   -0.364623768988   -0.254769545228
-0.149460061254   -0.786141684306   0.599702503147
-0.418950718076   -0.499029968319   -0.758583900583
0.836572506673   -0.547520856105   0.0191665192317
0.547462006367   0.836785732541   0.00865977182255
-0.0207796755064   0.00324841397085   0.999778801984
