-0.191280805866   -0.856736913601   0.478971341273
0.692439600548   0.228069436833   0.684479183058
-0.695657303908   0.462586438755   0.549613240505
0.789469540273   0.212683199675   -0.575763584272
0.279978691371   0.709989184765   0.646163520018
0.546214043005   -0.671327951749   0.500968071361
0.956622535777   -0.150290493025   0.249571817233
0.0433873533178   0.920605392403   0.388076344847
-0.288081345843   -0.360414316536   0.887192571628
-0.644312142881   0.729494587566   -0.229563251288
0.262862996246   -0.0706378579491   -0.962243832452
-0.718167588265   -0.680329181058   -0.14624419708
0.559725996536   -0.744119882101   0.364681250103
0.549984574801   0.66275868129   0.508200650491
-0.619857871287   -0.0838840553387   0.780217717574
0.235302384139   -0.95276714611   -0.192009323843
-0.778373075008   -0.0664231793123   -0.624278267433
0.582037946574   0.296349058341   -0.757237827049
0.947166043838   -0.18054754444   0.265101995041
-0.0828091890418   -0.936152730448   -0.341702555858
0.309869523813   0.301696176089   -0.901643072358
-0.996349606858   0.0764797257803   0.0378407614242
-0.0742720214107   -0.558973186035   -0.825849656233
-0.042008790939   -0.825648132929   0.562618007401
-0.989197330602   -0.0199920594974   -0.145212798649
-0.0249083809837   0.999173695933   0.032116926981
0.144450724786   0.0353870315085   -0.988877922025
-0.858408529926   -0.285153910947   -0.426409188342
-0.507831857038   0.3550476097   0.784887861588
-0.0724179108261   0.890297364571   -0.449586917374
0.887593720834   0.0163511719559   -0.460336860602
-0.4529361099   0.212842140364   -0.865763881698
0.0838228274531   0.976949772343   0.196323383826
0.244046422311   0.621147561253   0.744726171267
-0.354785334884   0.771895699948   -0.527545638182
-0.902534613836   -0.135472290018   0.408752424496
-0.498375309459   0.762680616074   0.412229560337
0.822937335664   0.266586009915   0.501699667769
0.272743605099   0.58927641471   -0.760497119853
-0.816300753821   0.576095341193   0.0420381697746
-0.566257061017   -0.812479421657   0.138672639138
0.11404381049   0.0893941712449   0.989445648464
0.00275417468828   0.494551909558   -0.869143735735
0.48972789704   0.757119886779   0.432361037053
0.871870983274   -0.42683473178   -0.240110626217
0.665222804981   -0.731476203629   0.149737061359
0.744468315414   0.634506515372   -0.20777009885
0.056969740786   0.249687905505   0.966649056745
-0.135447423251   -0.935148238135   0.327340808911
-0.952047525836   0.214322387558   0.218338239178
-0.274335088926   -0.282070648686   -0.919334981733
0.0340132329105   0.924713057213   0.379142149055
0.861648660831   -0.219338635348   0.457659296227
0.506364091003   0.311120889617   -0.804238165222
0.942874520491   0.0544390251095   -0.32866996386
0.00966179847515   -0.990610464071   -0.136361875155
-0.333007811093   0.12539658644   -0.934547259984
0.818706166868   0.155327751481   0.552805119839
-0.557915628708   -0.0125554579919   0.829802689629
0.135832110133   -0.987783195895   0.0763805503051
0.143363584052   -0.701894983703   -0.697703592095
0.988622561044   0.0691411360706   0.133584886282
-0.0455225478739   -0.708916724235   0.703821548063
-0.448152887623   0.391593227383   -0.803625353453
-0.840572109226   0.121411171248   0.5279184043
0.304298362854   0.912093228061   0.274751591868
-0.224430019248   0.901695147359   0.369563319485
-0.177586361563   -0.41073110634   0.894294730414
0.958172359269   0.135077170123   0.252309135593
0.135525594407   0.746713792993   -0.651192774235
0.628180777742   -0.573023276847   -0.52634068509
-0.766173889099   -0.337733797034   -0.546730934453
-0.108965493097   0.423540510991   -0.899299669135
-0.928612164399   -0.366178220657   -0.0599406583175
-0.354691284764   0.82856917028   0.433205714306
0.950822945588   0.129860534727   0.281197380736
0.0411892192652   0.846788640352   -0.530332390592
-0.306983995721   0.515834506228   0.799797215287
-0.116711473899   -0.863210909402   -0.491167351405
-0.00665902426235   0.495216172246   -0.868744268678
0.9931435438   -0.0981217246877   -0.063545554083
0.90783237335   -0.214312702356   0.360430922194
-0.00890951504416   0.849481310827   0.527543483171
-0.419238601045   -0.48213231763   0.769277212138
-0.959824625259   -0.239032645241   -0.14696819538
0.224809716924   -0.96850851648   0.107011260916
-0.167919168414   0.0696721845159   0.983335617124
0.155662311552   -0.104070212905   0.982313097555
0.317235793706   -0.936491386962   -0.149486517161
0.935484410364   0.334894249588   -0.112761998819
-0.349167965204   -0.247933217611   0.903665279632
0.865458464895   -0.455046961109   0.20955667826
0.359254037624   0.855255210722   0.373463654041
0.611366735119   0.536358879228   -0.58185046975
0.198968456407   -0.815831130065   -0.542983971967
-0.765925825279   0.216192490922   -0.605490590729
-0.356601056314   0.120212425194   0.926490460036
0.7951256304   0.559725535019   0.233414929079
-0.490520979764   0.819912355112   -0.295182681325
0.7146615515   -0.347762173549   -0.606894001052
0.492875599726   -0.365282094271   0.789710448208
-0.496318950936   -0.863498940048   -0.0896495695864
-0.989113757225   0.0256306432538   0.144926711779
-0.146681286732   -0.252322863492   -0.956463274229
0.0120532893126   -0.967305776346   0.25333134566
0.698336926941   0.642257702925   0.315959769098
0.300890756228   -0.66394206999   0.684576993085
0.64945383629   -0.382996017836   -0.656904668797
-0.523372362099   0.388310621006   0.758482925615
-0.839250554818   -0.0808825949984   -0.537695633741
-0.147444881478   -0.917972194524   0.36822154366
0.375047026578   0.867617417425   -0.326465540837
-0.436463873535   -0.145422998549   -0.887891573828
-0.817825787973   0.475491510708   0.324143191597
0.722248834299   0.664959595222   0.190223980941
0.554575190563   -0.72113543728   0.415221422646
0.413282934822   -0.194399610427   -0.889609284794
0.595774803137   -0.803139455701   -0.00437300233306
-0.746668823148   -0.555873167644   0.365362326531
-0.295867837036   -0.214408432217   -0.930854409269
0.501912536663   -0.839973740466   0.206222863492
-0.787759594806   -0.345512761269   0.509956482096
-0.35709743053   -0.418407586174   -0.835114559457
0.612266717915   -0.70431554751   -0.359261847713
0.0497306765474   -0.419182123269   0.906539136334
-0.789085752943   -0.572910076217   -0.221625173805
-0.19665766416   -0.57711473815   -0.792631262523
0.327246539669   0.723425746166   -0.60791848677
0.924248582143   -0.378937677319   0.0465915887887
0.885815747991   0.450738018844   0.110298250468
0.337592458818   -0.462892097786   -0.819611067878
-0.318373675792   0.763260249985   -0.562202866234
-0.257594781673   0.770767799191   0.582719393956
0.638417652421   0.588451358475   -0.496132933774
-0.7253053105   0.244217089138   -0.643653767767
0.0929851180837   -0.0352315526398   0.995043985519
0.872679949185   -0.478257911288   -0.098484118361
0.479357384118   0.87751248024   -0.0137250196583
0.00142529645592   -0.752593758085   -0.658483558258
0.968629953882   0.164674803564   -0.186113447619
0.248503468076   -0.637561634851   0.729219573334
0.052897108057   -0.512997350405   -0.856758783668
0.995550432493   -0.0399083123299   0.0853619459949
-0.0779822497662   -0.857461978129   0.508603700578
-0.393823005458   0.327187786643   0.858982872143
0.583542416636   0.811027635984   -0.0413813872908
-0.7101983317   0.484956001612   -0.510329292356
-0.0747315672067   -0.997151946702   -0.0101022530067
-0.952258205095   0.0683536075123   0.297541784319
-0.296004005307   0.0318558907242   -0.954654267935
0.453477228396   0.0534489412017   -0.889663768658
-0.223452661543   0.973137189659   -0.0554339111791
0.862802015892   0.223935752268   0.453238863607
-0.797626734718   -0.413493685563   -0.439111440722
-0.334865592559   -0.301931595868   0.892583584751
-0.501658170763   0.858989751305   0.102361275439
-0.716713151126   -0.114357621182   -0.68792791488
-0.321701080312   -0.821012490143   0.471643023981
-0.618733299993   0.559339844478   0.551641278363
0.0700890747606   -0.231578418494   -0.970288091306
0.686979612827   -0.694057519292   0.215274736927
-0.723288708333   -0.681656538798   0.110443781989
-0.885177444182   0.449951681337   0.118341057001
-0.465243366519   -0.854339370995   -0.231631332791
-0.00311949043658   -0.260092193044   0.965578750842
0.497593164575   -0.864864889894   0.0664060563069
-0.551572446141   -0.256397656096   0.79374308022
-0.669454164781   -0.431588881888   -0.604617363913
-0.604675401598   -0.153194677066   -0.781600572797
-0.469771664571   -0.723861980027   0.505310649948
-0.643181659909   0.672722573357   0.365734674374
-0.349701057231   -0.894617797835   -0.278151334119
0.936579285161   -0.341117112021   -0.080363902401
-0.0229872025972   -0.288614119541   0.957169513965
0.643105506267   0.373470363126   -0.668532136041
-0.542970570817   -0.393228439048   -0.74199355582
-0.539998415071   0.840173413956   -0.0501039789567
0.743524093396   -0.56574935742   0.356510263668
-0.495921323972   -0.824147792325   -0.273573247183
0.448591065394   0.0266072494649   -0.893340903538
-0.652537362925   -0.43251309177   -0.622194027306
-0.643266264406   -0.117798993854   0.756525314849
-0.40050155461   0.893898464244   -0.201351882893
-0.901733789652   0.224548180254   0.36941098485
0.0574073052423   -0.784756670808   0.617147414006
0.42847492609   0.577706364907   0.69474184346
0.576468451733   0.189268725503   0.794897177008
-0.33680514754   -0.831283790474   0.442187472889
0.744477309969   -0.522632584265   -0.4154622465
-0.466769912697   -0.461234909322   0.75457820536
0.428935068819   -0.864225429316   -0.262924307671
0.773395510925   0.200939899597   0.601234194811
0.745344380919   0.121816757187   0.655455894795
0.22450934635   0.879876282392   -0.418823686516
-0.627739839229   0.45932385596   0.628461842464
-0.66221356245   0.5082287058   -0.550614263721
-0.0408035017787   -0.758191451114   -0.650753443051
-0.748202886292   -0.408470992852   0.522822803912
-0.594518561203   -0.349100622387   0.724345810556
-0.525717738123   0.850383641821   -0.0216462632914
-0.608415119506   -0.393670492088   -0.689097255989
0.573229974846   0.558330093384   -0.599729056712
0.110302594364   -0.777835358433   -0.618712901177
-0.811936433669   0.288513124881   -0.507463832372
0.895032856847   0.442488108105   0.0558607776695
0.428422067589   -0.887802969065   0.168106600111
0.123978563868   -0.126528934176   -0.984184496533
0.673524677003   0.735546899931   -0.0730427623507
0.33155093898   -0.212310087986   0.919237900902
0.660634893108   -0.643346797299   -0.386867343574
0.227447526206   -0.200332366893   -0.952960947365
0.782258785298   0.620405853601   0.0562829497217
0.579947253853   -0.758263490075   0.29782153016
-0.231700796099   0.217774824617   -0.948097496572
-0.376814274671   0.878439476406   0.293862362879
0.896842092928   0.425344815033   -0.121474463067
-0.125338642186   0.161082733813   -0.978951348586
-0.089000138995   -0.984581121966   -0.150613982043
-0.98811556272   0.0682491699243   0.137739285636
0.556198220935   -0.819304770407   -0.139223653487
0.38790559155   0.107787202217   0.915374872914
-0.734964478425   -0.563135506877   0.377763956985
0.198402205757   0.894690540631   -0.400206745842
0.304831651052   0.331745698113   0.892761159614
0.931511818191   -0.29912148051   -0.206910922684
-0.488821018445   -0.588480319717   0.644006598537
0.141930375359   -0.782025676084   -0.60686992039
0.860760915821   -0.205246790546   0.465794211873
0.178068790323   0.47733041016   -0.860492428625
0.781364702858   0.46295256448   0.418502265898
0.598131040251   -0.746880596193   -0.290531732392
0.219130220131   0.531618413465   -0.818146568868
0.354958531397   0.737631864448   0.574372416837
0.908837932017   -0.416270458596   -0.0270650584653
0.26022672561   0.260371206018   -0.929778944519
0.771751908275   -0.634773003506   0.038239045243
-0.580242227581   -0.727509496559   -0.366126874845
0.944391142914   0.323916172192   -0.0566012826488
0.282415991232   -0.887165412514   -0.364937674618
-0.168423869155   0.328658807659   -0.929310267462
0.728361986788   0.614779130467   0.302548224692
0.0351158873221   -0.474464139709   0.879574105731
0.684292102818   -0.630024089822   -0.367170152078
0.598459113638   0.0326676432795   0.800487164165
0.404060936422   -0.875089636339   -0.266371460119
0.69179594865   0.482857971033   -0.536905257615
-0.743780500335   0.535715421519   -0.399749255322
-0.194362366714   0.398871024314   0.896172498049
0.639541828491   0.744251881422   -0.192549543964
-0.800988514153   -0.366814679803   -0.473143468993
0.343609028159   -0.928856222072   0.13841723451
-0.490255634682   -0.0517057610157   0.870043649649
0.0446286921918   -0.965656207017   -0.255961624805
0.905821337291   -0.0689373753109   0.418013546365
-0.42130270404   -0.250510897739   0.871635428084
-0.615206852332   0.573426742198   0.541019526172
-0.645904105065   0.0268628832098   -0.762945718024
-0.452026817155   -0.818816251013   0.353852560613
0.998068053264   -0.0607373240344   0.0130819924677
0.00401968872771   -0.146991382153   -0.989129606189
0.0620000254865   0.987271246014   -0.146463257498
-0.418584230127   -0.906684315151   0.0520668269103
-0.886117911285   0.395185272849   -0.242123347559
0.198953384251   -0.147486341037   -0.968847537796
0.117447503466   -0.98857128333   -0.0945139609662
0.00434494259104   0.0956832648023   -0.99540234132
0.993069580904   0.116496855781   0.0155330519059
0.389529249827   -0.341656264919   0.855299914087
-0.84961378302   0.225212183096   0.476902370032
-0.355560636317   -0.912442024175   -0.202549136433
0.458923927244   0.199343148712   -0.865823962598
0.456944380049   0.782788832235   0.422425704854
0.761964998336   -0.589494657857   0.268151793681
-0.436408936761   0.181762838035   0.88119774028
-0.887832722396   -0.245856932439   -0.388982492813
0.145946030461   -0.952111649641   0.268669193899
-0.79456185815   0.599655169894   0.0953160340658
-0.585103672098   -0.798123546867   0.1437098202
0.162250306713   0.0584165793544   0.985018954822
-0.62189913288   -0.733425982828   -0.274459067524
0.733351341848   -0.668377031485   0.12437015812
-0.27465844506   -0.123929231958   0.95352204146
0.0389037750705   -0.730549361898   0.681750779958
0.833711478518   -0.352365816999   -0.425162911596
0.55082816443   0.584923893033   0.595359028293
0.993641647289   0.0937204805245   0.0623918940088
-0.0819243493448   0.221718187554   0.971663245604
0.0772313271424   -0.970596483305   0.227986414368
-0.75706257378   0.115222829931   -0.643101674733
-0.0406791087463   0.974103034833   0.222415118124
0.652074592891   0.194542987849   -0.732769785866
0.714937805182   -0.582915135489   -0.386100707732
-0.353540369139   -0.777804152041   0.519643282636
-0.60321888157   -0.235010379808   -0.762165560611
0.0438752480916   0.898534455206   -0.436704451944
0.867504038718   0.182534708297   0.462728655355
0.495491360519   -0.399145209773   -0.771473513188
-0.363477496934   0.846760909239   -0.38843165951
0.92125878779   0.388667996263   -0.0147994303637
0.138439291546   -0.3632254669   -0.921357981226
-0.975136427394   0.217406583666   -0.0430197665602
0.133039442538   0.418988628479   -0.898193300673
-0.177247932753   -0.881581009337   -0.437496813456
0.618251569019   0.720609916761   -0.313825339825
-0.777165041849   0.500841667391   -0.381014593108
-0.117386088522   0.479456953542   0.869678984143
-0.636122836057   0.207831941009   -0.74307048882
-0.365614079475   0.766870326236   0.527481057571
0.679466122737   0.607219734119   -0.411837461134
-0.822495552018   0.446006171035   -0.352858178469
0.397376559305   0.00688561410238   -0.917608821839
-0.406844280812   -0.894981885403   -0.18286412937
-0.976342144729   -0.125333088227   0.176197003892
0.186918256096   -0.0795760812095   0.979146559096
-0.108698356578   0.988917608119   0.101121751525
-0.620917002912   0.47827072781   0.621062950786
0.633931744512   0.772406829058   0.0389645231488
-0.461077673737   0.417905254436   -0.782791530206
0.932938697174   0.359859110124   -0.0112609324397
-0.355226873153   0.914933978451   -0.191597714503
-0.0586451731043   0.182749107997   0.9814089399
0.998404011091   -0.0477685222289   -0.0301263820963
-0.00979324354594   0.378923622626   -0.925376124303
0.0556194479926   0.92419426926   0.377851055959
-0.832193359038   -0.411031360641   0.372166491291
-0.546012843862   0.490575664811   -0.679121211791
0.0965642325488   -0.768367663646   -0.632682302172
-0.353552724684   -0.75792020836   0.548231272125
-0.400931778337   -0.406736044695   -0.820865154619
0.845135657215   -0.510022402163   -0.160071718731
0.385354536618   0.240642035719   -0.890838531225
0.38268172216   0.83679101711   0.391580761021
0.839676471979   -0.491805046255   0.230371906012
0.229572190392   -0.402449007634   0.886189336703
-0.947082396153   -0.302245565551   0.10808691368
0.22434722893   -0.86410800382   -0.450539601439
0.0512576945384   -0.605453529226   -0.794228366624
0.998660287989   0.0367221179148   0.0364573901281
0.00709250285207   -0.795033040853   0.606524666435
-0.998139127217   0.0588993216279   0.0146195334164
-0.0150988548648   -0.00769220883573   -0.999847483725
-0.0587782734292   -0.998225343318   0.00858506213569
-0.642366542572   -0.135225245542   0.754373675055
0.312253570371   0.852730039498   0.418747194574
-0.699902290636   0.504544981286   -0.505540706029
-0.804846754046   0.588836519868   0.074118781265
-0.031267696171   -0.166785881933   0.985497346272
0.592658731517   0.790856650223   0.152648437966
-0.945322699385   -0.0146691463775   0.325803776064
0.235075688001   0.661798860078   0.711871752831
-0.226059074721   0.749537716003   -0.622164834559
-0.597155654278   0.189740448169   -0.779361657559
0.503780855708   -0.667367075153   -0.54847696638
-0.624188177048   -0.720153244494   0.302933688554
0.291124408988   -0.0913541801792   0.952313504053
0.756629530289   -0.58717997787   -0.28763078281
0.585455677344   0.804284854444   -0.101821168537
-0.206175406348   -0.821674088015   -0.531359906059
-0.248370135202   0.569187129003   -0.783797341151
0.946469192643   -0.0296258188169   -0.321431686038
0.954327248975   -0.171281361044   0.244790110598
-0.167958700121   0.370032192387   0.913710055641
-0.247081723204   -0.913093032547   0.324363609437
0.993386813406   -0.0643302275279   0.0951013190043
0.0790917800328   0.983836995856   -0.160652594618
-0.0832293781149   0.167111901589   0.98241869039
0.895666902592   -0.364357560465   -0.254998738585
-0.148889362404   -0.785967135028   0.600072854906
-0.419061745225   -0.499498790354   -0.758213707236
0.836476205446   -0.547667686128   0.019174462824
0.547613676405   0.836688833914   0.00842931508657
-0.0206595224451   0.00344927670073   0.999780619245
