-0.191463339379   -0.856718322115   0.478931604675
0.69232879035   0.227996161297   0.684615644548
-0.695717335889   0.462656947706   0.549477868623
0.789455339302   0.212588236354   -0.575818120584
0.280184105657   0.709862833996   0.646213294853
0.546129227534   -0.671491621147   0.500841159597
0.956664073   -0.150219991165   0.24945501672
0.0433379529841   0.920572365046   0.38816020141
-0.287950816882   -0.36052804937   0.887188735187
-0.644230002304   0.729650378759   -0.22929875591
0.262604356344   -0.0705560557787   -0.96232048911
-0.718335956718   -0.680170637788   -0.146154987886
0.559584431564   -0.744394642571   0.364337581995
0.550129252216   0.662421853397   0.508483125664
-0.619857292769   -0.0841064762099   0.780194228421
0.23540380824   -0.952784811684   -0.191797128654
-0.778151904771   -0.0665360856758   -0.624541869597
0.582292580271   0.29626683311   -0.757074163463
0.947167618715   -0.180365873033   0.265219994934
-0.082571928853   -0.936153743289   -0.341756851245
0.309928008468   0.301801293325   -0.901587663044
-0.996348334801   0.0765470732538   0.0378956879296
-0.0743607636006   -0.559079536821   -0.825775318314
-0.042023974397   -0.825575523545   0.562725736366
-0.989167745164   -0.020571251289   -0.145361138171
-0.0254624252031   0.999167693081   0.0318682986719
0.144584583455   0.0352242413385   -0.988868249621
-0.858291951539   -0.285249707118   -0.426580169293
-0.508025047199   0.354956838743   0.784803971506
-0.0724471370307   0.890302941061   -0.449571475629
0.887643468468   0.0162339990748   -0.460245076935
-0.452823346688   0.212845296145   -0.865822095688
0.083905245741   0.976951043789   0.196281870417
0.244179689596   0.620910405335   0.744880216355
-0.354610831323   0.772103985086   -0.527358124239
-0.902567131286   -0.135372454507   0.408713669287
-0.498562358005   0.76257288174   0.41221387863
0.822795745891   0.266618173846   0.50191925728
0.272845821379   0.589405107137   -0.760367839913
-0.816139864209   0.576347702562   0.0416997477096
-0.566556281031   -0.812296810182   0.138519652506
0.113708063183   0.0894261676278   0.989481397437
0.00276972940071   0.494114410279   -0.869392477207
0.489818643925   0.757289166789   0.431961588844
0.871819950409   -0.42704106094   -0.239928964316
0.664787469055   -0.731785692427   0.150157643717
0.744879983214   0.634094596417   -0.207552040974
0.05666946457   0.249827419361   0.966630659551
-0.13515152398   -0.935178965211   0.32737468218
-0.952003866315   0.214143745265   0.218702917395
-0.274631604203   -0.28210393578   -0.919235843956
0.0337264244394   0.92472452527   0.379146526028
0.861611610708   -0.2191442355   0.457829175935
0.506451348234   0.31123411511   -0.804145327117
0.942927101383   0.0547205528337   -0.328471923186
0.00998065826482   -0.990601038698   -0.136375111165
-0.332849109485   0.125313389477   -0.934610378139
0.818748978587   0.155438426232   0.552710591213
-0.557831284309   -0.0125351701579   0.829859676477
0.135920418755   -0.98776602495   0.0764452651928
0.142951365701   -0.701996724371   -0.69768581955
0.988680858846   0.0688406800022   0.133308351704
-0.0455528613761   -0.708845227293   0.70389159638
-0.447902713007   0.391708155928   -0.803708828673
-0.840599427166   0.121746146797   0.527797763742
0.304591141953   0.91199923078   0.274739221473
-0.224156136402   0.901812645888   0.369442939136
-0.177624788786   -0.410545644086   0.894372311667
0.958229392144   0.134856772855   0.252210523644
0.13541835467   0.746783891946   -0.65113302645
0.628225246697   -0.572905319405   -0.526412253298
-0.766154970496   -0.337773059525   -0.546729633326
-0.108582338024   0.42370374995   -0.899269146957
-0.928662697499   -0.365989493516   -0.0603098104056
-0.354676557818   0.828569134856   0.433217870422
0.950872934951   0.129564621587   0.281164846221
0.0413701097559   0.846884213222   -0.530165676438
-0.306804784735   0.515752013362   0.799919174767
-0.116949527215   -0.863299711512   -0.49095459827
-0.0066250999433   0.495014037772   -0.868859718873
0.993115762391   -0.0983601094625   -0.0636111048957
0.907788292593   -0.214741770953   0.36028653411
-0.00854211098745   0.849349759692   0.527761325273
-0.41934168311   -0.482173159686   0.769195420188
-0.959880482808   -0.238841639242   -0.146901050038
0.224622978488   -0.968550663147   0.107004206623
-0.167838507718   0.0697140879881   0.983346401568
0.155302806034   -0.103853582406   0.982392934741
0.317528166806   -0.936439213281   -0.149192475352
0.935444978656   0.335107392993   -0.112455601252
-0.349292128641   -0.247914288209   0.903622417496
0.865503158404   -0.45486732482   0.209761662874
0.359025417612   0.85535617033   0.373452208816
0.611286182714   0.536560043787   -0.581749474145
0.199015066122   -0.815677255435   -0.543197279204
-0.765977894402   0.216272051106   -0.605395713253
-0.35675534836   0.120306087479   0.926418881352
0.795032216057   0.559840267707   0.233457940919
-0.490560163324   0.819820273025   -0.29537320233
0.71445878551   -0.347998086675   -0.60699751974
0.492888655202   -0.365411342847   0.789642570163
-0.496597856292   -0.86334926114   -0.0895470485322
-0.989076414879   0.0259795120678   0.145100854072
-0.146938900767   -0.25225039796   -0.956441082569
0.0117538224119   -0.967313625427   0.253311475297
0.698066558413   0.642472261614   0.316121058917
0.301080161757   -0.663934331334   0.684501438917
0.649656730151   -0.382649809538   -0.656906032133
-0.523378106258   0.388286615229   0.758491156629
-0.839247976923   -0.0808754062161   -0.537700643751
-0.147438677022   -0.91798292658   0.368197191139
0.375010007958   0.867645043774   -0.326434655034
-0.436399709539   -0.145443711623   -0.887919727436
-0.817877007567   0.475434776673   0.324097187071
0.722160583739   0.665040736876   0.190275720719
0.554508572302   -0.721018224633   0.415514853194
0.413526631359   -0.194558906958   -0.889461719763
0.595724076152   -0.803174329156   -0.00489771703782
-0.746629786844   -0.556011877683   0.365233337023
-0.296069167671   -0.213921541832   -0.930903546355
0.502150845832   -0.839908965338   0.205906462756
-0.787605233897   -0.345862490918   0.509958007312
-0.357102978143   -0.418248853707   -0.835191839568
0.612146426511   -0.704244295477   -0.359606376102
0.0498725228321   -0.419479135982   0.906393988594
-0.78917013686   -0.572780327335   -0.221660230188
-0.196794799007   -0.577315935952   -0.792450729439
0.327198227781   0.72324807668   -0.608155859045
0.92423653262   -0.378970367245   0.0465652822327
0.885719074764   0.45086580338   0.110551986187
0.337796775717   -0.462610190647   -0.819685957724
-0.318425898165   0.763355591005   -0.56204368429
-0.257523810642   0.77063694146   0.582923868819
0.638407851723   0.588545698243   -0.496033658942
-0.725339194612   0.244402701298   -0.643545205663
0.0928176770477   -0.0350429620926   0.995066286898
0.872641770136   -0.478376760196   -0.0982450546761
0.479459347105   0.877455264137   -0.0138219017033
0.00120514507859   -0.752747599841   -0.658308138851
0.968588705301   0.164577360286   -0.186414104613
0.24866538703   -0.637405168923   0.729301157172
0.0525227848834   -0.513066941633   -0.856740165266
0.995586758719   -0.0399112846471   0.0849360904574
-0.0777714808911   -0.857420227778   0.508706369784
-0.393993692196   0.327152644029   0.858918029201
0.583801959386   0.810857600829   -0.0410515763981
-0.709890347588   0.485263956227   -0.510465136237
-0.0745035876016   -0.997169548754   -0.0100603599939
-0.952224189524   0.0681428436976   0.297699292927
-0.29617125568   0.0317595207975   -0.954605830136
0.453450177988   0.0529822795717   -0.88970546222
-0.223313121584   0.97314466172   -0.0558633768
0.862852351901   0.224014162924   0.453104258417
-0.797522427582   -0.413552769295   -0.439247534801
-0.334841587416   -0.302220535584   0.892495620261
-0.501842008163   0.8588605404   0.102549122585
-0.716763658902   -0.114203650765   -0.687898873491
-0.321801629178   -0.820993229654   0.471604868345
-0.618620275659   0.559396966867   0.551709460777
0.0700791168413   -0.231237383387   -0.970370106635
0.687017603019   -0.694099329137   0.215018256272
-0.723253540931   -0.681729645763   0.110222327822
-0.88508815227   0.450120271883   0.118367837878
-0.465413389959   -0.854275641038   -0.231524821821
-0.0030952625482   -0.260009821955   0.965601012967
0.497721281039   -0.864804606764   0.0662306676298
-0.551596861212   -0.256680546955   0.793634649268
-0.6693387871   -0.431541476497   -0.604778874664
-0.604622758789   -0.152982064426   -0.78167940518
-0.469974541009   -0.7238169333   0.505180643812
-0.643078638522   0.672815011755   0.365742809664
-0.349724648446   -0.894631013556   -0.278079242357
0.936574473696   -0.341095897648   -0.0805101777198
-0.0228247818585   -0.288598307479   0.957178169249
0.643068090356   0.373596984981   -0.668497353914
-0.542947720648   -0.393187960523   -0.742031639709
-0.540065914515   0.840135985718   -0.0500029879266
0.74343137463   -0.565672855813   0.356826091905
-0.495818834741   -0.824208365259   -0.273587803586
0.448858911892   0.0264730684029   -0.893213924309
-0.652348107423   -0.432832787057   -0.622169707644
-0.643352428695   -0.117730161579   0.756462501551
-0.400670711625   0.893752562071   -0.201661752167
-0.901762600002   0.22471894375   0.369242045036
0.0571892266619   -0.78470710005   0.617233643945
0.428447994343   0.577710459646   0.694755496997
0.576459081462   0.189490579222   0.794851127775
-0.336588136699   -0.831316377987   0.442291530498
0.744582716138   -0.522500423065   -0.415439661604
-0.467018216048   -0.461188384148   0.754453034923
0.42890428677   -0.864272149518   -0.262821077945
0.773262711094   0.200845912454   0.601436390773
0.745102218458   0.121711435875   0.655750719449
0.224784496387   0.879855417095   -0.418719922063
-0.627928825477   0.459391738417   0.62822337941
-0.662369344249   0.508256938595   -0.550401829313
-0.0410032716505   -0.758167784355   -0.650769394822
-0.7480548249   -0.408481282182   0.523026908096
-0.594457752871   -0.34905656582   0.724416685822
-0.525786006509   0.85033929594   -0.0217292652367
-0.608415233371   -0.393805281156   -0.689019845536
0.573196663959   0.558582611911   -0.599525785986
0.110573269956   -0.777683355532   -0.618855913637
-0.811923182551   0.288434664252   -0.507529907265
0.894866706247   0.442853138074   0.0556277202687
0.42881239973   -0.88761029309   0.168118149191
0.123827585789   -0.12658943221   -0.984193806804
0.67326855896   0.735771086204   -0.0731462450659
0.331699278342   -0.212137885793   0.919224221297
0.660821498748   -0.643147330694   -0.386880510929
0.227402208135   -0.200621997564   -0.952910819102
0.782248789818   0.620439475992   0.0560506673078
0.579978487443   -0.758159389951   0.298025627682
-0.231340817873   0.217391344183   -0.948273374917
-0.377281201607   0.878389582962   0.293412051413
0.896738693832   0.425643912766   -0.121189693604
-0.125301876297   0.16136162506   -0.978908280064
-0.0892823584235   -0.984515044228   -0.15085756006
-0.988092938591   0.0684964883113   0.137768773109
0.556157188525   -0.819266310257   -0.139613349714
0.388184973675   0.107542357044   0.9152852306
-0.734848012009   -0.563238262213   0.377837331742
0.198397357509   0.894650084131   -0.400299493059
0.304725212209   0.331873547979   0.892749946549
0.931547638193   -0.299100566671   -0.206779596651
-0.488917076571   -0.58821214725   0.644179165111
0.141809567914   -0.782228503372   -0.606637367702
0.860726654277   -0.205244535303   0.465858767806
0.177953879398   0.477295943851   -0.860535285604
0.781304099912   0.463114751135   0.41843591745
0.598244347442   -0.746802045749   -0.290500210356
0.219009659327   0.531549922906   -0.818223340493
0.355034135066   0.737684072979   0.57425862364
0.908837454337   -0.416265400131   -0.0271584294684
0.260106527181   0.260473221927   -0.929783969708
0.77175441423   -0.634780120985   0.0380680815214
-0.580292731114   -0.727466669596   -0.366131767405
0.944334850753   0.324115184446   -0.0564004133778
0.282675919433   -0.887095864066   -0.364903038479
-0.168303250088   0.328647607826   -0.929335094516
0.728290101883   0.6149634445   0.302346624343
0.0353968763639   -0.47437923418   0.879608639655
0.684354133813   -0.629908135953   -0.367253480105
0.598355249433   0.0327995915966   0.800559238882
0.404475097831   -0.874867767027   -0.266469281354
0.691643552275   0.483249593338   -0.536748258578
-0.743794603354   0.535724054192   -0.399711497157
-0.194269557382   0.398922943498   0.896169520111
0.639553658635   0.744217849464   -0.192641842833
-0.801153267653   -0.366490804363   -0.473114887488
0.343388206553   -0.928978945021   0.138139086891
-0.490140537035   -0.0517914862148   0.870103372561
0.0445441871135   -0.965578518277   -0.25626931269
0.905783452625   -0.0691688025533   0.418057455737
-0.421393132995   -0.25074653415   0.871523955948
-0.615130791948   0.573474773549   0.541055281264
-0.64597510419   0.02686113636   -0.762885744311
-0.452029089826   -0.818782741762   0.353927299791
0.998078309795   -0.060536642716   0.0132288475357
0.00418240095604   -0.147188287932   -0.989099649253
0.0618239034735   0.98725423449   -0.146652249129
-0.418299604201   -0.906813651561   0.0521568221299
-0.886253506183   0.394885416982   -0.242121341239
0.198962447539   -0.147502618442   -0.968847305115
0.117559517624   -0.98857770923   -0.0943070893887
0.00454801397942   0.0955005880672   -0.995418960332
0.993055401206   0.116592040182   0.0157230890101
0.389752722876   -0.341787482235   0.855145691705
-0.849548543427   0.224986550229   0.477125091115
-0.355471671748   -0.912448572358   -0.20267594043
0.459178111883   0.199085079322   -0.865748583796
0.457008980403   0.782768788172   0.42239297243
0.761773109911   -0.5896084824   0.268446624648
-0.436365475622   0.181714963429   0.881229220104
-0.887849751599   -0.245850424957   -0.388947900366
0.145972890925   -0.952122535538   0.26861615851
-0.794533758084   0.599702586017   0.0952508971613
-0.585112641969   -0.798070310865   0.143968026262
0.162354923836   0.0586549631468   0.984987549404
-0.622049220938   -0.733315467941   -0.274414627787
0.733168840302   -0.668540215207   0.124569798238
-0.274806140896   -0.123703708523   0.953508774507
0.0389918934663   -0.730584977748   0.681707565092
0.833691717504   -0.352306205574   -0.425251022372
0.550851825976   0.584915294852   0.595345576948
0.993649851848   0.0935747028949   0.0624799729999
-0.0819753555892   0.221697533574   0.971663655879
0.0770714806136   -0.970615265725   0.22796054081
-0.756995198488   0.115069932943   -0.643208678625
-0.0410575087319   0.97404992136   0.222578154783
0.652129415609   0.194899113755   -0.732626631992
0.714953392512   -0.582846634081   -0.386175208988
-0.353225551537   -0.777765341069   0.519915198169
-0.603384786548   -0.235308105865   -0.76194221082
0.0436862921099   0.89843438062   -0.436929218286
0.867376069157   0.182905030527   0.462822297422
0.495732017046   -0.399200936945   -0.771290038833
-0.363431579616   0.846742706178   -0.388514215982
0.921260969518   0.38866611308   -0.0147118649904
0.13854505595   -0.363269875524   -0.921324526631
-0.97517763159   0.2171894103   -0.0428301422045
0.132769593567   0.41901312625   -0.898216839944
-0.177138070588   -0.881617840444   -0.437441885306
0.618403565392   0.720428303479   -0.313942807858
-0.777033253909   0.500836723509   -0.381289777533
-0.117457862143   0.479734959825   0.869515967554
-0.636046181981   0.207859369325   -0.74312840674
-0.365690631462   0.766831055892   0.527485077403
0.679496658109   0.60725993397   -0.411727754155
-0.82269864764   0.44588286828   -0.352725206299
0.397206645717   0.00687215852577   -0.917721180566
-0.406759737416   -0.895083098061   -0.182788083747
-0.976382262998   -0.125286946115   0.176019284083
0.18672137517   -0.0794505884812   0.979195479239
-0.108695608424   0.988934699382   0.100966842756
-0.621167285516   0.477983177622   0.621034228758
0.633600951154   0.772674278855   0.0390426108183
-0.461195474907   0.417739838505   -0.782810584979
0.933002427583   0.359695886678   -0.0111955322866
-0.35506981104   0.915047327775   -0.191347375532
-0.0585824216326   0.182502761463   0.981458527973
0.998406631708   -0.0477637853551   -0.0300469405924
-0.00973004382882   0.378780009739   -0.925435604239
0.0555834874536   0.924253402566   0.377711729946
-0.832038162129   -0.411195216925   0.372321621978
-0.546216307433   0.490311832812   -0.679146477334
0.0967090590827   -0.768446930997   -0.632558218287
-0.353663386234   -0.757628212546   0.548563120661
-0.400969426011   -0.407049924885   -0.820690968995
0.845071313677   -0.510205486779   -0.159826974415
0.385088190637   0.240314972261   -0.891041974418
0.38281853185   0.836923088563   0.391164563414
0.839736302502   -0.491740234378   0.230292173011
0.229861212465   -0.402361643262   0.886154045918
-0.947028231568   -0.302307347274   0.108387736128
0.224279766538   -0.864127004995   -0.450536593908
0.0512482186187   -0.605505932359   -0.794188992264
0.998662303896   0.0365413834507   0.0365827700673
0.00686966753186   -0.795001422745   0.606568654679
-0.998139995115   0.0589395495313   0.0150142453906
-0.015495122951   -0.00770590775191   -0.999845897898
-0.0588149575222   -0.998227452978   0.00861354678841
-0.642663079021   -0.135237779337   0.754118622546
0.312029425186   0.852765897265   0.418841212289
-0.699729799028   0.504480987089   -0.505842989543
-0.804737272481   0.58900679733   0.0739513076205
-0.031467869027   -0.166725477774   0.985501045812
0.592796403851   0.790742392171   0.15270506507
-0.945391353028   -0.0147015294962   0.325604242893
0.234893624581   0.661837145865   0.711896351681
-0.225962924151   0.74950336586   -0.62224166091
-0.597249349929   0.189771867957   -0.77928438959
0.503717712727   -0.667345642713   -0.548564267703
-0.624152215098   -0.720167291709   0.302976837702
0.291026929382   -0.0913741835952   0.952341351993
0.756716926992   -0.587094221878   -0.287575712486
0.585391138083   0.804345110373   -0.101715808401
-0.206138324941   -0.821538264907   -0.53158432979
-0.2483370556   0.569388119763   -0.78366184441
0.946485988909   -0.0295306427549   -0.321391110862
0.954318110014   -0.171408038166   0.244737061247
-0.167845766571   0.370102588728   0.913702287209
-0.247193736449   -0.913040719497   0.324425489424
0.993348214575   -0.0645905663158   0.0953277681559
0.0794224212979   0.983743620214   -0.161060761128
-0.0833750780136   0.16756058165   0.982329907894
0.895709566413   -0.364091519775   -0.255228759181
-0.148318145933   -0.785792246817   0.600443134858
-0.419173092973   -0.499967594789   -0.757843000215
0.836380220091   -0.547813973861   0.0191827585963
0.54776481585   0.836592203723   0.00819706835194
-0.0205386148724   0.00365177437073   0.999782391245
