-0.192915426698   -0.856579057375   0.478597966405
0.691425987085   0.227413770288   0.685720874903
-0.696213903455   0.463201179144   0.548389359664
0.789323644634   0.211829663035   -0.576278034245
0.281842649695   0.708853570146   0.646599822008
0.545465764011   -0.672796256579   0.499812250005
0.957001604783   -0.149666265153   0.248491322331
0.0429650093089   0.920306508024   0.388831504397
-0.286883140274   -0.361435941644   0.887165217575
-0.643527693299   0.730924585419   -0.227205053369
0.26058385666   -0.0698939145264   -0.962918169289
-0.719700590173   -0.678870088844   -0.14548884886
0.544197413318   -0.736333143842   0.402072978701
0.560041475165   0.675676426053   0.479390150005
-0.624662088666   -0.0357053372318   0.780078461186
0.236223397931   -0.952921391051   -0.190103465318
-0.776367307226   -0.0674404578404   -0.626662259282
0.584339207411   0.295622403442   -0.755748028417
0.947181400566   -0.178893991925   0.266166012599
-0.0806610744371   -0.936169342185   -0.342171302977
0.310388784721   0.302629061994   -0.90115198043
-0.993272121676   0.0936735921838   0.0682725291517
-0.109916100528   -0.574168170722   -0.811338038281
-0.0368012357686   -0.813373358086   0.580581425324
-0.988873133357   -0.0252418049666   -0.146587533422
-0.0299248543623   0.999106940599   0.0298298868682
0.145703660778   0.0338846623298   -0.988745366996
-0.857354516527   -0.285989625202   -0.427960055063
-0.509570462451   0.354244812505   0.784122049768
-0.0726485942697   0.890347897966   -0.449444302889
0.888038720448   0.0152918758452   -0.459514298496
-0.451923850307   0.212870455243   -0.866285755319
0.0845698853762   0.976960764247   0.19594796968
0.245226384628   0.619015809681   0.746112219278
-0.353186610554   0.773765811206   -0.525876113136
-0.902841754969   -0.134558149536   0.408375889135
-0.500014777158   0.761704652767   0.412073766066
0.821652083854   0.266886998331   0.503652462246
0.273654197527   0.590410002949   -0.759305797368
-0.814839035978   0.578373731956   0.0389985807679
-0.56895357193   -0.810825792364   0.13730653925
0.111035562351   0.0896943639049   0.989760588923
0.00288949299494   0.490604428871   -0.87137760993
0.490563748701   0.758629813695   0.428751691255
0.871400512495   -0.42870514187   -0.238480692224
0.661268931214   -0.734271526493   0.153521093268
0.748182535015   0.630767525444   -0.205803846504
0.0542797844001   0.250953490351   0.966476099391
-0.132801842107   -0.93542058125   0.327646167704
-0.951650747209   0.212726416357   0.221603993901
-0.276991931967   -0.282375301592   -0.918444155062
0.0314523063691   0.924785342752   0.379194043635
0.86128475958   -0.217580965434   0.459188141972
0.50715344405   0.312149413973   -0.803347992183
0.94334544562   0.0569686529527   -0.326885710109
0.0125328026081   -0.990571330522   -0.136465289154
-0.331575969804   0.124637148819   -0.935165251178
0.819085504071   0.156325601576   0.55196127642
-0.557167224052   -0.0123494706379   0.830308506625
0.136614892371   -0.987628390653   0.0769842236024
0.139619986157   -0.702805043589   -0.697546657689
0.989145456422   0.0664082266641   0.131077167194
-0.0457988535543   -0.708276096184   0.704448323047
-0.44589956351   0.392616507194   -0.804379149586
-0.8408177825   0.124416230461   0.526826378657
0.306918547243   0.911247965647   0.274641820864
-0.221950644838   0.902744610595   0.368496945756
-0.177915985895   -0.409073714716   0.894988550393
0.958688548462   0.133081822244   0.251406933998
0.134546059532   0.747349281395   -0.650665448694
0.628591735447   -0.571975718772   -0.526986340242
-0.766008423357   -0.338099429565   -0.546734206334
-0.105516094647   0.425014956404   -0.899015370203
-0.929062263559   -0.364473485246   -0.0632643907004
-0.354555580211   0.828565845019   0.433323180291
0.951286298443   0.127198340617   0.280846865879
0.0427798389121   0.84765730742   -0.528816583857
-0.3053264897   0.51507055451   0.800923257771
-0.118869822323   -0.863999492347   -0.489259516514
-0.00638411785249   0.493408079476   -0.869774525154
0.99288933941   -0.100266439009   -0.0641672133337
0.90742938199   -0.218183133536   0.359121198273
-0.00560383756557   0.84827467559   0.529526834689
-0.42016724267   -0.48252066473   0.76852670192
-0.96036236838   -0.237302217598   -0.146259348667
0.223128389602   -0.968906434602   0.106930168653
-0.167086388744   0.0700570962674   0.983450121822
0.152403244468   -0.102115977402   0.983028937471
0.319867942636   -0.936017211504   -0.146823007408
0.93512462486   0.336815711316   -0.109988741988
-0.350290485372   -0.2477655962   0.903276673331
0.865860481571   -0.453422686279   0.211408265237
0.357186457886   0.856165893677   0.373360120814
0.610637004167   0.538181496266   -0.580932863657
0.199384314421   -0.81443574799   -0.5449217214
-0.766399510805   0.216920410215   -0.604629450693
-0.357989905503   0.121062172555   0.925844015663
0.794278612338   0.56076942334   0.233792916899
-0.490881530458   0.819073618417   -0.296906880553
0.712837248768   -0.349883746737   -0.607819396634
0.492985356218   -0.366445973241   0.78910251525
-0.498827118058   -0.862147727937   -0.0887287742802
-0.988794345714   0.0287302160605   0.146495414644
-0.148989973034   -0.251692130733   -0.956270584382
0.00939785943122   -0.967381009378   0.253151899998
0.695898418093   0.644191982669   0.317398886388
0.302579852265   -0.663843525158   0.683927666844
0.65128396005   -0.379905659258   -0.656887159604
-0.523406448668   0.388098403179   0.758567942796
-0.839240596331   -0.0808210265636   -0.537720360977
-0.147380174579   -0.918067314846   0.368010178641
0.374715572634   0.867868545968   -0.326178571882
-0.435887393038   -0.145598558229   -0.888145992003
-0.81828506917   0.474979272642   0.323734880936
0.721438062881   0.665704930685   0.190693590657
0.553977275751   -0.720059549297   0.417879519345
0.415495220439   -0.195834266661   -0.888263766165
0.595329040464   -0.803430262219   -0.00912411263964
-0.746299865853   -0.557132564555   0.364198034881
-0.297691024233   -0.210008362057   -0.931277095835
0.504069393947   -0.839377348016   0.203370925498
-0.78636455972   -0.348677753807   0.509955543707
-0.35713421135   -0.416976671984   -0.83581438293
0.611189249723   -0.703653719516   -0.362379845724
0.0510017161656   -0.421883361243   0.905214497084
-0.789839562521   -0.571739367014   -0.221963034222
-0.197872943146   -0.578970919242   -0.790973426369
0.32685716928   0.721774399749   -0.610086964302
0.924126981231   -0.379255043202   0.0464211735718
0.884913842563   0.451933019098   0.112623408991
0.33946692222   -0.460273308378   -0.820311296928
-0.318888216656   0.764136742604   -0.560718532655
-0.256902691164   0.769594864137   0.584572403866
0.638373212106   0.589263955181   -0.495224878129
-0.725589961571   0.245950773421   -0.642672242752
0.0914754388827   -0.0335425182862   0.995242276253
0.872320342095   -0.479350886538   -0.096332867913
0.48030147797   0.876982154973   -0.0145890456273
-0.000534082289984   -0.753958809392   -0.656921465445
0.968249452098   0.163830929969   -0.188818460201
0.249985392642   -0.636164700483   0.729932718001
0.0495151257711   -0.513622704861   -0.856586212416
0.995875176075   -0.0398985353606   0.0814905372132
-0.0760319401818   -0.857087971581   0.509528544369
-0.395362411512   0.326902336468   0.858384149464
0.585906303515   0.809467953962   -0.0384112531682
-0.707391185371   0.487746330873   -0.511567339816
-0.0726643109505   -0.997308727358   -0.00969744934795
-0.951953466986   0.0664539487604   0.298943907902
-0.297495100602   0.0309542519451   -0.954220302956
0.453238333508   0.0492395167869   -0.890028367565
-0.222160085507   0.97320572959   -0.0592916932716
0.86326121278   0.22460204467   0.452033198018
-0.796676356153   -0.413998556369   -0.440384957986
-0.33469374203   -0.304551193821   0.891766911661
-0.503302905755   0.857830589926   0.104049480674
-0.717191120128   -0.112964359626   -0.687650167872
-0.322621246383   -0.820825317951   0.471325084241
-0.617688620021   0.559884681972   0.55225580169
0.0699810310036   -0.228565704749   -0.971010006169
0.687308567836   -0.694434448747   0.212997265122
-0.722986615399   -0.682289250233   0.108497874307
-0.884369671359   0.451468859745   0.118602085443
-0.466778631376   -0.853763136082   -0.230665371195
-0.00288015296365   -0.259354338423   0.965777944114
0.498743162627   -0.864323559389   0.064807805868
-0.551795008764   -0.258962369316   0.792755184719
-0.668414194433   -0.431141855171   -0.60608513853
-0.604231499879   -0.151270063543   -0.782316807965
-0.471602218174   -0.723484504082   0.504142134281
-0.642256621579   0.673561661334   0.365814571011
-0.349898683538   -0.894745664445   -0.277490625001
0.936540348681   -0.340911563715   -0.0816787681497
-0.0215180458793   -0.288460468403   0.957249983004
0.64276868588   0.374606297648   -0.668220429446
-0.542755200231   -0.392883337374   -0.74233381432
-0.54061558726   0.839829042736   -0.049213594418
0.742687531309   -0.565049211978   0.359353783906
-0.494992684125   -0.82466866654   -0.273692423553
0.450996670306   0.025390708744   -0.892166555151
-0.650837629044   -0.43538947097   -0.62196796642
-0.644037943994   -0.117183685121   0.755964017756
-0.402023966176   0.892581916697   -0.204138727905
-0.901972667611   0.22608342807   0.367891534164
0.0554501306561   -0.784289049166   0.617922148667
0.428232624128   0.577744564973   0.694859739236
0.576377146282   0.191271013823   0.794484038008
-0.334849529657   -0.831574674974   0.44312503204
0.745429594172   -0.52143973842   -0.415253730321
-0.469034007877   -0.460817230938   0.753428252707
0.428643690349   -0.864650548624   -0.261998946413
0.772186013232   0.200065841332   0.603077357629
0.743152368123   0.120868991523   0.658114916446
0.226997550039   0.879681545605   -0.417890523877
-0.629441552995   0.459946806226   0.626300458868
-0.663614260295   0.508497322641   -0.548677343276
-0.0426373121224   -0.757970149567   -0.650894435567
-0.746859032062   -0.408548625631   0.524680546116
-0.5939683598   -0.348702879572   0.724988215195
-0.526325048829   0.849988811477   -0.0223822583592
-0.608427114262   -0.39487380806   -0.688397520717
0.572922594591   0.560597689291   -0.59790459181
0.112740741511   -0.776468023339   -0.619989360577
-0.811818449747   0.2877976942   -0.508058248926
0.893518587443   0.445796241148   0.0537585036418
0.431959678514   -0.886066663757   0.168202100542
0.122617704566   -0.127070145461   -0.984283024366
0.671167293065   0.737610034329   -0.0739318322759
0.332846395356   -0.210738129068   0.919131529782
0.662380370833   -0.641498970535   -0.38695138395
0.227037148304   -0.202966004328   -0.952501411681
0.782167613788   0.620708695682   0.054171407948
0.580230955834   -0.757314676066   0.299677366055
-0.228433669139   0.214324005608   -0.94967533845
-0.38104518437   0.877965026273   0.289796440685
0.895892066774   0.428068487728   -0.118889639177
-0.183186239949   0.130013175351   -0.974469417253
0.179774157745   -0.970116334511   -0.163220458733
-0.966527455965   -0.205076181399   0.154288958643
0.555827535375   -0.81895029564   -0.142745070658
0.390429138945   0.105577167694   0.914559200389
-0.733907916151   -0.564069017785   0.378424762935
0.198350080952   0.894314454311   -0.401072146179
0.303900705093   0.332919728796   0.892641465465
0.931827007053   -0.298941601713   -0.205748132218
-0.489676692861   -0.586050889809   0.645570688393
0.140841954033   -0.78385773063   -0.604757065506
0.860453777459   -0.205211887689   0.466377024972
0.177031022928   0.477000933863   -0.860889149501
0.78084529636   0.464389215088   0.417879505572
0.599116551087   -0.746198879066   -0.290252637854
0.218072907208   0.530985940806   -0.818839490705
0.355657835118   0.738094535454   0.573344531894
0.908818840689   -0.416257586837   -0.0278908887767
0.259149629695   0.261296645182   -0.929820124901
0.771766409653   -0.634846390734   0.0366949465398
-0.580704753197   -0.727113452899   -0.366180134465
0.943874091105   0.325726947313   -0.0548053390183
0.284766575818   -0.886533975793   -0.364642939718
-0.167360887567   0.328570284693   -0.929532594478
0.727727571877   0.616425164705   0.300720143636
0.037647836571   -0.473693304535   0.879884840966
0.68483226331   -0.628994999408   -0.367926757278
0.597513999023   0.0338624044392   0.801143135383
0.407809074882   -0.873079611969   -0.267251914785
0.690412010505   0.486400210812   -0.53548665391
-0.743906010179   0.535792904511   -0.399411940642
-0.193506998405   0.399365157703   0.896137568841
0.639655357532   0.743931088338   -0.193410493011
-0.802475984008   -0.363890057795   -0.472882208895
0.341618144519   -0.929962441581   0.135897948638
-0.489214268993   -0.0524903319327   0.870582709867
0.0438639768629   -0.96495316095   -0.25873027366
0.905485593608   -0.0710215339605   0.418391907166
-0.422104012187   -0.252628868868   0.870635893066
-0.614521973814   0.57386521257   0.541333035224
-0.646532796254   0.0268546352995   -0.762413383951
-0.452059819704   -0.818509341707   0.35451992096
0.998157833524   -0.0589323459845   0.0144193631744
0.00550051250495   -0.148785348813   -0.988854237869
0.0604208887701   0.98711191766   -0.148187103367
-0.415994513808   -0.907831858686   0.0528988347415
-0.887321304372   0.392481884008   -0.24212079628
0.199042390383   -0.147658029036   -0.968809021886
0.118446758588   -0.988627909375   -0.09265628596
0.00615253097392   0.0940421127256   -0.995549190937
0.992941326004   0.11734948665   0.0172215631667
0.391538790313   -0.342845749849   0.853905255467
-0.849015963072   0.223195820208   0.478910788191
-0.354780619472   -0.912491337168   -0.203691695706
0.461216265692   0.197010839795   -0.865139458578
0.457519853925   0.782613657793   0.422127285191
0.760233606894   -0.590510449223   0.270817778144
-0.436023853908   0.18132410949   0.881478668441
-0.887984573787   -0.245780713452   -0.388683844162
0.146172748198   -0.952214944912   0.268179349642
-0.794295613831   0.600102549054   0.0947192758698
-0.585204298041   -0.797626941522   0.146039464135
0.16318927709   0.0605683593046   0.984733840449
-0.623245324317   -0.732437808256   -0.274044074498
0.731707732936   -0.66983666125   0.126185077321
-0.275987483941   -0.121875909079   0.953402943363
0.0397611784268   -0.730921267142   0.681302529518
0.833541394601   -0.351745719023   -0.426009007008
0.551024299805   0.584832481831   0.595267321173
0.993713563743   0.0924000674665   0.0632106073857
-0.0824083080709   0.221546877614   0.971661395143
0.0757774644256   -0.970762186934   0.227768670395
-0.756432272127   0.113831870969   -0.644090466114
-0.0440758608625   0.973629733516   0.223835789339
0.652585275559   0.197705455796   -0.73146771391
0.715074733309   -0.582300161266   -0.386774599238
-0.350730304861   -0.777461478099   0.522055117308
-0.604695230408   -0.237654822053   -0.760173341772
0.0421747712584   0.897628283635   -0.43873093843
0.866322255269   0.185891165672   0.463605754179
0.497701840405   -0.399634845453   -0.769795441773
-0.363088129447   0.846601450292   -0.389143810111
0.921272361127   0.388664916087   -0.0140278084455
0.139370575112   -0.363600779909   -0.921070132653
-0.975626186108   0.215447669255   -0.0413105890394
0.130604242313   0.41916169394   -0.898463909818
-0.176257751161   -0.881973450376   -0.437075208829
0.619627975573   0.718957669332   -0.314898457728
-0.775973909304   0.500803354991   -0.383484664468
-0.118007038138   0.481970813962   0.868204165175
-0.635437168213   0.208076698049   -0.743588447322
-0.366282674209   0.766533942717   0.527506141684
0.679747522126   0.607560544036   -0.410869280541
-0.823804760927   0.44474663066   -0.351547857438
0.395711468926   0.00704325352958   -0.918359660033
-0.40595306984   -0.895640813235   -0.181811423319
-0.976687996751   -0.124915248805   0.174569558253
0.185117051846   -0.0784253708055   0.979581509768
-0.108673948894   0.98906240338   0.0997222638205
-0.623173197691   0.475659959305   0.620808523879
0.630944870699   0.774811727271   0.0396915668712
-0.462130057826   0.416430610614   -0.78295712237
0.933519318483   0.358368509466   -0.0106626866113
-0.353791273182   0.915962975289   -0.189323961023
-0.0580811198528   0.180509940502   0.981856784233
0.998427485919   -0.0477396408581   -0.0293850658208
-0.00919442256178   0.37763114336   -0.925910469928
0.0552993489683   0.924724641404   0.376598374632
-0.830827306247   -0.412533496307   0.373559149311
-0.547854964422   0.488167604137   -0.679373638385
0.0979043490752   -0.769096688979   -0.631592341586
-0.354546984234   -0.755263258632   0.551247547654
-0.401325692352   -0.409564325812   -0.819264770913
0.844531904248   -0.511697651314   -0.15789676112
0.382947612021   0.237684154493   -0.89266867485
0.383902633172   0.837984676396   0.38781496718
0.840220142938   -0.491210670923   0.229656658006
0.232175293474   -0.401639833726   0.885878179916
-0.946594759501   -0.302786081948   0.110810978792
0.223725427635   -0.864295178571   -0.450489638559
0.0487596611764   -0.609312886388   -0.791429264536
0.998551314681   0.0477886838746   0.0247283736029
0.0227540376872   -0.791488488226   0.610760360629
-0.998071124736   0.0592484538927   0.0181566956137
-0.0186499441491   -0.00777918162719   -0.999792283515
-0.0590950460489   -0.998209422568   0.00887620774169
-0.645013933071   -0.135361416193   0.752086672163
0.31020879939   0.853066407775   0.419580992312
-0.69837495389   0.503939475865   -0.508249420699
-0.803846195764   0.590390350272   0.0725989838667
-0.0330828804775   -0.166232636253   0.985531475072
0.59391657762   0.789813901906   0.153157235869
-0.945934725483   -0.0149659672385   0.324007864197
0.233435334674   0.662139459973   0.712094698826
-0.225195516745   0.749230895916   -0.622846711934
-0.597975066119   0.189998381768   -0.778671532777
0.503228210841   -0.667159190142   -0.549238591148
-0.623851030972   -0.720279304935   0.303329667837
0.290234340838   -0.091569377983   0.952564486152
0.757409752404   -0.586411581651   -0.287144523207
0.584888466484   0.804820824321   -0.100841259049
-0.205872294151   -0.82041023492   -0.533426283763
-0.248071236603   0.571050829762   -0.78253536373
0.946613551214   -0.0287746477831   -0.321083720079
0.954242767029   -0.172381697372   0.244346664856
-0.166978029683   0.370701122907   0.913618642491
-0.248070715358   -0.912614506084   0.324954909083
0.993034459352   -0.0666770792117   0.0971428316052
0.0820778304229   0.982984514414   -0.164330990325
-0.0845327887719   0.17115960895   0.981610205789
0.896036188345   -0.361966000116   -0.257098737924
-0.143725396311   -0.784376426477   0.603404161717
-0.420073989598   -0.50372034571   -0.754853368369
0.83562348883   -0.54896480652   0.0192621059238
0.548954836405   0.835828465305   0.00627429488953
-0.0195441835107   0.00533107792865   0.999794781194
