-0.138448757272   -0.862126474861   0.487411379135
0.711528474804   0.255743009355   0.654463690977
-0.688882530415   0.437416774492   0.57802025345
0.770109231855   0.218208435221   -0.599430443342
0.258624288483   0.752184858493   0.606078726874
0.583133994047   -0.621774094476   0.522830502279
0.949699220854   -0.197103083047   0.243355223233
0.102518454281   0.929944712556   0.353118674496
-0.295907682484   -0.310408128759   0.903374472333
-0.609595548751   0.730644352831   -0.307495682786
0.405023463168   -0.0463748895781   -0.913129967711
-0.681432872366   -0.681182188056   -0.267658826031
0.598904734433   -0.682723286779   0.418571421268
0.534519609778   0.73000492794   0.425889179543
-0.596323660252   -0.0313324141652   0.802132391194
0.228807771954   -0.949164770756   -0.216178604577
-0.819298409138   -0.0678306514872   -0.569340888208
0.525734788563   0.307384398038   -0.79316936537
0.947264802239   -0.196334174336   0.253263347264
-0.113876974644   -0.94498822605   -0.306644156457
0.29953541648   0.261632368087   -0.917512054726
-0.993863366162   0.0810279290996   0.0753909023044
-0.106986101357   -0.528920735485   -0.841906965247
-0.0283423280778   -0.844800472728   0.534333298884
-0.986184400625   0.0756946897609   -0.147376557664
0.0648700466855   0.994924318426   0.0769252960902
0.152451345845   0.0663018708449   -0.986089172678
-0.890328029621   -0.220412580806   -0.398415955225
-0.454467950898   0.376654590423   0.807211573325
-0.0278542772624   0.899749930106   -0.435516872616
0.894797053873   0.0355536980874   -0.445055239415
-0.443772743797   0.180292294599   -0.877815717635
0.0490304338281   0.98297030312   0.177102776584
0.192676584642   0.685376722969   0.702235339838
-0.376221309743   0.712553217594   -0.592220765465
-0.906274379534   -0.150088828915   0.395145651403
-0.443255035269   0.803046873759   0.398306992107
0.864470592688   0.265407441122   0.42691151098
0.237114604765   0.533552773749   -0.81185457649
-0.839569345707   0.520903874987   0.154216541305
-0.484372834808   -0.846314828293   0.221662906589
0.245980782762   0.111403053285   0.962851400674
-0.016079851514   0.599057757585   -0.800544377261
0.516224884717   0.690659058113   0.506460217251
0.856302146024   -0.405117126689   -0.320354217095
0.732972344865   -0.680099385689   0.0147092981837
0.666656297733   0.713845749271   -0.214461238626
0.135354787727   0.167000202891   0.976621735034
-0.217734372181   -0.919055856763   0.328524972191
-0.962205566465   0.258537696662   0.0855515146619
-0.163562749634   -0.297481000983   -0.940613208779
0.116458637996   0.922374178952   0.368332853692
0.868985583371   -0.274216586315   0.41191956697
0.480944147484   0.272102090697   -0.833465824323
0.916857683021   -0.0115232793027   -0.399048442484
-0.0574412922719   -0.992995375321   -0.103303539006
-0.395060683133   0.117636462303   -0.911097804036
0.81603655412   0.127616493438   0.563736088324
-0.566741825607   -0.0149007714454   0.823760701928
0.113525546838   -0.991711662498   0.0601660272316
0.209965410126   -0.660836235989   -0.7205622667
0.976246519577   0.101411306026   0.191463997458
-0.0534531944916   -0.743647227194   0.666431955202
-0.505476048985   0.343609268134   -0.791471241287
-0.84566617542   -0.0151830517529   0.533496256851
0.171297328301   0.938989993118   0.298253349642
-0.298865496885   0.86389064522   0.405428626111
-0.176157059953   -0.467487448101   0.866270269306
0.937895574144   0.18747917846   0.291896302272
0.160931058487   0.747639677062   -0.644313895902
0.642566999927   -0.574886358854   -0.506578103326
-0.749141597948   -0.332488552354   -0.57292780394
-0.222439663301   0.426669831056   -0.876626217533
-0.909742390138   -0.414140004909   0.0292732865254
-0.350555920769   0.804015545238   0.480280731249
0.948989978322   0.18613711097   0.254501467231
-0.013617645905   0.830598672081   -0.556704953444
-0.315012032506   0.524841710794   0.790764565095
-0.0840903089342   -0.845585431325   -0.527175608052
-0.0276335434786   0.53082483576   -0.847030926923
0.996074912177   -0.0566593524618   -0.0680037514587
0.923255272447   -0.104754859061   0.369629711519
-0.105927327127   0.855406501338   0.507009983183
-0.369295417656   -0.507253527521   0.778662160222
-0.961489011903   -0.26626719995   -0.0681419286681
0.261354546113   -0.962468745036   0.0731463027612
-0.0850608337474   0.0525200781838   0.994990604355
0.206905624849   -0.160014255381   0.965187059088
0.243634165787   -0.947030046552   -0.209231583218
0.947540507956   0.278443711062   -0.156961461394
-0.338198803761   -0.2425892962   0.90927015905
0.837628869913   -0.518003411036   0.173351064574
0.428951821371   0.820257976901   0.378387748607
0.640010796463   0.490968326484   -0.59104703367
0.191203410183   -0.846794862352   -0.496368133382
-0.74419604242   0.204670882865   -0.635832920989
-0.327659008785   0.0868850922568   0.940792507465
0.812642706035   0.533839206205   0.233725329867
-0.481924676363   0.841110384098   -0.245523759039
0.76450067186   -0.261909188109   -0.589018080382
0.503269700927   -0.328476211095   0.79926402511
-0.402813021092   -0.90747283755   -0.119309324459
-0.990654927635   -0.095238757445   0.0998548529394
-0.0687691989676   -0.286840485572   -0.955655199787
0.11963364848   -0.953381163379   0.277328996968
0.744033932487   0.612205996468   0.267614195803
0.247877179935   -0.624874586724   0.740330238119
0.620459864596   -0.484495382532   -0.616679808836
-0.493810589527   0.396745123236   0.773785741902
-0.860429875285   -0.0942590050598   -0.500775043725
-0.125743774794   -0.913076405286   0.387917474573
0.386465029872   0.874089354695   -0.294300143411
-0.46076077777   -0.09344451081   -0.88259142182
-0.798964504888   0.476692681097   0.366633060746
0.717726435726   0.674369548971   0.173478021522
0.592024420911   -0.722133516979   0.357814446566
0.366573318144   -0.154109715941   -0.917537579908
0.622101712201   -0.775800976643   0.105462703686
-0.73888519753   -0.53720333773   0.406769657508
-0.258917365391   -0.330976938829   -0.907422974861
0.473176857466   -0.840426198252   0.26417321187
-0.809657803782   -0.296676924737   0.506396178813
-0.347214517775   -0.453504856019   -0.820838284895
0.648106357665   -0.696038157103   -0.30901303987
0.0274163648656   -0.384180475242   0.922850912587
-0.761056185765   -0.606577569468   -0.229906990975
-0.161761893549   -0.565143281798   -0.808978435568
0.352582072635   0.732566638838   -0.582264535959
0.921693506666   -0.379419528778   0.0807580343125
0.889024247394   0.451120721298   0.0782686610702
0.320057617622   -0.490065358024   -0.810801504033
-0.32741259886   0.745872678382   -0.580064609499
-0.227137339374   0.793193593027   0.565024435344
0.626339926722   0.56325624132   -0.538925527306
-0.745725810704   0.231487260489   -0.624745341921
0.108568284438   -0.0743733026491   0.991302975175
0.88160848837   -0.453557746729   -0.130583014657
0.459324993846   0.888118270467   0.0163261109583
0.0659342706707   -0.680359126493   -0.729906929348
0.968370734289   0.220046364488   -0.117633812769
0.240646602895   -0.699064411862   0.673348467498
0.148408730833   -0.514217013384   -0.844722277794
0.98264122579   -0.0194697279739   0.18449164978
-0.111315249775   -0.857439100233   0.502401346766
-0.403957872312   0.347424411829   0.846235451771
0.522471123989   0.846969412978   -0.0983196401263
-0.750894191192   0.402416581545   -0.523659186405
-0.114265391096   -0.993208305804   0.021974825804
-0.964911954372   0.116217546799   0.235457333751
-0.236411827113   0.00570061292163   -0.971638237094
0.464958309551   0.185295628114   -0.865724729824
-0.229619292813   0.969630459159   0.0842125492433
0.855037284565   0.159631774042   0.49338518987
-0.810287122234   -0.36915737957   -0.455145681527
-0.379877900782   -0.260522509771   0.887592693975
-0.446237092588   0.892104724238   0.0708633145073
-0.697664580241   -0.143006223068   -0.702015952405
-0.331231999025   -0.804484236509   0.49305612313
-0.635265724   0.576513831489   0.513880333397
0.0600116766628   -0.324387533819   -0.94401875435
0.672635989035   -0.685622895339   0.27835628012
-0.7375361055   -0.651685599296   0.177049271508
-0.900158039202   0.421354363008   0.110347350839
-0.435440173106   -0.864502342452   -0.251053934739
-0.0103871414774   -0.27403781359   0.961662828002
0.488895662083   -0.86663466987   0.0996263011395
-0.540995064348   -0.211620561975   0.8139662916
-0.68432842353   -0.451841933078   -0.572305456591
-0.587800601789   -0.190926612609   -0.786157160194
-0.433101014488   -0.746512976337   0.505121813525
-0.683315127285   0.637394355048   0.35610552323
-0.343974380832   -0.888290155452   -0.304338958332
0.936195504147   -0.349379100841   -0.0383692365963
-0.0722466597644   -0.29811880187   0.951790732925
0.646649468254   0.355914136574   -0.674662569698
-0.548689165905   -0.39738454244   -0.735544483032
-0.529891172584   0.84581949297   -0.0616822629298
0.76082775029   -0.584497531351   0.281965514435
-0.521561582979   -0.809283284813   -0.270259114381
0.386154671921   0.0585585996251   -0.920576847446
-0.691793970138   -0.346182914394   -0.633704074685
-0.625083776134   -0.152266200711   0.76556311654
-0.36151588804   0.925728903284   -0.111057693421
-0.896583227639   0.192834841372   0.398784008315
0.0970853290568   -0.79287392685   0.601661611624
0.432190236142   0.578132320471   0.69208877206
0.563868101642   0.149823226334   0.812161180775
-0.38129080057   -0.825096781731   0.416932494141
0.732577714722   -0.544764518045   -0.408119556418
-0.444570653373   -0.467110965816   0.764306650275
0.40138399187   -0.866689156957   -0.296211549404
0.800779745692   0.175093508002   0.572795053666
0.810071062103   0.130312055933   0.571667419603
0.170537368047   0.880473328334   -0.4423615284
-0.560982955763   0.455834930416   0.691022889198
-0.621626022614   0.531332010746   -0.575558964011
-0.0290713642091   -0.749916890316   -0.660893569744
-0.782774988409   -0.394096116579   0.48161375038
-0.589867544142   -0.383191289194   0.710788952475
-0.513240130432   0.85747516242   0.0363446550691
-0.623410833711   -0.343366861132   -0.702465917525
0.5666964625   0.485548241133   -0.665656184508
0.0381604005341   -0.822507753989   -0.567472756765
-0.823042547061   0.29618313823   -0.484641066543
0.928043587607   0.354852323596   0.113205478824
0.337676738565   -0.929822255683   0.146355084024
0.15719437722   -0.0975972275514   -0.982741030392
0.683306630421   0.730106243533   -0.00607648113449
0.303556004208   -0.276509401855   0.911809360355
0.664037501033   -0.624889934689   -0.41056884207
0.203796293693   -0.162280863982   -0.965469846873
0.796578043241   0.600793452959   0.0671614817663
0.569148948045   -0.782759327503   0.251708842708
-0.315717982035   0.281417553391   -0.906160218015
-0.252303416763   0.895726615864   0.366083074513
0.914694028601   0.344206322137   -0.211794391277
-0.165978142776   0.0736904065638   -0.983377041741
-0.0484248441131   -0.996618132028   -0.0665092072973
-0.98494452469   0.0365809262207   0.168975848492
0.554452192357   -0.831820883859   -0.0256276814765
0.287073335539   0.162263583058   0.944065368117
-0.781134854493   -0.53079613453   0.32876099885
0.17141665597   0.878680464023   -0.445574879406
0.392509397262   0.353915580068   0.848928816799
0.903633058312   -0.320412866588   -0.284223314199
-0.466194212622   -0.633988442708   0.617026636029
0.201811743092   -0.755277499475   -0.623560926558
0.861356624986   -0.166177204491   0.480052073349
0.1679692992   0.448236314528   -0.877992314345
0.813449500077   0.440085279012   0.38029573585
0.556853848451   -0.778080421434   -0.290696789042
0.259993247555   0.522497684855   -0.812034305249
0.370953113932   0.722377722634   0.583578808083
0.891514066543   -0.452953206525   -0.00600881340454
0.281450043854   0.249332053603   -0.926617239974
0.76879037732   -0.636463731729   0.0622537022436
-0.574236308597   -0.729895673881   -0.370816903804
0.948959723066   0.298531134174   -0.101757778324
0.233744923518   -0.882287733142   -0.408574502654
-0.211751727857   0.363935400062   -0.907035670212
0.754622774534   0.560520899266   0.341117015204
-0.0365266792774   -0.483178409912   0.874759737117
0.655141433796   -0.672573503392   -0.344143487428
0.606698804712   0.0463005761435   0.793582405519
0.334854384028   -0.920296877553   -0.202304868512
0.72096415944   0.388472618051   -0.57384717089
-0.736538655435   0.523262243722   -0.428611159707
-0.209982726719   0.425473464082   0.880272467235
0.642976015424   0.738355596164   -0.203501650052
-0.760508738968   -0.453677469002   -0.464547048596
0.399934983743   -0.890893844112   0.215315979449
-0.511545907047   -0.0220389733925   0.858973299106
0.0344233433318   -0.983184516704   -0.179341122899
0.928530394757   -0.0349104337116   0.369611372068
-0.369657054934   -0.179246942685   0.911714974741
-0.633009461256   0.558289155503   0.536294985921
-0.625127032261   0.039996022265   -0.779497628955
-0.456634740918   -0.828681832103   0.323683740681
0.989704492251   -0.141114848639   0.0239085249905
0.00276114398469   -0.148189523564   -0.988955129114
0.143099245832   0.978839348826   -0.146274198794
-0.47233007789   -0.880943623281   0.0291723208716
-0.850945916868   0.447112582562   -0.275652928977
0.229790640085   -0.155022009044   -0.960820283743
0.108638742586   -0.982071815637   -0.154053902639
-0.0622516261606   0.147945935038   -0.987034328833
0.992130228864   0.116820290134   -0.0450629198596
0.34461738716   -0.281516975247   0.895537308565
-0.853871411168   0.302380479291   0.423638622253
-0.390054472574   -0.910666932375   -0.136173729846
0.367454160301   0.263150019794   -0.892036721698
0.440586133151   0.795431110027   0.416140853941
0.819061234005   -0.545931697309   0.176344220892
-0.426079228745   0.224289776049   0.876441997665
-0.897294371166   -0.228356213531   -0.37777803132
0.115409230071   -0.947389848918   0.298551801062
-0.770316108185   0.627377755674   0.114063642797
-0.622927896945   -0.778610677263   0.0756737680797
0.136287189898   -0.0127607073944   0.990587183265
-0.58383415227   -0.755639421243   -0.296895463957
0.778052044611   -0.625208780778   0.0612304624908
-0.231889774098   -0.195251680464   0.952944866695
0.0321114828254   -0.742330120122   0.669264440427
0.861655666316   -0.318755812473   -0.394897843888
0.506476466546   0.58935624809   0.62939718716
0.989625661017   0.140683634162   0.0291404566832
-0.0590946283641   0.213717182846   0.975106556621
0.130953717149   -0.966712515149   0.219813655359
-0.767101126406   0.104860612171   -0.632898153435
0.0316518666019   0.991535668641   0.125917341761
0.64074486338   0.0765589291376   -0.763927162258
0.743673132823   -0.551646148969   -0.377673245945
-0.420684104969   -0.825191141867   0.376943599651
-0.519591607132   -0.121441837182   -0.845741378179
0.0887002146402   0.927458130224   -0.363254393259
0.885855935915   0.093285311304   0.4544856178
0.455402677139   -0.362104035692   -0.813319863005
-0.415494887443   0.847385105579   -0.330611140078
0.905951735466   0.41803002218   -0.0671033923662
0.081343076581   -0.327398679141   -0.941379368678
-0.961722099261   0.26163156736   -0.0816300878491
0.17913899231   0.374650323498   -0.909699944741
-0.207421719488   -0.889490691907   -0.407185111698
0.598084282322   0.729090882713   -0.332748656077
-0.799769567078   0.516229706851   -0.306391122384
-0.0516122364529   0.449369964556   0.891853580969
-0.643662298251   0.168884138975   -0.746442978246
-0.361553151693   0.792538358698   0.491082767404
0.674520785944   0.585970232643   -0.449066484149
-0.793673845866   0.473860601024   -0.381618562862
0.435477891998   0.00435454706763   -0.900218112073
-0.424894813224   -0.880618972383   -0.209853631982
-0.97387284648   -0.148744608745   0.171605695007
0.186253730669   -0.0908000723935   0.978297442617
-0.129934679749   0.984698623838   0.116130972055
-0.572909207973   0.519827865517   0.63368322401
0.694432102597   0.718532968786   0.0383992057693
-0.435361336184   0.462049168761   -0.772639322049
0.933812764702   0.357755899586   -0.0021064870482
-0.346001297079   0.901602370323   -0.259607913951
-0.0909770487299   0.243154031178   0.965711806899
0.997529630327   -0.0700295061005   -0.0055231310911
0.0215997215229   0.38058889371   -0.924492058703
0.0668437635974   0.922088923505   0.381161316229
-0.852217218277   -0.408921288111   0.32636725358
-0.511305795767   0.518719161025   -0.685199588364
0.110898995915   -0.750809877938   -0.651146402351
-0.344018698362   -0.796074479213   0.497912136157
-0.462014436117   -0.318129835142   -0.827850232012
0.817431179126   -0.514838585741   -0.25835525672
0.43760825184   0.307346574648   -0.845007167993
0.317905448063   0.82618653418   0.465136475505
0.841091646017   -0.472179942189   0.263838894392
0.155120414072   -0.412031003102   0.897868695602
-0.961850353345   -0.270313287364   0.0421278070767
0.225347819672   -0.870150163386   -0.438243309009
0.0342529972442   -0.601152296963   -0.798400070391
0.998361531791   0.0572207299235   -0.000252371495552
0.045836757996   -0.79708326272   0.602127290485
-0.995969858464   0.0134273615412   -0.0887842588937
0.0887231954119   -0.00508291398404   -0.996048128657
-0.0138250953396   -0.999901688151   0.00386161953945
-0.562560287972   -0.13695458056   0.815333978622
0.336278344378   0.863016320391   0.376987688609
-0.755276723416   0.486257426806   -0.439443861058
-0.832820960947   0.545245415985   0.0954836141168
0.00373206286457   -0.16696082699   0.985956607732
0.553530266493   0.821481464776   0.137013331344
-0.929237983199   -0.0118234873085   0.369294541567
0.270381714377   0.659429191772   0.701460712594
-0.251817358047   0.751673870725   -0.609570051167
-0.577608490945   0.16906658216   -0.798614930303
0.526820708351   -0.670108543525   -0.52289140168
-0.623561751039   -0.722753047379   0.297991894048
0.301578173513   -0.104418014679   0.947706430133
0.719873832968   -0.626812925586   -0.298139577248
0.625165789302   0.772141451499   -0.113865295784
-0.248773162314   -0.810103713065   -0.530889725006
-0.218680693298   0.580947006686   -0.784014881197
0.943552160942   -0.0789465239077   -0.321678067315
0.948116881788   -0.11785962015   0.295268503018
-0.233203235563   0.373412501141   0.897874913648
-0.216080146842   -0.920147933527   0.326553451418
0.99999880276   -9.81734031547e-05   0.00154429304094
0.000100080223722   0.99999923272   -0.00123472425018
-0.00154417063895   0.00123487732511   0.999998045306
0.896905931563   -0.404004616532   -0.179833352215
-0.276132209096   -0.829284163019   0.485838494807
-0.345413908012   -0.386093654127   -0.855348577547
0.865796073267   -0.50039642289   0.000761260041285
0.500396080467   0.86579639658   0.000601967665526
-0.000960318667099   -0.000140249700243   0.999999529059
