-0.13781379106   -0.862812158842   0.486376999435
0.71181059144   0.255183853358   0.654375209142
-0.688718439522   0.436390204956   0.578990947989
0.769258814726   0.217769750446   -0.600680627727
0.259424992889   0.752688906482   0.60510998028
0.5839002944   -0.621317753618   0.522517660091
0.94975338575   -0.198281477151   0.242183738111
0.10429276252   0.930010726327   0.35242455916
-0.295112735869   -0.309458407597   0.903960158898
-0.609920433056   0.73090405226   -0.306230951114
0.406118968727   -0.0435385034798   -0.91278281723
-0.680489171309   -0.681090562687   -0.270279433985
0.599552777859   -0.682740798841   0.417614025709
0.534753450503   0.729964492124   0.425664881881
-0.595462190274   -0.0318880242444   0.802750233243
0.228929949781   -0.949286638886   -0.215513450109
-0.819680272729   -0.0685633352999   -0.568703303
0.525086107648   0.306845357755   -0.793807734697
0.947304233194   -0.195152684798   0.254027923248
-0.112592771401   -0.945253907102   -0.306301110223
0.299896021984   0.261558658644   -0.917415860009
-0.993660700878   0.0823138013006   0.0766624661228
-0.108734127927   -0.528386533962   -0.842018711578
-0.0288025176087   -0.845010685932   0.533976305261
-0.986033888201   0.0757184344403   -0.148358848567
0.0647573637835   0.994896766271   0.0773752214481
0.153460461025   0.0666870283056   -0.985905261515
-0.89010743093   -0.221516448415   -0.398297737254
-0.454852658665   0.376877184878   0.806891108276
-0.0286301121989   0.899385715248   -0.436219059095
0.895222979724   0.0347568383794   -0.444260939999
-0.442912192049   0.179107463475   -0.878492651295
0.0490368306208   0.983215393711   0.175735342659
0.193163900582   0.685219871903   0.702254542991
-0.376562070941   0.712697062579   -0.591830978188
-0.906029095963   -0.150122040901   0.395695155977
-0.44286597248   0.8035989205   0.397625157581
0.864856163657   0.26592975732   0.425803797803
0.236433515297   0.53246017035   -0.812769636339
-0.839341053271   0.521011172586   0.155095844777
-0.484036387152   -0.84615731614   0.222996282098
0.247418954285   0.112097832081   0.962402178289
-0.0182484170161   0.599592260229   -0.800097595063
0.516682437765   0.690752977175   0.505865196133
0.855982650909   -0.404165139055   -0.322403939175
0.732449675361   -0.680690281323   0.0133501039831
0.667026646205   0.713543798709   -0.214314518119
0.136355922559   0.165879475331   0.976673467968
-0.217247270245   -0.918681086607   0.329893265737
-0.962327720232   0.258181802712   0.0852528779079
-0.163492704856   -0.298944401903   -0.94016157441
0.116313721451   0.922104034209   0.369052253696
0.869580182815   -0.274085900988   0.41074739298
0.479901783201   0.273143305389   -0.83372413376
0.916559250317   -0.0117626352707   -0.39972663629
-0.0575310713151   -0.993055034234   -0.102695036932
-0.395739711404   0.117122735575   -0.910871092862
0.816336377429   0.127860599706   0.563246474501
-0.56628151839   -0.0147351672927   0.824080181175
0.113666907784   -0.991682696289   0.0603762378557
0.209710153198   -0.659701719859   -0.721675348402
0.976290389917   0.100777325276   0.191575111918
-0.0536539116215   -0.744739947744   0.665194463893
-0.505584264459   0.342567851666   -0.791853428923
-0.846106240627   -0.0173149517995   0.532732996193
0.168786301173   0.939333531109   0.298602943517
-0.300094055665   0.863540298401   0.40526763455
-0.177021437229   -0.467883594382   0.865880197476
0.937340446869   0.188104382347   0.293274115341
0.161012406245   0.747376333701   -0.64459689347
0.642891715991   -0.574972907477   -0.506062523061
-0.748843629042   -0.332922891313   -0.573060593878
-0.222905498033   0.425724998674   -0.876967176574
-0.909625157156   -0.414340801557   0.0300640656356
-0.350564226287   0.804412829385   0.479608955866
0.949437887927   0.185376029414   0.253383949097
-0.0134724108975   0.830384078843   -0.55702852621
-0.313665733044   0.525450295067   0.790895567917
-0.0849976551879   -0.845913234056   -0.526503799779
-0.0280261662616   0.53023671726   -0.847386322901
0.995986940044   -0.0572699457263   -0.0687765942749
0.923565781562   -0.104960618332   0.368794681699
-0.105546315924   0.855060949887   0.50767189213
-0.368627486556   -0.507793307817   0.778626827884
-0.961714530481   -0.265803479456   -0.0667532960775
0.261025644041   -0.962613274222   0.0724129054738
-0.083505121887   0.0522161472631   0.995138369454
0.205605973579   -0.160656643812   0.965357983839
0.243950383957   -0.94688043216   -0.209539169334
0.947741950285   0.278581937887   -0.155492432931
-0.338885521551   -0.242960432202   0.908915298768
0.83718509075   -0.518671853798   0.173495953572
0.429276036807   0.819725533617   0.379173075577
0.640480493739   0.491415656522   -0.590165703811
0.191551170662   -0.846405279066   -0.496897491321
-0.743702261962   0.205206287399   -0.636237448662
-0.327832252386   0.0858953930951   0.940823074479
0.812610428832   0.53357409794   0.234441879037
-0.481861356597   0.841380226258   -0.244722303334
0.76444562845   -0.26147047134   -0.589284385225
0.503966684622   -0.327667776053   0.799156731866
-0.402045364162   -0.907891565063   -0.1187118046
-0.990567723099   -0.0957421189652   0.100648262517
-0.0694215944514   -0.286643583257   -0.955694973933
0.120321520583   -0.953417897688   0.276959028213
0.74393283283   0.61267461316   0.266821649854
0.247815225882   -0.623746050689   0.74130202682
0.620605823581   -0.485356466461   -0.615855281738
-0.492704757184   0.397431587249   0.774138382356
-0.861061687201   -0.0941001095715   -0.499717918789
-0.125757196267   -0.912794259941   0.38857663221
0.387189983114   0.874006634904   -0.293592126584
-0.461211049603   -0.0921243622559   -0.882495043101
-0.79835349462   0.477101179538   0.367431871716
0.717099349252   0.674706628742   0.174756004774
0.592320731105   -0.722103773509   0.357384028032
0.367321177684   -0.152768311903   -0.917462896425
0.623133403136   -0.774978846083   0.105416408033
-0.738166361819   -0.53820590419   0.40674944236
-0.258486466257   -0.331274017551   -0.907437392666
0.473614597819   -0.839935280279   0.264949011809
-0.809556044535   -0.296700188961   0.506545269527
-0.346854817861   -0.454398310147   -0.820496223937
0.649029790312   -0.695029593009   -0.309344808512
0.0276757116134   -0.38478439835   0.922591501524
-0.760259429865   -0.607350712965   -0.23050110918
-0.161944854049   -0.564919051521   -0.80909849415
0.352721813328   0.732616259065   -0.58211747047
0.921607959173   -0.379657598701   0.0806158294849
0.888852856789   0.451408973952   0.0785528349776
0.320465079566   -0.489937412161   -0.810717958331
-0.327479377101   0.74578241694   -0.580143082206
-0.226770496923   0.792723505288   0.565831080813
0.626167206555   0.563649249796   -0.538715354403
-0.745982571703   0.232140146891   -0.62419648693
0.107770122013   -0.0752835042764   0.991321350826
0.88168224767   -0.45349838703   -0.130290710199
0.459371353877   0.888071871531   0.0175025330364
0.0665243163617   -0.679297440495   -0.730841659595
0.968352980171   0.220543814539   -0.116845862795
0.240555710505   -0.699939595391   0.672471206096
0.147871975211   -0.514324066687   -0.844751247069
0.982605221224   -0.0206214318258   0.184558334822
-0.112342753312   -0.857347977286   0.502328152384
-0.404843516923   0.347408570335   0.84581856923
0.521782763288   0.8473948452   -0.0983093515764
-0.750895808173   0.401533642339   -0.524334113644
-0.114464683051   -0.993158213241   0.0231606658098
-0.965108565433   0.116696791203   0.234411509275
-0.235510318026   0.00447908745644   -0.97186318076
0.464114602468   0.185975894812   -0.866031530946
-0.229445695397   0.96958085579   0.0852504400669
0.855542119891   0.15914123041   0.492668001393
-0.809646322651   -0.369150754569   -0.456290036326
-0.380508002399   -0.261768996082   0.886955852295
-0.446862995738   0.891742532467   0.0714754624313
-0.697087951664   -0.143274148765   -0.70252876196
-0.331546729269   -0.80437082516   0.49302176546
-0.635728644468   0.57659883212   0.51321002356
0.0600407157893   -0.323981212359   -0.944156436379
0.672912372369   -0.685490749138   0.278013548427
-0.737281588967   -0.652026662059   0.176853524807
-0.900178460466   0.421602924968   0.109226974795
-0.435375640486   -0.864610613557   -0.250793425583
-0.0112964612003   -0.273313490891   0.961858691338
0.489535486884   -0.86625067326   0.0998238767825
-0.540875593151   -0.211858795571   0.813983728622
-0.683965370492   -0.452466229464   -0.572246249505
-0.586738031593   -0.191786524367   -0.786740967997
-0.432602312875   -0.747059999611   0.504739570784
-0.684542665251   0.636494088339   0.355357034087
-0.344736773207   -0.887605308842   -0.305472554853
0.935841441799   -0.350354576894   -0.0381126694158
-0.0731946846743   -0.299012701191   0.951437831176
0.646999527461   0.355831739145   -0.674370382362
-0.548590722842   -0.397022025663   -0.735813726206
-0.529565725856   0.84602446435   -0.06166709904
0.761430485972   -0.584005430809   0.28135713132
-0.521297529808   -0.809626019782   -0.269738517888
0.38532202633   0.0587166024375   -0.920914672498
-0.691123832426   -0.345680482472   -0.634708236288
-0.625566787804   -0.153703903432   0.764880682849
-0.361960958074   0.925678815269   -0.110018666554
-0.897184219366   0.192966968373   0.39731427971
0.09578458275   -0.793134155979   0.601494844771
0.431184648906   0.577697571135   0.693073503967
0.563560075988   0.15094737705   0.812166862668
-0.381053388155   -0.824813501748   0.417709646162
0.732938223066   -0.544883402649   -0.40731303117
-0.445327039614   -0.466932703493   0.763974993777
0.400815318586   -0.866946117936   -0.296229058063
0.80064412887   0.174294075811   0.573228215797
0.810699685984   0.129559028474   0.570947005117
0.170643601147   0.880574098673   -0.442119917577
-0.560041771566   0.45585493117   0.691772726093
-0.621512155095   0.532024813171   -0.575042150809
-0.0292232601835   -0.749263489745   -0.661627959917
-0.782860062911   -0.394404810379   0.481222778843
-0.589279935032   -0.383931263227   0.710876946333
-0.513457788963   0.857300234303   0.0373820178253
-0.623787100431   -0.342976823445   -0.702322324739
0.566436746694   0.485273106277   -0.666077709794
0.0385502411721   -0.822961565225   -0.566787900701
-0.823203123211   0.295372066722   -0.48486314807
0.927991701789   0.354757180075   0.113925260537
0.337487598518   -0.929864345431   0.146493435369
0.157904219859   -0.0974964047812   -0.982632574554
0.682407671294   0.730951809532   -0.00540725798883
0.30378075803   -0.276862220537   0.91162746052
0.664858659677   -0.623744200666   -0.41098200263
0.202317981389   -0.161348499948   -0.965936912846
0.796796820468   0.600568775807   0.0665731496108
0.569370077301   -0.78312439556   0.25006782753
-0.316310596806   0.280924437523   -0.906106567651
-0.251243444205   0.896234116549   0.365569615314
0.914781057566   0.343286865899   -0.212907928595
-0.165655618802   0.0734292323495   -0.983451958901
-0.050142323712   -0.996571223143   -0.0659625392562
-0.984913882024   0.0383856359714   0.168758144911
0.554048910574   -0.832099433995   -0.0253050660667
0.286322001361   0.161927181096   0.944351268252
-0.781696568983   -0.530462193052   0.327963946873
0.169836724968   0.878220890397   -0.447083414018
0.393682454461   0.355437604628   0.847748932963
0.903421073735   -0.319987805957   -0.285373799791
-0.466834163102   -0.633701901954   0.616837119463
0.202169079263   -0.755511205691   -0.623161939306
0.860926126841   -0.166207817716   0.480813124225
0.166781796388   0.447576740228   -0.878555021857
0.813836344921   0.440547070996   0.378931001236
0.556645550157   -0.778198793123   -0.290778988428
0.259372415987   0.522094712041   -0.812491905715
0.372023150705   0.722349697573   0.582931988328
0.891248989079   -0.453462279947   -0.00687373376537
0.280952583217   0.250396645235   -0.926481161054
0.768793857264   -0.636572352818   0.0610904630332
-0.574475262102   -0.72943646721   -0.371350169953
0.948559819539   0.299973195794   -0.101244249444
0.235031357411   -0.881458180845   -0.409626016261
-0.212119252484   0.364759227394   -0.906618932477
0.75420612416   0.561406978297   0.340580886676
-0.0361919506609   -0.482344660643   0.875233598358
0.655639594867   -0.672432832115   -0.343468893816
0.605757057493   0.0471264292186   0.794253008427
0.334505474258   -0.92082268955   -0.200482889402
0.721917467179   0.387125820529   -0.573559224762
-0.736709779125   0.522529459177   -0.429210686867
-0.21008678657   0.426454278201   0.879772890932
0.642745977457   0.738308717138   -0.204396549281
-0.760386604837   -0.453875270626   -0.464553955566
0.39970150874   -0.890809600881   0.216097097054
-0.511909994852   -0.0213656302991   0.858773393533
0.0348206716021   -0.983105303338   -0.17969845401
0.92875599713   -0.0345665722238   0.369076556476
-0.369052665102   -0.179747515408   0.911861264526
-0.632376904331   0.558613438083   0.536703431563
-0.625370364713   0.0407500922855   -0.779263365755
-0.457177704616   -0.828426528463   0.323570816104
0.989493317165   -0.14239264608   0.0250461528921
0.00357590031268   -0.149079176854   -0.988818804453
0.14453438473   0.978519161512   -0.147003667406
-0.471940309034   -0.881140529428   0.0294771995018
-0.85117202929   0.446663172273   -0.275681227739
0.229747066237   -0.155194491441   -0.96080064182
0.108679977333   -0.982064019967   -0.154074432908
-0.0627683439144   0.147903816365   -0.987007904443
0.992093143405   0.116938997415   -0.045568351741
0.344797633581   -0.279734659809   0.896026300147
-0.853878754991   0.303006775683   0.423176069061
-0.389879061028   -0.911007921894   -0.134383466919
0.365258120254   0.263837466741   -0.892735295429
0.440582464242   0.795794304992   0.415449780208
0.820044882164   -0.545069921034   0.174428170579
-0.425198907327   0.226011173443   0.876427331324
-0.89775551705   -0.228421136508   -0.376641527829
0.115069323535   -0.946965024886   0.300027176058
-0.76977288288   0.628124243871   0.113622350995
-0.623765521392   -0.778002676992   0.0750253714222
0.13552372009   -0.0131212154802   0.990687214553
-0.583294558823   -0.755964349081   -0.297128951296
0.778561641405   -0.624618460758   0.0607767122612
-0.231537213668   -0.195882467665   0.952901141293
0.0313108975134   -0.743235464146   0.668296859743
0.8618245172   -0.318574567832   -0.394675529763
0.506239221574   0.588312261537   0.630563669404
0.989499068262   0.141810685975   0.0279521651228
-0.0580925190617   0.21310616953   0.975300487502
0.132351250168   -0.96668273546   0.219106495947
-0.76766008926   0.103271819663   -0.632481872916
0.0311410464465   0.991775837584   0.124140747042
0.640100479245   0.0756017269209   -0.764562721822
0.745041168226   -0.550051097372   -0.3773030769
-0.420330349901   -0.826378422657   0.374729600755
-0.517915261902   -0.120597126873   -0.846889190998
0.0885466937577   0.928047501992   -0.361783654923
0.886301720093   0.0923456094011   0.45380793832
0.454564450746   -0.36083267309   -0.814353199198
-0.416210853441   0.847620039807   -0.329104352805
0.905837803708   0.417939349101   -0.0691732326689
0.0789131186277   -0.326905691082   -0.941757186
-0.961381938246   0.263021332067   -0.0811236513575
0.178871390265   0.372989419078   -0.910433519487
-0.209203952344   -0.889777470235   -0.405637256654
0.598555852673   0.728477723652   -0.333243307363
-0.799486451096   0.516989562601   -0.305848348245
-0.0505203946345   0.449490827218   0.891855194072
-0.643557393144   0.167822166907   -0.746772935342
-0.361252829803   0.793556286892   0.489657880045
0.674781808901   0.584896714665   -0.450072808757
-0.793931136469   0.473880484831   -0.381099327784
0.434454009068   0.00343641258862   -0.900726337133
-0.425498678665   -0.880622226892   -0.208663129701
-0.97390747857   -0.149721224324   0.17055526764
0.185272182806   -0.0904842920563   0.978512923285
-0.131071593456   0.984579543635   0.115861777142
-0.572703622405   0.519405321819   0.634215153094
0.694492475731   0.718456404299   0.0387379646714
-0.435535245303   0.462642994564   -0.772185678041
0.934301775866   0.356477376911   -0.00201800534089
-0.344642940071   0.901808772785   -0.260695574674
-0.0911122190166   0.244263829795   0.965418948186
0.997453728611   -0.071183407098   -0.00435682064554
0.0230923021436   0.380172004313   -0.924627495405
0.0674744760182   0.922172533873   0.380847771927
-0.851696941683   -0.409177904918   0.327401568701
-0.512183284356   0.51781650247   -0.685226912818
0.110845064332   -0.751292939506   -0.650597926455
-0.344582013176   -0.795475656805   0.49848024239
-0.463723833379   -0.317456604811   -0.827153147833
0.816225629945   -0.516178847926   -0.259491621195
0.436716648865   0.307996345275   -0.845231825489
0.317089749092   0.826561158657   0.465027685032
0.841862624508   -0.471099679603   0.263310535446
0.155555981623   -0.411505017878   0.898034551195
-0.961947475077   -0.269832842217   0.042981859753
0.22463189905   -0.870548106274   -0.437820364946
0.0334885546348   -0.600683559985   -0.798785225244
0.998403678327   0.0564780971737   -0.00061387751117
0.0454826385361   -0.797489525013   0.601615999819
-0.996016761034   0.0128391868097   -0.0884691919455
0.0884106521156   -0.00506902516256   -0.996081584093
-0.0132362847471   -0.999915056821   0.00389310558001
-0.561407461985   -0.137280962851   0.816073345895
0.336399801585   0.863129982915   0.37661892606
-0.756079983954   0.485963557494   -0.438386333313
-0.833354479301   0.544501092973   0.0950764327812
0.003813527514   -0.166341706635   0.986061007893
0.552726356642   0.822100610649   0.136544753946
-0.929021705476   -0.0135983297996   0.369776856035
0.269581538213   0.659660712927   0.701550956085
-0.253467220932   0.751440639809   -0.609173461605
-0.57727079438   0.169495922948   -0.798769301529
0.526060519244   -0.670965478635   -0.522559719062
-0.624517089481   -0.721858339286   0.298161373155
0.301193724255   -0.104193652668   0.947853409633
0.719403122864   -0.627613434238   -0.29759144909
0.625892602786   0.771521358422   -0.114076043135
-0.249417608335   -0.809947086546   -0.530826371914
-0.218033758971   0.581043836907   -0.784123307155
0.943531769509   -0.0798360687363   -0.321518380796
0.948027367241   -0.117227921223   0.295806908236
-0.233986506199   0.37315162451   0.897779593374
-0.215625664963   -0.920334448908   0.326328200375
1.0   0.0   0.0
0.0   1.0   0.0
0.0   0.0   1.0
0.897309712691   -0.403580698832   -0.178767899887
-0.276588324173   -0.829719312762   0.484835934389
-0.34399744393   -0.385602909577   -0.856140930698
0.866026971381   -0.499997287715   -2.60711747427e-05
0.499997288262   0.866026971174   2.21381613756e-05
1.15093200481e-05   -3.22077613873e-05   0.999999999415
