-0.138469159723   -0.862111015887   0.487432947968
0.711517528921   0.255753338713   0.654471565218
-0.688889750625   0.437441218824   0.577993155755
0.770190076906   0.218180622648   -0.599336690999
0.258595209311   0.752156814026   0.606125938475
0.583040110968   -0.621817779958   0.52288325065
0.949697180839   -0.1970723081   0.243388105261
0.102468375527   0.929939938503   0.353145780621
-0.29593157388   -0.310441968383   0.90335501729
-0.609590759032   0.730638117479   -0.3075203702
0.404973925041   -0.0464577466915   -0.91314780991
-0.681466768697   -0.681183340954   -0.267569919454
0.598882598597   -0.682729476001   0.418592995466
0.534520334695   0.729999850918   0.425896970596
-0.596345239817   -0.0313158165251   0.802116995619
0.228550021373   -0.949185887795   -0.216358920165
-0.819342354755   -0.0675151370455   -0.569315388431
0.52577860134   0.307389095793   -0.793138790704
0.947360315856   -0.195508491773   0.25354456643
-0.11308965512   -0.945197439634   -0.306287442137
0.29953154663   0.261491294216   -0.917552521871
-0.993799361055   0.0809219392111   0.0763976587383
-0.107812495334   -0.529851555463   -0.841219815163
-0.0275939913066   -0.844230982213   0.535273555388
-0.985855714654   0.0763548357325   -0.149218080271
0.0655742479401   0.994958057176   0.075884792478
0.154259892475   0.0650263237666   -0.985892006999
-0.890092657162   -0.2203345095   -0.398986803096
-0.454948241004   0.376556727979   0.806987001352
-0.0275656149802   0.899810327939   -0.435411947144
0.894785901701   0.0355682642907   -0.445076496999
-0.443794189975   0.180332040711   -0.877796712259
0.0490398465586   0.982962486407   0.177143556941
0.192675081003   0.685374316833   0.702238134709
-0.376210066416   0.712556912497   -0.592223476582
-0.906279392871   -0.150082331114   0.395136666301
-0.442510790772   0.803688318885   0.397845306708
0.864713342346   0.264838574919   0.426775441672
0.23762709768   0.532871023919   -0.812155409545
-0.83957501352   0.520903458206   0.154186526294
-0.484387795123   -0.846318344365   0.221616392187
0.245931619759   0.111377504817   0.96286691285
-0.0169259223801   0.598688177219   -0.800803371567
0.515691868415   0.691397437432   0.505995552018
0.856606952053   -0.404403348491   -0.320441164218
0.732983624385   -0.680086419536   0.0147469225755
0.666648998307   0.713850536921   -0.214468010703
0.135329681956   0.167032561263   0.976619680815
-0.217367629485   -0.918861587722   0.329309780065
-0.962240596492   0.258350706311   0.0857210019186
-0.163843166169   -0.298242247705   -0.940323004674
0.116413359627   0.921986134855   0.36931698871
0.86937770447   -0.27439779141   0.41096989097
0.480245643381   0.273231424707   -0.833498775733
0.917222428062   -0.012422918711   -0.398181947571
-0.0577695745939   -0.993098430725   -0.102090119277
-0.394164773328   0.11664213344   -0.911609994124
0.816023219805   0.127619167864   0.563754783772
-0.566760623753   -0.0149028489014   0.823747728207
0.113527545534   -0.991711284778   0.0601684459777
0.209974165637   -0.660864592869   -0.720533714924
0.976245461624   0.101436414585   0.191456121368
-0.0534382176738   -0.74361861034   0.666465090612
-0.505562958426   0.344029979241   -0.791232851659
-0.845624669063   -0.0155607837828   0.533551077347
0.171245353903   0.938829700451   0.298787219161
-0.299030998149   0.863826750661   0.40544277611
-0.176520125126   -0.467625901912   0.866121644974
0.93777457061   0.187428395153   0.292317416436
0.160002111545   0.747921001251   -0.644219813887
0.641586374576   -0.574777563385   -0.507945177546
-0.750181255881   -0.332047519675   -0.571824391644
-0.222414202194   0.426690294661   -0.876622677557
-0.909748689018   -0.41412808762   0.029244728725
-0.350555629246   0.804010773416   0.480288901193
0.948978611344   0.186154073488   0.254531444638
-0.0136154718581   0.830599369806   -0.556703966559
-0.315046368511   0.524834591448   0.790755612071
-0.0840704018519   -0.845576097988   -0.527193747883
-0.0276281291474   0.530841340194   -0.847020758723
0.996076739903   -0.0566439912072   -0.0679897344043
0.923247848279   -0.10474887501   0.369649950593
-0.105934068668   0.855419435948   0.50698675104
-0.369312044055   -0.50723295025   0.778667679097
-0.961480191717   -0.266237953773   -0.0683828839205
0.261288126835   -0.962465285178   0.0734310358722
-0.0853661620162   0.0527347534854   0.994953100374
0.206213811761   -0.160238928908   0.965297727783
0.244473658687   -0.946778188006   -0.20939092753
0.947474985321   0.279169152999   -0.156064894903
-0.338180942748   -0.242577133732   0.909279991994
0.837638677997   -0.517988715162   0.173347258
0.428946633944   0.820270785122   0.378365801709
0.639545713601   0.491292634601   -0.591280753039
0.190516108269   -0.846440058625   -0.497235718396
-0.744771773241   0.205356505487   -0.634936352618
-0.327394305869   0.086909931824   0.940882392197
0.812633816824   0.533975586231   0.233444572457
-0.482119582624   0.841021255621   -0.245446525045
0.764436779602   -0.26275441647   -0.588724498502
0.503014618154   -0.328098412874   0.799579748009
-0.40325266575   -0.907365194466   -0.118641189708
-0.990818213666   -0.0948543225612   0.100071770985
-0.069261928388   -0.285531457939   -0.956110624778
0.11922452404   -0.953911630618   0.275870486978
0.744285508944   0.612078109468   0.267206869386
0.248027587021   -0.624802033371   0.740341138788
0.620097927115   -0.484750527195   -0.616843377589
-0.493638503526   0.396758907133   0.773888558984
-0.86058152408   -0.0945605522201   -0.500457609387
-0.125381707311   -0.913039291592   0.388122045495
0.386449222532   0.874087320159   -0.29432696875
-0.460741593053   -0.0934903772889   -0.882596595576
-0.798983223996   0.476687447736   0.366599092524
0.717745621347   0.674357547292   0.173445128674
0.59200955821   -0.722135115707   0.357835317117
0.366559677595   -0.154153590935   -0.917535445001
0.622354762881   -0.775770642251   0.104185444061
-0.738645948857   -0.53803210514   0.406108624401
-0.258992004451   -0.329699807701   -0.907866686878
0.473160156843   -0.840441192635   0.26415546003
-0.809664155491   -0.296672149979   0.506388869967
-0.347222494453   -0.453480246578   -0.820848549589
0.648646774836   -0.695530979214   -0.309021115278
0.0272387412656   -0.384549700687   0.922702390685
-0.760602027152   -0.606925290093   -0.230491557197
-0.161758237308   -0.565152104346   -0.808973059774
0.352577929051   0.732563102483   -0.582271512264
0.921695783018   -0.379413243049   0.080762033634
0.889029996727   0.451112072081   0.0782531989778
0.320041696638   -0.490075180028   -0.810801842473
-0.327412548843   0.745871445872   -0.580066208601
-0.227322890521   0.793136647419   0.565029819172
0.626038900094   0.563458841946   -0.539063518403
-0.74592206939   0.231189186217   -0.624621489167
0.108594623459   -0.0743428713917   0.991302366157
0.881603380358   -0.453564901415   -0.130592566858
0.459328557153   0.888117152323   0.0162861896145
0.0659163208981   -0.680390829435   -0.729878977724
0.968371456274   0.220030711114   -0.117657039736
0.240648551993   -0.699038464998   0.673374699837
0.148424714533   -0.514205460875   -0.844726485509
0.982644254834   -0.0194219008101   0.18448046749
-0.111267065007   -0.857447093674   0.502398362173
-0.403928015944   0.347417559022   0.846252475774
0.52249556362   0.84695524996   -0.0983117316077
-0.750893200839   0.40245229563   -0.523633087677
-0.114513561979   -0.993195439203   0.021221968158
-0.964976156576   0.116283858504   0.235159098629
-0.236026629062   0.006450114299   -0.971726007289
0.464978335232   0.185266123737   -0.865720278991
-0.22962738422   0.96963218069   0.0841706483021
0.855024211632   0.159655557419   0.493400133076
-0.81030757688   -0.369150968745   -0.455114453774
-0.379863353922   -0.260484316588   0.887610125164
-0.446212321777   0.892118525882   0.0708455063245
-0.698492980187   -0.142425420266   -0.701311237167
-0.330979513508   -0.804594828282   0.493047208179
-0.634487993072   0.576504976143   0.5148507101
0.0602045213104   -0.324472504018   -0.943977272776
0.67332230294   -0.684940540271   0.278376865519
-0.736893868712   -0.652360480891   0.177237977902
-0.900360787519   0.421072763846   0.109769960129
-0.435001390531   -0.864459282507   -0.251962655053
-0.0112029833633   -0.274607204661   0.961491238614
0.488879887586   -0.866644356794   0.0996192400444
-0.540998135157   -0.211616777347   0.813965175335
-0.684337235511   -0.451825018938   -0.572308164047
-0.587644471958   -0.191226443924   -0.7862015742
-0.433305955209   -0.746223603634   0.505374539041
-0.683320142621   0.637644040727   0.355649118437
-0.343955448627   -0.888307911928   -0.304308556981
0.936204510157   -0.34935406388   -0.0383777028679
-0.0722202146721   -0.298095264172   0.951800112359
0.646642076379   0.355914030079   -0.674669726011
-0.548688855167   -0.397398077628   -0.735537457513
-0.52990053427   0.845813226653   -0.0616882670375
0.762255081192   -0.583156801316   0.280884240373
-0.520371175858   -0.810177029016   -0.269873569026
0.384943698152   0.0595487111668   -0.921019712969
-0.691246377543   -0.345870595539   -0.634470934535
-0.625670563544   -0.152830438469   0.764970686069
-0.36154692855   0.925752308002   -0.110758275793
-0.896894316012   0.192762972951   0.398105594432
0.0965953340528   -0.792992980357   0.601575393486
0.431642177617   0.577984471131   0.692552903115
0.564022428859   0.149973802544   0.812026228261
-0.381182692669   -0.825040957959   0.417141855674
0.732515181851   -0.544807701392   -0.408174223408
-0.444369557555   -0.467581939875   0.764135588172
0.401759046139   -0.86640740479   -0.296527161572
0.80070327616   0.175230757024   0.57285997865
0.810051101394   0.130327603366   0.571692157637
0.17053983226   0.880471845655   -0.442363528056
-0.561011027445   0.455833347993   0.69100114071
-0.621726299795   0.531033019237   -0.575727123047
-0.0285702546316   -0.749950409707   -0.660877910206
-0.782714206005   -0.394436058352   0.481434428276
-0.589498729338   -0.383314755851   0.711028260762
-0.513701525623   0.857204146405   0.036218871797
-0.623379605239   -0.343905309712   -0.702230131302
0.566607045483   0.486075405469   -0.665347387754
0.0390990753373   -0.822422720417   -0.567531576186
-0.823059966528   0.295552918881   -0.484995597921
0.927995165621   0.354622972158   0.114315868038
0.337187481073   -0.929854341978   0.147280409162
0.158524990696   -0.0981298320244   -0.982474841224
0.683519316487   0.729908788803   -0.00587403202
0.303423786762   -0.276802099967   0.91176455515
0.66387901748   -0.624991006679   -0.410671270928
0.203896462039   -0.162396580657   -0.965429230187
0.796640991489   0.600705325008   0.0672030563391
0.569024936702   -0.78280295777   0.251853459273
-0.315187350612   0.281161696799   -0.906424330713
-0.25201818239   0.896017653722   0.365566960455
0.91495562887   0.343657485129   -0.211555573202
-0.165994884874   0.0730192950238   -0.98342439868
-0.048998747928   -0.996641985883   -0.0657299678446
-0.984913441916   0.0372758437274   0.169005660008
0.554463488833   -0.831813041467   -0.0256381821666
0.287102009755   0.16227653054   0.944054441055
-0.781116309095   -0.530804498593   0.328791598441
0.171458401873   0.878693767116   -0.445532600702
0.392469115779   0.353876318017   0.848963814848
0.903642643868   -0.320419770605   -0.284185099968
-0.466701188128   -0.633317856624   0.617332168809
0.200845108793   -0.755669191957   -0.623398691745
0.86130816578   -0.166952625246   0.479870030806
0.167996969503   0.448258315672   -0.877975805302
0.813439970364   0.440072321917   0.380331139321
0.556859449844   -0.778075088506   -0.290700415425
0.259903736722   0.522538007752   -0.812037003323
0.371054948823   0.722329686925   0.583573521158
0.89149777861   -0.452983288982   -0.00615412907815
0.281238650884   0.24950339589   -0.926635209396
0.768877081011   -0.636382719347   0.0620074183299
-0.574223641232   -0.729907488023   -0.37081281539
0.948606432892   0.299611810573   -0.101875596742
0.234637368448   -0.881915370451   -0.408866731808
-0.212346837918   0.363949807003   -0.90689073043
0.754626129405   0.560758063076   0.340719542874
-0.0363352173291   -0.4827574218   0.875000039021
0.655148200167   -0.672678014358   -0.343926104344
0.606355571604   0.0452842373116   0.793903269962
0.334482129262   -0.920284981927   -0.202972798379
0.721425512032   0.388620109527   -0.573166829318
-0.736583640276   0.523422939976   -0.428337662575
-0.209750922124   0.425303478558   0.880409883793
0.643000216129   0.738339649971   -0.20348319959
-0.760907332055   -0.453609740857   -0.463959543289
0.399930590268   -0.890933051177   0.215160545927
-0.510955749334   -0.0218343892727   0.859329680312
0.0348434688082   -0.983059286232   -0.179945546557
0.928599596863   -0.0347144164088   0.369455988256
-0.369443836976   -0.179970492871   0.911658859176
-0.633019857788   0.55828429123   0.536287723034
-0.625127783812   0.0399742089011   -0.779498122911
-0.456619234831   -0.828686140756   0.323694546599
0.989709707983   -0.141084628254   0.0238709441599
0.00273238627301   -0.148160244775   -0.988959614086
0.143063721361   0.97884815569   -0.146250135114
-0.472337552431   -0.880936377804   0.029166670762
-0.85093968467   0.447126163669   -0.27564602838
0.229785224669   -0.155016702871   -0.960818252923
0.108627886965   -0.982073624397   -0.154049977785
-0.0622366301367   0.147944260318   -0.987035518189
0.992132350678   0.116807142595   -0.045050087287
0.344616965287   -0.281572678958   0.895519963178
-0.85386694399   0.302365027569   0.423658665433
-0.390064635602   -0.910654846415   -0.136225489769
0.367515737606   0.26312784543   -0.892017883185
0.440583717727   0.795423916349   0.416157152902
0.819034892198   -0.545952859867   0.176400963116
-0.426099523085   0.22423878483   0.876445174144
-0.897283492763   -0.228351681393   -0.377806598063
0.115418843851   -0.947403007861   0.298506316656
-0.770336117035   0.627351827185   0.114071114414
-0.622898810346   -0.778631843335   0.0756953980915
0.136307029478   -0.0127438671746   0.990584670276
-0.583829043195   -0.755945155421   -0.296125976202
0.778182258806   -0.625035032677   0.0613482198648
-0.231464994904   -0.194623107559   0.953176690248
0.0324518514439   -0.742399926011   0.669170543915
0.861528401549   -0.318628821589   -0.395277716634
0.506671175724   0.58933692384   0.62925853663
0.989625492969   0.140716019869   0.028989406519
-0.0589436443145   0.21364778258   0.975130910403
0.131023016043   -0.966723149294   0.219725606967
-0.766858032259   0.104682588919   -0.633222292567
0.0314964819395   0.991558276408   0.125778205054
0.641043592786   0.0765097432902   -0.763681562507
0.744150218201   -0.551129964381   -0.377486830771
-0.420264181882   -0.82549575951   0.376743184367
-0.519248074114   -0.121709374746   -0.845913075618
0.0881353904437   0.927663914915   -0.362866142971
0.886030249354   0.0934509532272   0.45411159447
0.455173125284   -0.36153368303   -0.81370195366
-0.414798579098   0.847871604052   -0.330236059631
0.906393053618   0.416914098156   -0.0680753706676
0.0799608928904   -0.327561241267   -0.941440307261
-0.961686526899   0.261950055493   -0.0810271957943
0.178382883204   0.373266360165   -0.910417216131
-0.208237328572   -0.889978723832   -0.405699935115
0.598071170727   0.729108506117   -0.332733609483
-0.799777037229   0.516205857601   -0.306411807654
-0.0516484200512   0.449368770005   0.891852088403
-0.643552942497   0.168833145425   -0.746548669195
-0.361499017552   0.792681314793   0.490891826626
0.674653990412   0.585791510817   -0.449099368606
-0.793841440486   0.473452142972   -0.381814549257
0.435338310499   0.00382689285472   -0.900296896287
-0.424758563329   -0.880850165673   -0.209204225238
-0.973889500318   -0.149053303548   0.17124242015
0.185825439147   -0.0900451147649   0.9784486057
-0.130421470331   0.984721219702   0.115390997202
-0.572915635861   0.519835781871   0.63367088392
0.694429588138   0.718535696383   0.0383935369061
-0.435356837962   0.462036012064   -0.772649692511
0.933798076181   0.357794225685   -0.00210838267147
-0.346041500099   0.90159530909   -0.259578849805
-0.09097490544   0.243123818504   0.96571961542
0.997528721003   -0.0700343393444   -0.00562513119352
0.021512356335   0.380662175422   -0.924463915053
0.0668854940422   0.922058296976   0.381228056638
-0.852119617188   -0.408444837272   0.327220441413
-0.511627331913   0.518498896139   -0.685126638846
0.110172027362   -0.751221573787   -0.650796142951
-0.343584013462   -0.796155699896   0.498082589364
-0.46204985063   -0.31842775213   -0.82771603719
0.817594092345   -0.514528914845   -0.25845700954
0.437412619905   0.307737179179   -0.844966291183
0.317953594108   0.826004898766   0.465426063596
0.841175199753   -0.472243303003   0.263458824663
0.155513334017   -0.411936217844   0.897844199945
-0.961696797907   -0.270829845221   0.042314797525
0.225731973458   -0.870034381862   -0.43827541467
0.0340158679538   -0.600960860213   -0.798554304024
0.998394181768   0.0566485496578   -0.000103078980856
0.0452988939675   -0.797268459997   0.601922767087
-0.996038917726   0.0135997615153   -0.0880144629496
0.0879538000891   -0.00500355122662   -0.996118313003
-0.0139867169651   -0.999901300597   0.00377501360011
-0.562866478862   -0.136460009116   0.815205629681
0.336630743843   0.862926800159   0.376878096562
-0.754891578342   0.486555262309   -0.439775953939
-0.832492788074   0.545688491261   0.0958163684954
0.00417543057617   -0.16675821533   0.985989283461
0.554021002983   0.821228574652   0.136545974655
-0.929245918085   -0.0117777308378   0.369276287832
0.270398040123   0.659422922993   0.701460336001
-0.251770910941   0.751680110247   -0.609581669561
-0.577025192726   0.1694125431   -0.798964513484
0.526783530635   -0.67036972275   -0.52259611505
-0.624134613219   -0.722431296286   0.297574079088
0.301584130052   -0.104427962403   0.947703482102
0.719890208144   -0.626787390564   -0.298154044378
0.625144125413   0.772160959017   -0.113852528939
-0.248759753837   -0.810109135029   -0.530887781319
-0.218701046226   0.580942377025   -0.784012645185
0.943551005188   -0.0789250579475   -0.321686806702
0.948118544342   -0.117875789011   0.295256710481
-0.23318470707   0.373420702913   0.897876317323
-0.216092848349   -0.920142536342   0.326560261901
0.99999872287   -0.000111910996227   0.00159428206648
0.000113949389172   0.999999176186   -0.00127853136012
-0.00159413767137   0.00127871139473   0.999997911809
0.896577415581   -0.404359090358   -0.180672934696
-0.275945085317   -0.829108548585   0.4862449257
-0.346414914772   -0.386100432433   -0.85494092045
0.865790055503   -0.500406806276   0.000780146601573
0.500406439497   0.865790393996   0.000624161845504
-0.000987778268791   -0.000150002736749   0.999999500897
