-0.138942045474   -0.861802196534   0.487844335236
0.711714589564   0.255639162213   0.654301895522
-0.688590926729   0.438115968131   0.577838159913
0.770502962977   0.218302361426   -0.598890028598
0.258347697314   0.751959858585   0.606475755453
0.582736350892   -0.622013226271   0.522989386683
0.949689082935   -0.196951724399   0.243517278906
0.102271035503   0.92992017815   0.353255005796
-0.296025813345   -0.310577658693   0.903277497726
-0.60984852193   0.730897516768   -0.306388934576
0.403769702475   -0.0461195927229   -0.913697645146
-0.681949695074   -0.680927440602   -0.266988557189
0.599093992316   -0.682671091508   0.418385669397
0.534365751792   0.730039753664   0.426022535579
-0.596271440579   -0.031656568481   0.802158482104
0.228517508291   -0.949168851938   -0.216467803806
-0.819315901365   -0.0674048757756   -0.569366432941
0.525833883792   0.307465724432   -0.793072329845
0.947371298454   -0.195515572651   0.253498266244
-0.113109752162   -0.945196805207   -0.306288114411
0.299489388967   0.261495479721   -0.917567109154
-0.993847426448   0.0816751406417   0.0749388454999
-0.106978380598   -0.529748276236   -0.841390069076
-0.0290221509938   -0.844222004959   0.535211580201
-0.985921343435   0.0757849154265   -0.149071058565
0.0647161838801   0.99486970226   0.077756721112
0.154199057883   0.0670144665567   -0.985767792471
-0.890332175947   -0.220320479116   -0.398457455018
-0.454462931594   0.376582449544   0.807248028609
-0.0278010932145   0.899802657458   -0.435411202288
0.894741163237   0.0356244808032   -0.445161936822
-0.443880026232   0.180490770762   -0.877720699268
0.0490792821915   0.982931330246   0.177305516292
0.192672914258   0.685363334902   0.70224940488
-0.37616487097   0.71257333795   -0.592232404168
-0.906298580673   -0.15005442303   0.395103198344
-0.442894831736   0.803488023843   0.397817645731
0.86466199931   0.265442565001   0.426501816625
0.237089667978   0.532870686168   -0.812309677555
-0.839597844806   0.520902161359   0.154066535745
-0.484448219777   -0.846332710585   0.221429369921
0.245734575306   0.111274353738   0.962929145222
-0.0160091748351   0.598704395971   -0.800810041714
0.515762327394   0.691080158136   0.506357016002
0.85658210249   -0.404921291436   -0.31985279569
0.733028881865   -0.68003440532   0.0148950592235
0.666619294555   0.713870176898   -0.214494949345
0.135230807643   0.167160326477   0.976611516234
-0.217010904822   -0.918956469785   0.329281359169
-0.962128352415   0.258359962661   0.0869467411832
-0.164973453429   -0.297942459147   -0.940221010597
0.115937690249   0.922071089317   0.369251929661
0.869488229324   -0.273935372533   0.411041190902
0.48015862002   0.273403635302   -0.83349005923
0.917019473574   -0.0117503175839   -0.398670001631
-0.0571714299127   -0.99312273147   -0.102235025004
-0.394724293356   0.116543995008   -0.911385217786
0.815968825851   0.127633030954   0.563830373928
-0.56683667427   -0.0149125020719   0.823695231626
0.113538829729   -0.991709362319   0.0601789418227
0.210010012957   -0.66097604054   -0.720421029466
0.976241063895   0.101537437229   0.191424983303
-0.0533776266746   -0.743505758484   0.666595838904
-0.505445899102   0.343786893898   -0.791413360162
-0.845601500458   -0.0148374218463   0.533608485071
0.171705088692   0.938930500356   0.298206171792
-0.298904345008   0.863860319234   0.405464721187
-0.176475082659   -0.467599343272   0.866145201993
0.937823456987   0.187340104055   0.29221721842
0.161679381018   0.747065396841   -0.644794158484
0.642187746103   -0.575770011047   -0.506059177499
-0.749307088401   -0.332256354671   -0.572849611704
-0.222311179023   0.426770268885   -0.876609887885
-0.909774304422   -0.414079889792   0.029130413768
-0.350554522084   0.803993161407   0.480319197222
0.948934043831   0.18621966495   0.254649592902
-0.0136056526487   0.83060189852   -0.556700428253
-0.315181003545   0.524807314152   0.790720058638
-0.0839924214729   -0.845539189003   -0.527265381072
-0.0276072146966   0.530906571653   -0.846980558489
0.996083904053   -0.0565836073497   -0.0679351169623
0.923219538549   -0.104725225129   0.369727346834
-0.105959041276   0.855470881914   0.506894714926
-0.369375642601   -0.507151060011   0.77869084839
-0.9614579722   -0.266258335596   -0.0686095857265
0.26128735494   -0.962456947776   0.0735374175889
-0.0856136360409   0.0527762480957   0.994929635035
0.206261988692   -0.160169204317   0.965299052169
0.244539166249   -0.946771039188   -0.209347270987
0.947447639873   0.279233790376   -0.156115674947
-0.337731655853   -0.242835133992   0.909378169158
0.83781316904   -0.517867856194   0.172864791797
0.428959963897   0.820270833419   0.378350651201
0.639818152329   0.490922211298   -0.591293838393
0.190661667475   -0.846728954456   -0.496688723026
-0.744500604045   0.20505350882   -0.635352831806
-0.327633829521   0.0870204609363   0.940788752309
0.812646303746   0.533877451723   0.233625423871
-0.481935703286   0.841072109304   -0.245633162365
0.764442795007   -0.262932185661   -0.588637315888
0.502886946667   -0.328125788178   0.799648827064
-0.403400474448   -0.90730380441   -0.118608240759
-0.990831002777   -0.0937585683024   0.0996800830429
-0.0690451340234   -0.286617945135   -0.955713619115
0.118150571532   -0.953606356504   0.277212980163
0.744658702925   0.611594187267   0.267275169673
0.247909398921   -0.625241642608   0.740009551925
0.619697019639   -0.484794551449   -0.617211603769
-0.49373457942   0.396707917436   0.773853320762
-0.860528384463   -0.0945936640542   -0.500542620901
-0.125367592886   -0.913057963137   0.388082606922
0.386387101125   0.874077919344   -0.294436402914
-0.46066632547   -0.0936745478905   -0.882616343135
-0.799056656954   0.47666850484   0.366463629455
0.717987135884   0.673746399952   0.174815820513
0.590877764297   -0.722709682293   0.358547173323
0.367910655199   -0.154137589155   -0.916998069562
0.622820609063   -0.775320533848   0.104750950755
-0.73816228304   -0.537974692668   0.407063264798
-0.259251105665   -0.330850611974   -0.907374103194
0.472710269718   -0.840569089444   0.264553879305
-0.80995566705   -0.296172350066   0.506215488671
-0.347155536608   -0.453570181371   -0.820827409395
0.648603193438   -0.69558338336   -0.308994642962
0.0271932456708   -0.384533371046   0.922710546343
-0.760640821923   -0.606875589998   -0.230494427876
-0.161744259745   -0.565186686802   -0.808951666713
0.352561853838   0.732548956786   -0.58229903324
0.921704361081   -0.379389027194   0.0807776782917
0.889053341327   0.451076635419   0.078192193029
0.319978424607   -0.490114999854   -0.810802695723
-0.327410992267   0.745866658716   -0.580073168846
-0.22739679052   0.793187812903   0.564928181707
0.626035706141   0.563432856321   -0.539094362295
-0.745902172983   0.231076892579   -0.624686716671
0.108699548159   -0.0742223884692   0.991299855015
0.881582644976   -0.453594007961   -0.130630954734
0.459343450567   0.88811229206   0.0161277384529
0.0658436703112   -0.680515650772   -0.729769153325
0.968374546505   0.219967562493   -0.117749620949
0.240655990513   -0.698936824476   0.6734775383
0.148488113134   -0.514157526622   -0.844744508766
0.982656724324   -0.0192293242634   0.184434150166
-0.111072091066   -0.857480163866   0.502385051416
-0.403807375867   0.347388406121   0.846322009061
0.522593040787   0.846898870558   -0.0982793041546
-0.75089024594   0.402596079461   -0.523526774563
-0.114206300651   -0.993217386338   0.021842094852
-0.964882291886   0.11612891843   0.235620408767
-0.236558695541   0.00583418363789   -0.971600533326
0.465056769415   0.185146424275   -0.865703757653
-0.229661148685   0.969638923242   0.0840006841235
0.854972485652   0.159753434163   0.493458085989
-0.81038912816   -0.369125037051   -0.454990221116
-0.37980601058   -0.260331365533   0.887679518764
-0.446112977412   0.892173884805   0.0707738400518
-0.698651289064   -0.142311051933   -0.70117500384
-0.330904290525   -0.804640077884   0.493021213872
-0.634350984885   0.576467805965   0.515060432947
0.0601765614417   -0.324532553936   -0.94395835885
0.673382147764   -0.68487703322   0.278388033542
-0.736841397371   -0.652397145597   0.177320902154
-0.900256079436   0.421202774004   0.11012544493
-0.435235832973   -0.864657440039   -0.250873818118
-0.0104479732845   -0.273781164605   0.961735265963
0.488517104065   -0.86683147497   0.099771203315
-0.541496687601   -0.211518284412   0.813659323509
-0.684202043498   -0.451512293761   -0.572716680973
-0.587756039397   -0.191118672296   -0.786141768662
-0.433410540029   -0.746124154777   0.505427222198
-0.683154836861   0.637789170688   0.355704107559
-0.343881980249   -0.88837717628   -0.304189502444
0.936239613538   -0.349256297577   -0.0384122640161
-0.0721155099536   -0.29800353798   0.951836775576
0.646614183384   0.35591206691   -0.674697485209
-0.548686616209   -0.397452288635   -0.735509801315
-0.529936876536   0.845788549973   -0.0617140975097
0.760685075807   -0.584266479764   0.282827240834
-0.521218117032   -0.809471160944   -0.270353058514
0.386898232112   0.058239010933   -0.920283000384
-0.691876240911   -0.346305742534   -0.633547548782
-0.625005796226   -0.15206424224   0.765667155711
-0.361494009029   0.925716355769   -0.111234943311
-0.896920626927   0.192249467903   0.398267804061
0.0968493505657   -0.79334114321   0.601058532563
0.431505857383   0.577660192814   0.692905818539
0.564251332121   0.150333667712   0.811800671543
-0.380955418034   -0.82493767125   0.417553899938
0.73245717379   -0.544865192717   -0.408201860107
-0.444483505324   -0.467109326957   0.764358064557
0.401484663846   -0.866660094004   -0.296159239865
0.800777396585   0.175240141892   0.572753386862
0.809971192786   0.130386656158   0.57179190799
0.170551812284   0.880466652613   -0.442369249063
-0.561122754371   0.455826494498   0.690914944321
-0.622321582   0.530572942466   -0.575507457977
-0.0288433404557   -0.750270959418   -0.660501500352
-0.782230492358   -0.394444575294   0.482212749563
-0.589494512652   -0.383259643773   0.711061416539
-0.513742913465   0.857183991528   0.0361085876183
-0.623349429694   -0.344016942446   -0.702202186036
0.566806134691   0.485009934118   -0.66595516855
0.0383829654362   -0.823012661017   -0.566725154099
-0.822956663911   0.295661996427   -0.485104848894
0.928197529699   0.354137605792   0.114176312677
0.336691743499   -0.930007138064   0.147425299406
0.158393005124   -0.0983976890441   -0.982465580316
0.683437424135   0.729983160492   -0.00615476499705
0.303492823835   -0.276453172706   0.911847456114
0.663931774819   -0.625058607443   -0.410483097412
0.203981656746   -0.162403572291   -0.965410051483
0.796539258271   0.600837579631   0.0672265943309
0.569136800629   -0.782699996589   0.251920664794
-0.315611387101   0.281459984516   -0.906184202898
-0.252486827637   0.895656654961   0.366127798249
0.914680236113   0.344353655268   -0.211614506986
-0.16602401469   0.0737496574246   -0.98336208452
-0.0481571520842   -0.996619463192   -0.0666133641716
-0.984947150839   0.0362965509776   0.169010363843
0.55394336763   -0.83215426191   -0.025807902804
0.286820274747   0.161644433473   0.944248505934
-0.781588698393   -0.530462435381   0.328220563507
0.171623916708   0.878746193793   -0.445365424016
0.392307889607   0.353721690838   0.849102754305
0.903681223533   -0.320446710875   -0.284031963103
-0.465879954053   -0.63391594161   0.617338346924
0.201266188726   -0.755306692878   -0.623701807861
0.861654209579   -0.166320782905   0.479467920472
0.168104355461   0.448347102186   -0.877909907511
0.813402901671   0.44002063249   0.380470189734
0.556881180593   -0.77805316122   -0.290717449307
0.260045952964   0.522556856021   -0.811979346387
0.370787903413   0.722399877271   0.583656369065
0.89156741608   -0.452849598314   -0.00590059674363
0.281514776078   0.249192120395   -0.926635223588
0.768786596022   -0.63645360879   0.0624038946354
-0.574209648331   -0.729952302156   -0.370746739079
0.948711443354   0.299421164523   -0.101457244501
0.23476729108   -0.882179840083   -0.408219767057
-0.211733146355   0.363463925875   -0.907228407366
0.754651975317   0.560696495321   0.340763638469
-0.0363828897511   -0.482798487283   0.874975447105
0.655115793201   -0.672699924065   -0.343945089792
0.606389518934   0.0450872797121   0.793888659313
0.334479609465   -0.920231717293   -0.203220356601
0.721398265197   0.388770188791   -0.573099940328
-0.736569269577   0.52351679065   -0.428247541564
-0.209739549377   0.425157375574   0.880483135855
0.643020301682   0.738357231295   -0.203355706013
-0.760846210353   -0.453186227021   -0.464473968099
0.399552630248   -0.891144591885   0.214988020334
-0.511342858623   -0.0220090177919   0.859094957746
0.0343561095022   -0.983186442254   -0.179343465512
0.928495090605   -0.0349907670544   0.369692458859
-0.369751978462   -0.179220721969   0.911681637055
-0.63306018676   0.558266230372   0.536258941494
-0.625131897184   0.0398866412927   -0.779499319019
-0.456557715333   -0.828702536049   0.323739361796
0.989730206434   -0.140965985645   0.0237215021059
0.00261794910931   -0.148042602732   -0.988977536399
0.142923983689   0.978883043091   -0.146153194163
-0.472121697077   -0.881099327042   0.0277392398374
-0.851245685055   0.447492745224   -0.274103398227
0.22909882849   -0.153022433423   -0.961303128898
0.108935727871   -0.982008341852   -0.154248715968
-0.062004070881   0.14815740319   -0.98701819631
0.992113171487   0.117085614775   -0.0447488969868
0.344381049176   -0.281832369944   0.895529026133
-0.853905889174   0.302411757698   0.423546799642
-0.390187716144   -0.910558990019   -0.136513446754
0.367759352961   0.263039347787   -0.89194358261
0.440574613472   0.795395498292   0.416221106573
0.818930438443   -0.54603690453   0.176625674877
-0.426452735489   0.223836713031   0.876376198126
-0.897099755213   -0.228436183112   -0.378191727569
0.115542822971   -0.947477746179   0.298221061171
-0.769743589265   0.62806435426   0.114150472831
-0.623690287273   -0.778047593854   0.0751846107107
0.136035249483   -0.0133216753218   0.990614428401
-0.583709971173   -0.75591581237   -0.296435640578
0.778324612263   -0.624900559734   0.0609116305767
-0.231286839966   -0.19516842317   0.953108434675
0.0320994089079   -0.742943865298   0.66858365751
0.861328679086   -0.318781517555   -0.395589864312
0.50703313566   0.588568472804   0.629686094386
0.9896448585   0.140512941741   0.0293115575695
-0.0592390798398   0.213821480459   0.975074929473
0.130743204885   -0.96671428037   0.21993118602
-0.766836213428   0.105552934642   -0.633104305275
0.0320326765734   0.991449493113   0.126498266804
0.641043205253   0.0767234114289   -0.763660518988
0.743367070321   -0.551441195519   -0.378574036715
-0.419947686703   -0.825294920307   0.377537190861
-0.520624273179   -0.121667571419   -0.845073657432
0.0880483631384   0.927619249285   -0.363001576999
0.886003047885   0.0936149434195   0.454131006989
0.455243029258   -0.361606002059   -0.813630839948
-0.414181443018   0.8481621674   -0.330265930734
0.906670265526   0.416359907005   -0.0677778360265
0.0800229768532   -0.327514493169   -0.941451982859
-0.961396444856   0.262758292065   -0.081928149956
0.179588518844   0.373280174301   -0.910176786605
-0.208571584123   -0.889736983005   -0.40606983427
0.598018848954   0.72917844001   -0.332674411961
-0.799806762303   0.516109743265   -0.306496137734
-0.0517938676264   0.449365710859   0.891845196571
-0.6435480644   0.168960283652   -0.746524227129
-0.361534629807   0.792569622969   0.491045942986
0.674639689459   0.585905990088   -0.448971666655
-0.79339772169   0.47426115226   -0.381628134468
0.435109096281   0.00335527922506   -0.900384949037
-0.425727316359   -0.880391584226   -0.209036638567
-0.973855417375   -0.148671500255   0.171764621115
0.186417319011   -0.0908953357199   0.978257120404
-0.129826357985   0.984700561318   0.116233485229
-0.572752622861   0.520149456767   0.633560696357
0.694691943435   0.718286618535   0.0383075666452
-0.435152521617   0.46207024202   -0.772744186415
0.933740076674   0.357945508435   -0.00211674903808
-0.346200489327   0.901567544172   -0.25946325779
-0.0909653166059   0.24300406158   0.965750659547
0.997537285689   -0.0699001869538   -0.00577300441652
0.0213272699735   0.380708500613   -0.924449132943
0.0668169983736   0.922049356437   0.381261704464
-0.851833846013   -0.408437505354   0.327970866714
-0.512223258604   0.518483662952   -0.684692515815
0.109605741356   -0.751235856498   -0.650874410022
-0.34411901711   -0.79578501233   0.498305871557
-0.462255182351   -0.318354921397   -0.827629571531
0.817253127169   -0.515147333715   -0.258303985554
0.437726438962   0.307229580751   -0.844988487585
0.318059714905   0.826127776204   0.465135371191
0.840971805231   -0.472358847159   0.263900616742
0.155080554943   -0.412056753279   0.897863758279
-0.961829164864   -0.270403470016   0.0420325302641
0.225465638114   -0.870109940215   -0.438262553072
0.0344029537256   -0.601213863497   -0.798347251969
0.998353013391   0.0573692873838   -0.000181521044554
0.0459097488649   -0.797026136733   0.6021973393
-0.99604808033   0.0136985276717   -0.0879412673085
0.0878807009089   -0.00497178754848   -0.996126962878
-0.0140818522914   -0.999902142264   0.00373168383563
-0.562708605164   -0.136363014735   0.815330758877
0.336476474844   0.863117981673   0.376577933089
-0.75507794302   0.486243237511   -0.43980097675
-0.832786380116   0.545227517902   0.095889463438
0.0040537561912   -0.167201876053   0.985914666909
0.553580529405   0.821444530743   0.137032648289
-0.929319400457   -0.0136285732831   0.369027227715
0.268934992016   0.659844641408   0.701626155964
-0.253062843725   0.751278613202   -0.609541462468
-0.577702393671   0.168360985569   -0.79869768417
0.52676545804   -0.670566027745   -0.522362926115
-0.623523507477   -0.72249529611   0.298698048528
0.301690489924   -0.10384132658   0.947734055136
0.719917387321   -0.626896864981   -0.297857859147
0.625061449621   0.7721511042   -0.114371656274
-0.248706750555   -0.810131613061   -0.530878273194
-0.218783710048   0.580922620549   -0.784004211466
0.943545790965   -0.0788396150276   -0.321722979874
0.948125181505   -0.117939829936   0.295209818542
-0.233111389091   0.373452152836   0.89788227116
-0.216142824829   -0.920121562133   0.326586272593
0.999998376851   -0.000169276205117   0.00179377816948
0.000171885138269   0.999998927616   -0.00145438032904
-0.00179353005388   0.00145468629217   0.999997333565
0.896820006523   -0.404075302202   -0.180102849541
-0.275448299963   -0.828587863251   0.487412115756
-0.346182206808   -0.387511918124   -0.85439603186
0.865766182129   -0.500447986583   0.000855191358908
0.5004475136   0.865766583652   0.000713798744858
-0.00109761524519   -0.000190004426383   0.999999379569
