-0.138845488733   -0.861847634524   0.487791596153
0.711291377336   0.255929706117   0.654648454319
-0.689047576687   0.437856913934   0.577490069883
0.770727361591   0.218253968143   -0.598618863644
0.25822561779   0.751896518983   0.606606264266
0.582493664204   -0.622106771318   0.523148454501
0.949660434031   -0.196526002041   0.243972521311
0.101564984866   0.929840183436   0.353669037308
-0.296360615606   -0.311086426292   0.902992592465
-0.609926969707   0.730886161895   -0.306261291331
0.402567864032   -0.0471216388517   -0.914177018524
-0.682590415305   -0.68087144506   -0.26549115735
0.598467469412   -0.682875568858   0.41894826098
0.534554426679   0.729875092994   0.426067968117
-0.596731307072   -0.0310371711538   0.801840658174
0.228843414395   -0.949065158058   -0.216578225549
-0.819069215942   -0.0674892097351   -0.569711311803
0.526076440755   0.307767257943   -0.792794519359
0.947409932321   -0.195527555343   0.25334444682
-0.113165469762   -0.945188783593   -0.306287836658
0.299345970553   0.261510301007   -0.91760821943
-0.993910694256   0.0814951978838   0.0742461253788
-0.106314075717   -0.530287152534   -0.841131611128
-0.0291765610788   -0.843897862692   0.53571262656
-0.986002870259   0.0748274415739   -0.149007598467
0.0638412848123   0.994969530952   0.0772006032406
0.154034738831   0.0666070324717   -0.985819898691
-0.889948637463   -0.219992927982   -0.399495058285
-0.455250613166   0.37627175719   0.8069492098
-0.0272042123251   0.90001292192   -0.435014957308
0.894570644607   0.0358134143516   -0.445489350819
-0.44420513059   0.181081503303   -0.87743449628
0.0492459571724   0.982815797928   0.177898699276
0.192702830414   0.685312162911   0.7022911269
-0.375993240799   0.712649068169   -0.592250265738
-0.906363431759   -0.149928428789   0.395002243201
-0.442458617598   0.803622313711   0.398034447249
0.864534743997   0.264246467648   0.427502650815
0.238369294818   0.533263552981   -0.811678792362
-0.839679485184   0.520904409645   0.153613433078
-0.484683764221   -0.846383028093   0.220720519149
0.244990080431   0.110880543315   0.963164247769
-0.0151040232259   0.598649013094   -0.800869049818
0.515867161802   0.69079477804   0.506639564431
0.856535432547   -0.405489748323   -0.31925714769
0.73320045441   -0.679837641289   0.0154229760996
0.666502359341   0.713950146328   -0.214592138957
0.134876579501   0.167618503143   0.976581970495
-0.217048607242   -0.91904361959   0.329011100105
-0.962240118937   0.258152357952   0.086319496715
-0.16426634533   -0.297852190352   -0.94037224835
0.116338841955   0.921905037042   0.369535537453
0.869355853673   -0.274443007512   0.410976438217
0.480297626944   0.273445306711   -0.833391947315
0.917100093878   -0.0113451247192   -0.39849602279
-0.057234057141   -0.992991249354   -0.103448722296
-0.394527634948   0.117680344946   -0.911322066967
0.815755525429   0.12772144008   0.564118925243
-0.567127410289   -0.0149646092914   0.823494135006
0.113619666307   -0.99169719352   0.0602268630754
0.210145393913   -0.661371373575   -0.720018632168
0.976224518378   0.101913435467   0.19130957618
-0.0531470993703   -0.743102664802   0.667063580211
-0.505405821319   0.345031249691   -0.790897169989
-0.845423680376   -0.0145606633546   0.53389769429
0.17269538911   0.938478227795   0.299056668636
-0.298435684564   0.863987051799   0.405540012932
-0.176304391669   -0.467494483387   0.8662366185
0.938004845   0.187017357688   0.291841600697
0.162003284822   0.746980941078   -0.644809818291
0.641919410011   -0.576065997434   -0.506060659744
-0.749466276192   -0.331929802753   -0.572828805263
-0.22191013269   0.427047092286   -0.876576641958
-0.909874271783   -0.413889971813   0.028702366664
-0.350549051921   0.803943901821   0.480405596748
0.948777015674   0.186440243709   0.255072950714
-0.0135579282907   0.830611332793   -0.556687521733
-0.315655440695   0.5247140648   0.790592684952
-0.0837210524596   -0.845407030695   -0.527520344097
-0.0275327033932   0.531139256223   -0.846837074171
0.996108784836   -0.0563740401075   -0.0677438731002
0.923128783804   -0.104640980853   0.369977722743
-0.106029895736   0.855659698321   0.506561097055
-0.36958207669   -0.50684982881   0.778789024372
-0.961722867554   -0.265169433627   -0.0691110128745
0.260026820626   -0.962670009409   0.0751966829687
-0.0864708805665   0.0543475854486   0.994770894324
0.207478216934   -0.159594141758   0.965133611615
0.243396110022   -0.947154337886   -0.208944847341
0.947476391251   0.278261254077   -0.15766968801
-0.337804106502   -0.24244538797   0.909455095768
0.838029018511   -0.517353809272   0.173356123124
0.428480689764   0.820710189496   0.377940552091
0.639597288178   0.490785487627   -0.591646021487
0.190351240968   -0.846808801452   -0.49667069031
-0.74476963866   0.205048712957   -0.63503831953
-0.327557584918   0.0874064215991   0.940779563251
0.812661739585   0.533979366443   0.233338696923
-0.481961581645   0.84096740004   -0.24594085467
0.764471178294   -0.263573954423   -0.588313345229
0.502421488444   -0.3282129317   0.799905583394
-0.403926317011   -0.907086029517   -0.118484111975
-0.990443921321   -0.095290498462   0.101218196965
-0.0701854020622   -0.285880935319   -0.955794358973
0.119997549272   -0.95361867023   0.276265742901
0.743976545608   0.612011011005   0.268219056643
0.247914131045   -0.625565731549   0.739733976064
0.620513918913   -0.483849453988   -0.617132430832
-0.49407034559   0.396551512915   0.773719196713
-0.860340244335   -0.0947044565338   -0.500845018874
-0.125336194837   -0.913114432346   0.387959886336
0.386168074682   0.874028694495   -0.294869599881
-0.460404950515   -0.0943692606109   -0.882678742676
-0.799313155951   0.476621781321   0.365964723225
0.718441988414   0.673542667857   0.173728172485
0.591343332759   -0.72293044044   0.357330682469
0.366270755235   -0.153988403486   -0.91767856358
0.621750966598   -0.776252141744   0.104203911243
-0.73879866913   -0.537109996206   0.407050136816
-0.260004556061   -0.330069537867   -0.907442709661
0.472847380836   -0.840714713071   0.263844945262
-0.809784849618   -0.296571353837   0.506254878411
-0.347367069889   -0.453038934102   -0.821031025464
0.648453626841   -0.695765043277   -0.308899451007
0.0270245423139   -0.384481465581   0.922736998394
-0.760774303188   -0.606700007126   -0.230515649142
-0.161709993828   -0.565311077404   -0.808871624884
0.352506127787   0.732492506092   -0.58240378436
0.921731712404   -0.379312699403   0.0808242510573
0.889145977767   0.450931253912   0.0779771206981
0.319746348144   -0.490268041183   -0.810801750599
-0.327386163353   0.745854013981   -0.580103478253
-0.227360858576   0.793449179947   0.564575513667
0.626565413296   0.563008576827   -0.53892221224
-0.745468238527   0.231213682177   -0.625153927922
0.109085507358   -0.0737839600975   0.991290217725
0.881503451711   -0.453706633041   -0.130774548675
0.459403997747   0.888091349577   0.0155479846998
0.065558571376   -0.680960593063   -0.729379674349
0.968388381165   0.219721696541   -0.118094411458
0.240678170766   -0.698580716516   0.673838992929
0.148719715372   -0.513957394275   -0.844825567242
0.982706295338   -0.0184975943218   0.184244867617
-0.110321254965   -0.857616249269   0.502318213203
-0.403708723966   0.347475082732   0.846333495572
0.522495449639   0.846934958168   -0.0984869914265
-0.75101120095   0.402445336977   -0.523469181459
-0.115866533712   -0.993054656455   0.020459339523
-0.964251546332   0.117399250561   0.237565384142
-0.238317206002   0.0077977971058   -0.971157146851
0.46533091439   0.184677228497   -0.865656665437
-0.229795381261   0.969664115254   0.083340184776
0.854787238962   0.160143138854   0.493652663479
-0.810689652898   -0.369028105404   -0.454533349564
-0.37960238662   -0.259754325273   0.887935658544
-0.445740211914   0.892382184416   0.0704961813884
-0.698512502194   -0.144288310904   -0.700916203528
-0.330363342661   -0.803837336157   0.494701265333
-0.634793433219   0.577104984759   0.51380301021
0.0598053168269   -0.324596451255   -0.943959994758
0.672405673531   -0.685818374149   0.278430915459
-0.737762792553   -0.651375704423   0.177244906643
-0.900155378888   0.421065007265   0.111468121824
-0.435463602726   -0.864322503782   -0.251631948935
-0.00960901803774   -0.27504808067   0.961382458783
0.488607303345   -0.866815665727   0.0994663630126
-0.541049638753   -0.211580364623   0.813940515232
-0.68449123013   -0.451513538647   -0.572370021952
-0.589192839261   -0.190217259351   -0.785286983278
-0.431512448017   -0.747616431289   0.504850250993
-0.683121701506   0.636312944208   0.358403659974
-0.343630217988   -0.888617096819   -0.303772728445
0.936361254774   -0.348914631686   -0.0385502547807
-0.0717343422788   -0.297688052881   0.951964287795
0.64652892176   0.355890054457   -0.674790807359
-0.548665117271   -0.397658925758   -0.735414177357
-0.530063160055   0.845700710835   -0.061833548983
0.761818357138   -0.5833859558   0.281592235457
-0.520141970624   -0.809986013119   -0.270886172982
0.38611616243   0.0598983713671   -0.920505887197
-0.692098087124   -0.346694691346   -0.633090263098
-0.624785287545   -0.151465065232   0.765964653404
-0.361446862906   0.925668027313   -0.111781189689
-0.897077480207   0.19065292946   0.398749856046
0.0987705963001   -0.792942322278   0.601314773221
0.430806634715   0.578780223985   0.692412437865
0.564232446464   0.149668659457   0.811936627871
-0.381223176232   -0.825087365655   0.417013110024
0.732332359797   -0.544821380275   -0.408483948998
-0.443924409362   -0.467846637624   0.764232369584
0.402223134381   -0.866165186331   -0.296605850497
0.800717266721   0.175721381864   0.572690138292
0.809674337851   0.130568176679   0.572170794215
0.170621216469   0.880456336985   -0.442363017309
-0.561529934202   0.45579446007   0.690605200518
-0.621821622757   0.531113757448   -0.575549355855
-0.0294689064161   -0.750254781691   -0.66049257481
-0.78260492455   -0.393747424721   0.48217509438
-0.590162185935   -0.382805001416   0.710752353168
-0.5132137355   0.857517514119   0.0357123660963
-0.623153462911   -0.343691783853   -0.702535195187
0.566212641851   0.485848631665   -0.665848689945
0.0395580604227   -0.822901280458   -0.566806117135
-0.823309498699   0.294593146008   -0.485156450089
0.928436609808   0.354100503972   0.112332885283
0.336898722699   -0.929991204309   0.147057557229
0.156541031915   -0.0986889435611   -0.982733938667
0.68380714646   0.729634883473   -0.00638191618378
0.303308370183   -0.276281173604   0.911960946658
0.66363530995   -0.625541103742   -0.410227409887
0.204507507246   -0.162751844123   -0.96524014511
0.796425396607   0.600968020305   0.0674094707977
0.569107448675   -0.782527498781   0.252522167866
-0.315305928061   0.281557443258   -0.906260239796
-0.253044125918   0.895453818818   0.36623917353
0.914631557747   0.344801200746   -0.211095443773
-0.166337384887   0.072836721523   -0.983376228225
-0.0481898614929   -0.996678846591   -0.0656707166662
-0.984891735923   0.0364652955005   0.169292824917
0.554695220477   -0.831652107288   -0.0258452821161
0.287663993787   0.162534382803   0.943838963698
-0.780744921752   -0.530977716256   0.3293934162
0.172219032228   0.878936491902   -0.444759789948
0.391707383092   0.35316873673   0.849610020597
0.903828497882   -0.32053471617   -0.283463537705
-0.465561759324   -0.63391766535   0.617576612478
0.200887078179   -0.755293860221   -0.62383959682
0.861914648061   -0.166372636867   0.478981593688
0.168979260385   0.448605233738   -0.877610053445
0.813524806807   0.439207590301   0.381148417917
0.556438181971   -0.778363714489   -0.290734515512
0.260161933648   0.522725874597   -0.811833381933
0.370308483059   0.722479416726   0.583862247603
0.891732811648   -0.45252752052   -0.00560818369408
0.281329252744   0.249085814952   -0.926720082696
0.76891012609   -0.636305065945   0.0623946202647
-0.574135065015   -0.730117885982   -0.370535836385
0.948642709651   0.299396792896   -0.102169356651
0.234465504534   -0.882232668837   -0.408278978285
-0.212374537594   0.363355689827   -0.907121811572
0.754723900563   0.560499428602   0.340928483308
-0.0365477438846   -0.482945372936   0.874887459686
0.655023742021   -0.672758645604   -0.344005430972
0.60674054766   0.0446619027774   0.793644325609
0.334161234043   -0.920245221074   -0.20367979368
0.721250491018   0.388785934842   -0.573274453776
-0.736521697813   0.523843683362   -0.427929633536
-0.20971094811   0.424630295238   0.880744283341
0.643084204517   0.738428716801   -0.20289373027
-0.761037345951   -0.452823303908   -0.464514460215
0.399411834508   -0.891322125968   0.214512375513
-0.511168088565   -0.0222806694411   0.859191942817
0.0341471388013   -0.983186003657   -0.179385874824
0.928386512307   -0.0352530476273   0.369940192486
-0.370043907719   -0.179171829437   0.911572797576
-0.633396703066   0.557697812071   0.536452989179
-0.625138601313   0.0398121885492   -0.779497751029
-0.456081558865   -0.829088755877   0.323421496201
0.989803690717   -0.140540121145   0.0231760376777
0.00220126749592   -0.147597199135   -0.989045135977
0.142421237164   0.979011542795   -0.145782886356
-0.471600006595   -0.881387653663   0.0274418936386
-0.851038637473   0.446767944275   -0.275922230891
0.230933953942   -0.15347848039   -0.96079079644
0.109011144663   -0.982008448286   -0.154194572839
-0.0617330432365   0.14813159623   -0.987039031921
0.992121761766   0.117117149295   -0.0444743706075
0.344047159029   -0.282452130931   0.895462093793
-0.853782410043   0.302774720183   0.423536399153
-0.390752049245   -0.910246273729   -0.136983881288
0.368640289624   0.262708374963   -0.891677434864
0.440545061335   0.79529537128   0.416443659767
0.818550173816   -0.546342001453   0.177443038831
-0.426537278759   0.223137497612   0.876513390684
-0.896891445211   -0.229536010082   -0.37801991545
0.116840927743   -0.94737689339   0.298035697656
-0.770148145662   0.627644439436   0.113730804431
-0.623128573202   -0.778404368106   0.0761434656314
0.136319549191   -0.0122271723368   0.990589460329
-0.583943609005   -0.755852697749   -0.29613636599
0.778167130094   -0.625086900798   0.0610120921577
-0.231227086644   -0.194815956876   0.953195039254
0.032466415533   -0.742718999535   0.66881570175
0.860926205963   -0.319129452037   -0.396184922119
0.507692843225   0.588663666586   0.629065237886
0.989686801187   0.140175757528   0.0295092019674
-0.0593933411237   0.214081835468   0.975008426929
0.13035515728   -0.966705621456   0.220199473167
-0.766491642715   0.105316248882   -0.633560765999
0.0315053362132   0.991441798253   0.126690865536
0.641481231434   0.0771469334559   -0.76324987708
0.74360257608   -0.551739687035   -0.377675267474
-0.420145267556   -0.824986951407   0.377988175954
-0.520128103511   -0.12239454547   -0.845273278055
0.0892154081543   0.927443080912   -0.363166508739
0.885615700255   0.0929823584054   0.45501547563
0.45576903456   -0.362220351816   -0.813062694415
-0.415424936777   0.847667864627   -0.329974907815
0.906043282813   0.41777668742   -0.0674468967344
0.080683444262   -0.326990375223   -0.941578670881
-0.961643940251   0.262200074702   -0.0807071509767
0.178510325461   0.374643221522   -0.909826029184
-0.208318475168   -0.889325846079   -0.407085297887
0.597828554196   0.729427992954   -0.332469281726
-0.799913287506   0.515744856212   -0.306832163005
-0.0523426467405   0.449379624458   0.891806145171
-0.643539982871   0.169418292452   -0.746427404908
-0.361659539531   0.792164271073   0.491607732418
0.67458046672   0.586321777943   -0.448517656734
-0.794347491407   0.472877378875   -0.381438869564
0.434628541881   0.00356417876261   -0.900632528248
-0.424507546751   -0.881151465359   -0.208399780536
-0.973873416068   -0.148792785054   0.17156193176
0.186100828999   -0.0899322180331   0.978406818943
-0.130150953739   0.984771104889   0.115271831732
-0.572777019931   0.520369879697   0.633357526753
0.694745592569   0.718241381749   0.0381823782651
-0.435034630802   0.461892325881   -0.772916840807
0.933532431625   0.358486445018   -0.00216056555633
-0.346773682765   0.901470109927   -0.25903600937
-0.0909132127197   0.242567743005   0.965865248319
0.997571568735   -0.0693701082108   -0.0062252230066
0.0207103243831   0.380781200618   -0.924433218704
0.066498479521   0.922059369816   0.38129317705
-0.851853809695   -0.408102642538   0.32833862482
-0.512324791195   0.518752748346   -0.684413044678
0.108983153388   -0.751232414471   -0.650984251201
-0.343780374878   -0.796310412457   0.497699597877
-0.461047219804   -0.318595638187   -0.828210352064
0.818077394765   -0.514185426832   -0.257609830737
0.43805087368   0.306881691924   -0.844946779677
0.318535294047   0.82595155851   0.465122876055
0.840622804693   -0.472892853134   0.264056151848
0.154988269321   -0.412100573669   0.89785957713
-0.961758484731   -0.270694627578   0.041774824157
0.225830290507   -0.869998641417   -0.438295741862
0.0348473122149   -0.601373843743   -0.798207450221
0.998327918456   0.0578042863562   3.3891388425e-05
0.0461194184325   -0.796873976222   0.602382646137
-0.995966855253   0.0126271742309   -0.0889505168132
0.0888788039709   -0.00613769506941   -0.9960290074
-0.0131224302284   -0.999906885589   0.00497978414526
-0.56313260453   -0.136126737958   0.8150774287
0.336472708816   0.863103374406   0.376614769062
-0.754763419746   0.486335356792   -0.440238721758
-0.832598423419   0.545563889847   0.0956061491981
0.00361888664154   -0.167250586014   0.985907980167
0.553865865828   0.821211107933   0.137277873976
-0.929096902788   -0.0124492414603   0.36962741577
0.270339124619   0.65916382784   0.701726362553
-0.252380997307   0.75189636692   -0.609061633466
-0.577742672794   0.168841564414   -0.798565655293
0.527336024997   -0.66955650692   -0.523079386758
-0.623001843037   -0.723317256974   0.297794178225
0.301752052073   -0.103728588092   0.947726791995
0.720129382444   -0.626646380459   -0.29787240644
0.624787455695   0.77236952166   -0.114393821234
-0.248520424999   -0.810226426672   -0.530820833898
-0.219105825971   0.580832405061   -0.78398109772
0.943520141387   -0.0785293708062   -0.32187404962
0.948151837541   -0.118170566261   0.295031878011
-0.232841945589   0.373551570306   0.897910818662
-0.216316250308   -0.920051589404   0.3266685433
0.999996712378   -0.00041095152423   0.00253107709077
0.000416308529254   0.999997673916   -0.00211632918071
-0.00253020149458   0.002117375932   0.999994557385
0.896403890958   -0.404858346489   -0.180415661809
-0.27584790757   -0.828175396647   0.4878872094
-0.346940951225   -0.387576723353   -0.854058985995
0.865678789584   -0.500598601442   0.00112828997024
0.500597604174   0.865679453134   0.00105955498581
-0.00150714918911   -0.00035241502049   0.999998802152
