-0.138877311444   -0.861826738159   0.487819364179
0.711270312031   0.255943924613   0.654665738118
-0.689062843214   0.437889665139   0.577446990437
0.770772894333   0.218260335761   -0.598557908328
0.258194479185   0.751874038817   0.606647376133
0.582447211949   -0.622131701397   0.523170515356
0.949657492463   -0.196480781561   0.244020387088
0.10148949849   0.929830970239   0.353714925105
-0.296395898308   -0.311142522042   0.902961683635
-0.610556070451   0.730425200057   -0.306105543078
0.402923187804   -0.0462647058887   -0.914063822233
-0.681817043723   -0.681424092257   -0.266058178911
0.598431675357   -0.682890251703   0.418975467241
0.534558638506   0.72986227627   0.426084645488
-0.596763437235   -0.0310155968882   0.801817583196
0.228846597248   -0.949057430288   -0.21660875012
-0.819049090406   -0.0674620011681   -0.569743481178
0.526106399998   0.307797077399   -0.792763078048
0.947252544636   -0.197021035178   0.252775355741
-0.114620780273   -0.944818814633   -0.306889890515
0.299290403292   0.261728943504   -0.917564770667
-0.99398142953   0.0803059463434   0.0746079031313
-0.105947377808   -0.529262266648   -0.841824032174
-0.0281164962864   -0.844655848847   0.534573976494
-0.986279897427   0.0754718932532   -0.146857297944
0.0647381174587   0.994961749958   0.0765514235372
0.151894860936   0.0659934665436   -0.986196695305
-0.889572123689   -0.221417944685   -0.3995476192
-0.455906938568   0.375750315742   0.806821838157
-0.0285143753651   0.899881497161   -0.435203774104
0.894551518979   0.0358325943215   -0.445526210871
-0.444241435094   0.181146455852   -0.877402703991
0.0492658779948   0.982803125153   0.177963160609
0.192708951976   0.68530591305   0.702295561966
-0.37597409908   0.712658365346   -0.59225123716
-0.906370083156   -0.14991283012   0.394992922688
-0.442044842707   0.80390823548   0.397912561809
0.864987320353   0.26458083238   0.426376868636
0.237486407076   0.532664854676   -0.812327845885
-0.839688293876   0.52090543209   0.153562873017
-0.484710666552   -0.846388324101   0.220641864204
0.244907318961   0.11083678689   0.963190334729
-0.0150285929249   0.59861499219   -0.800895931265
0.515836359549   0.690808292068   0.506652516143
0.856555340745   -0.405516970141   -0.319169255103
0.733219561565   -0.679815755531   0.0154792394168
0.666489018754   0.713959478652   -0.214602525746
0.134838630227   0.167667512381   0.976578797919
-0.217016313308   -0.919060154268   0.328987254883
-0.962241275618   0.258130742778   0.0863736441403
-0.164304316854   -0.297820603284   -0.940376199348
0.116875392984   0.922404624019   0.368124762139
0.869451380764   -0.274182793933   0.410958309481
0.480000445209   0.272033353159   -0.834032291818
0.917247715495   -0.0113455467517   -0.39815579211
-0.0573139424096   -0.992953047669   -0.103742156598
-0.394172383898   0.117977123287   -0.911434299432
0.815731496863   0.127734089139   0.564150804252
-0.567159554121   -0.0149716989899   0.823471858562
0.113631719322   -0.991695449292   0.060232720896
0.210159703141   -0.661413415133   -0.719975846137
0.976222829164   0.101954044062   0.191296601601
-0.053121676917   -0.743059685521   0.667113485075
-0.505390539101   0.345117195685   -0.790869542666
-0.845407203596   -0.0144726136469   0.533926284435
0.172821215085   0.93844804776   0.299078819305
-0.298384222719   0.864001167262   0.405547555419
-0.176285299217   -0.467482138727   0.866247032834
0.938024695845   0.186982383085   0.291800013867
0.161080043417   0.747834678785   -0.644049932792
0.642465528147   -0.574829181412   -0.506770753476
-0.749196281269   -0.332147323701   -0.573053416952
-0.221864595506   0.427075797657   -0.876574222678
-0.909885680338   -0.413868263547   0.0286550736893
-0.350548361176   0.803939878093   0.48041286452
0.948760435344   0.1864625929   0.255118283487
-0.0135518381296   0.830612579479   -0.556685811855
-0.315705534959   0.524704151772   0.790579263298
-0.0836929389264   -0.845393008936   -0.527547306253
-0.0275246327856   0.53116387641   -0.846821902417
0.996111386584   -0.056352464579   -0.0677237997701
0.92311991874   -0.104632067378   0.370002358636
-0.106035972829   0.855680211534   0.506525168903
-0.369602472105   -0.506817032806   0.778800684285
-0.961368998676   -0.266327463307   -0.0695781857272
0.261268384538   -0.962429434684   0.0739608593794
-0.0866618305941   0.0529250391336   0.994830976637
0.206421298879   -0.159878333319   0.965313147275
0.244817311656   -0.946741718022   -0.209153902429
0.947341035573   0.279499176247   -0.156286977177
-0.337771390336   -0.242429070342   0.909471671051
0.838053010237   -0.517316868242   0.173350824127
0.428459714121   0.82073838831   0.377903177623
0.639574434893   0.490771181422   -0.591682563574
0.190317607956   -0.846816731621   -0.496669881279
-0.744797836096   0.205049775308   -0.635004782533
-0.327549104972   0.0874474045348   0.940778734958
0.812663867743   0.533989516588   0.233308094248
-0.481963810647   0.840956705316   -0.245973153371
0.764580136024   -0.262104375213   -0.588828090277
0.502778189332   -0.329075040349   0.799327063367
-0.40327573165   -0.907199514105   -0.119823883301
-0.990493015396   -0.0952647081415   0.101235470487
-0.070212652425   -0.285884958614   -0.95582353849
0.119975699796   -0.953652498908   0.276221532137
0.744399259943   0.611749254994   0.267642677027
0.248079561524   -0.625506544281   0.739728442719
0.619940549331   -0.484256633231   -0.617389101657
-0.494105528863   0.39653720542   0.773704058696
-0.860320279159   -0.0947156913108   -0.500877185178
-0.125334524345   -0.913119478535   0.387948546423
0.386145161525   0.874022123866   -0.294919068679
-0.460377755113   -0.0944460253334   -0.882684711065
-0.799339885577   0.476618614349   0.365910453732
0.718016490381   0.673912308424   0.174054253409
0.591672561376   -0.722677236379   0.357300167874
0.366573679755   -0.153564417764   -0.917629650635
0.621951064332   -0.776219902733   0.103244992328
-0.738698063591   -0.537850687384   0.40625334147
-0.25981154071   -0.328936573233   -0.907908946458
0.472510065964   -0.840528984173   0.265038288892
-0.810228545768   -0.295952223317   0.505907164859
-0.346790962159   -0.453787816716   -0.820860981158
0.648438397351   -0.695783722576   -0.308889384537
0.0270059505585   -0.384476859237   0.922739511551
-0.760787959366   -0.606681579529   -0.230519254477
-0.161708024648   -0.565324602624   -0.808862519838
0.352500261764   0.732485744843   -0.582415823608
0.921734260938   -0.379305575758   0.0808282546452
0.889156640253   0.450914121851   0.0779546612729
0.319721169457   -0.490285082869   -0.810801445475
-0.327381808139   0.745853246221   -0.580107027925
-0.227947565403   0.793728343966   0.563946243125
0.626619152548   0.562898870268   -0.538974350001
-0.745243910951   0.230521643852   -0.625676811567
0.10912752414   -0.0737365490619   0.991289112214
0.881494670468   -0.45371911884   -0.130790312363
0.459410849456   0.888088892625   0.0154851315438
0.0655255556599   -0.681008103069   -0.729338326143
0.9683901642   0.219693397411   -0.118132659007
0.240680120302   -0.698543340672   0.67387705924
0.148744682068   -0.513933651853   -0.844835637889
0.982711977553   -0.0184164047205   0.184222815869
-0.110237120471   -0.857632251145   0.502309385681
-0.403289080913   0.347243126114   0.846628786552
0.522990490874   0.84667020872   -0.0981352286056
-0.750892160904   0.403201919644   -0.523057705366
-0.116256476345   -0.99301814474   0.0200318878491
-0.964445406569   0.117683314137   0.236637236712
-0.23734230567   0.00819074285519   -0.971393258655
0.465359564852   0.184623468655   -0.865652739492
-0.229810144764   0.969667039421   0.0832654243011
0.854767680678   0.160187416305   0.493672176743
-0.810722278122   -0.369017563455   -0.45448362382
-0.379580907218   -0.259690087138   0.887963597719
-0.445699070376   0.892405207213   0.0704645537712
-0.698035280644   -0.142735878608   -0.701702600468
-0.331043849371   -0.804608831528   0.492979469974
-0.634956723202   0.576407197196   0.514381680338
0.059787838378   -0.324611707806   -0.943955807658
0.6723855294   -0.68583610794   0.278435589316
-0.737782506915   -0.651349304674   0.177259639796
-0.900145532012   0.421014928951   0.111738397962
-0.435495769844   -0.864488015943   -0.25100777757
-0.00908154320074   -0.274604988215   0.961514246725
0.488585472152   -0.866829593058   0.0994520465157
-0.541053969736   -0.211579475465   0.813937814955
-0.684503363607   -0.451487122054   -0.572376252764
-0.588548328035   -0.191546041797   -0.785446987633
-0.432204295229   -0.746502619643   0.505905003625
-0.683239565377   0.637220950204   0.356560771185
-0.343604151133   -0.888642146627   -0.303728960203
0.936373994311   -0.348878702833   -0.0385662031907
-0.0716930178274   -0.29765541233   0.951977607525
0.646520960023   0.355886701912   -0.674800183469
-0.548661615282   -0.397681931224   -0.735404276607
-0.530076470071   0.845691240075   -0.0618483155864
0.760458707796   -0.584968937883   0.28198371002
-0.522275580416   -0.808993472776   -0.269749339619
0.385916686743   0.0578604341064   -0.920721367197
-0.691169530936   -0.346135304549   -0.634410605376
-0.625854478457   -0.152278529609   0.764930479158
-0.361376032775   0.925744466413   -0.111380965097
-0.897065759006   0.190573358046   0.39878045984
0.0988584617844   -0.792924975845   0.60130202359
0.430779600818   0.578808184326   0.692402729128
0.564550869128   0.150193501085   0.811618308633
-0.380852740437   -0.824971394843   0.417580650266
0.732279698461   -0.54485256869   -0.408536760887
-0.444176912021   -0.467053091929   0.764570793023
0.401657813385   -0.866618113254   -0.296047847004
0.800860842576   0.175598223476   0.572527064067
0.809641912858   0.130584886999   0.572212861389
0.170630848737   0.8804559467   -0.442360077813
-0.56157375732   0.455790425822   0.690572226774
-0.622640744963   0.529983177609   -0.575705372651
-0.0287066439023   -0.750693592908   -0.660026838154
-0.781981312593   -0.394432921976   0.482626155365
-0.590184269123   -0.382774148041   0.710750646009
-0.513214293772   0.857519367544   0.0356598236179
-0.623132103072   -0.34372152383   -0.70253960526
0.566211629381   0.485869942061   -0.665833960249
0.0395930947876   -0.822895853043   -0.56681134993
-0.823308478071   0.294572773634   -0.485170360875
0.927929941939   0.35544898567   0.112259499969
0.338179791544   -0.929446247778   0.147540574421
0.1567820313   -0.0989434742434   -0.982666686739
0.684069959522   0.729391704007   -0.00600202936278
0.303119669362   -0.276781272384   0.911872008545
0.663450637408   -0.625603577393   -0.410430723571
0.204563445322   -0.162789159542   -0.965221984244
0.796413070435   0.600982191922   0.067428647231
0.569104569101   -0.782508843888   0.25258640425
-0.315273502033   0.28156596626   -0.90626885889
-0.253106145013   0.89543193   0.366249832227
0.914625561257   0.344851079299   -0.211039885627
-0.16668287083   0.0743571237111   -0.983209164068
-0.0463463984049   -0.996651789326   -0.067516519342
-0.984927029535   0.0343145331103   0.169558547276
0.554716588257   -0.83163725902   -0.0258644786166
0.287714217411   0.162556985616   0.94381976371
-0.780711234032   -0.530994055221   0.329446922954
0.172282273821   0.87895723017   -0.444694308232
0.391641456206   0.353109648886   0.84966497099
0.903845014382   -0.3205429467   -0.283401558903
-0.465830989162   -0.633975848284   0.617313850012
0.201267972861   -0.755256138486   -0.623762534126
0.861680317011   -0.166322336658   0.47942049357
0.168502577851   0.448731287291   -0.877637249068
0.81326396661   0.439806778608   0.381014090149
0.556963759825   -0.777952600153   -0.290828412384
0.26007382167   0.522754726776   -0.811843028837
0.370449540981   0.722419238068   0.583847225106
0.891699918933   -0.452590256535   -0.00577191649228
0.281330746042   0.248681110428   -0.926828437341
0.76843413441   -0.636882931259   0.0623670553918
-0.574771457208   -0.729752268816   -0.370269965541
0.948591064983   0.299627347713   -0.101972845279
0.234871371513   -0.882358694161   -0.40777347246
-0.212156657957   0.362859778015   -0.907371463916
0.75472985481   0.560480605006   0.340946240133
-0.0365642130972   -0.482961043081   0.874878103036
0.655015958256   -0.672763055068   -0.34401158642
0.606495690813   0.0442838750568   0.793852777719
0.334486615637   -0.920007080522   -0.204223465172
0.721305759191   0.389393705877   -0.572792991945
-0.736517014337   0.523877679463   -0.427895927
-0.209708631877   0.424573873088   0.88077201126
0.643090224695   0.738437013606   -0.202844229035
-0.76105837269   -0.452782291388   -0.464520063636
0.399394434477   -0.891342286513   0.214461170042
-0.511150446174   -0.0223092884777   0.859201699348
0.0341237155713   -0.983185462734   -0.179393191521
0.928374238232   -0.0352834440015   0.369968041289
-0.370076809709   -0.179168701661   0.911560053531
-0.633207779723   0.558212145139   0.536141011133
-0.625161723326   0.0395216046587   -0.779494006788
-0.456312176571   -0.828756470835   0.32394743501
0.989811597232   -0.14049412282   0.0231171680556
0.00215649516466   -0.147547606173   -0.989052605139
0.142366960825   0.97902559091   -0.145741356849
-0.472523948168   -0.880836540647   0.0290959894517
-0.850863987394   0.447345125028   -0.275521758974
0.229673818485   -0.154947582663   -0.960853342461
0.109018518629   -0.982008696605   -0.154187906201
-0.061702759076   0.148128115203   -0.987041467117
0.99212285537   0.117119631483   -0.0444439493161
0.34463418455   -0.282680238447   0.895164322577
-0.853762979469   0.302064270521   0.424082485287
-0.39027689723   -0.910411479624   -0.13724024952
0.368735021177   0.262671708341   -0.891649063939
0.440542190547   0.795284879882   0.4164667294
0.818509045726   -0.546374900582   0.177531417287
-0.42688663974   0.222961253044   0.876388156357
-0.896863230947   -0.228461088021   -0.378737353744
0.115776793602   -0.947678172054   0.297492651001
-0.770155272914   0.627636325679   0.113726105789
-0.623115229287   -0.778411257126   0.0761804125583
0.136339266101   -0.0121937243888   0.990587158351
-0.584174993018   -0.755847257204   -0.295693220082
0.777908939295   -0.625345132689   0.0616532702936
-0.231510774675   -0.194006101321   0.953291347513
0.0328751415288   -0.741933179327   0.669667380768
0.861273991636   -0.318909645052   -0.395605579702
0.507076281028   0.589772685679   0.628523532976
0.98970561385   0.139968380241   0.0298605202003
-0.0597014502603   0.214145362585   0.974975649625
0.130071268813   -0.966721590251   0.220297182645
-0.766461879824   0.10536944965   -0.633587772708
0.0315043265571   0.991431748718   0.126769732352
0.641516690393   0.0772034112769   -0.76321423539
0.743556068205   -0.551791541759   -0.377691031367
-0.420133673135   -0.824943128823   0.378096373265
-0.520203919083   -0.122455155963   -0.845217698382
0.0876537372349   0.927437493914   -0.363561044275
0.885895917528   0.0943191744693   0.454194266225
0.455527563752   -0.361889075612   -0.813345661782
-0.414035242701   0.848110779082   -0.330582867122
0.906706078803   0.416327090979   -0.0675034075417
0.0803804223174   -0.327689990345   -0.941361329045
-0.961656556661   0.26217261673   -0.080685575664
0.178493313203   0.374707571151   -0.909803984843
-0.208290134728   -0.889307974063   -0.407144464476
0.597808318504   0.729454149733   -0.332448281032
-0.799924443235   0.515704453798   -0.306870988543
-0.0524032559809   0.449383535449   0.891800615223
-0.643539961491   0.169467211033   -0.746416232319
-0.361672579979   0.792120682455   0.4916683542
0.674573400288   0.586366515087   -0.448469671215
-0.793564982801   0.473845104976   -0.381861404139
0.436052779956   0.00498460850167   -0.899935860202
-0.424505934673   -0.880623299644   -0.21061786323
-0.973613903691   -0.148685533215   0.173121110845
0.187887650322   -0.0917015912915   0.977900988611
-0.12952427442   0.984624154123   0.117216825745
-0.572774672542   0.520151328031   0.633539307255
0.694843541566   0.718124257946   0.0386012135049
-0.434881490332   0.462320448269   -0.772747184988
0.933510325782   0.358543966927   -0.00216669448659
-0.346835131726   0.901459950442   -0.258989088291
-0.090905787414   0.242520473844   0.965877816876
0.997570498052   -0.0693726690109   -0.0063666538128
0.0205882879351   0.380892643412   -0.924390033704
0.0665524145796   0.922013147849   0.381395528435
-0.852326029292   -0.40794039495   0.32730994164
-0.511408455443   0.518912589404   -0.684976560604
0.109583554556   -0.75120977832   -0.650908131339
-0.343907808481   -0.795895210498   0.498276160337
-0.461630485052   -0.31878712787   -0.82781214316
0.817695305921   -0.514710076643   -0.25777657935
0.438084150062   0.306843652458   -0.844943336271
0.318588956328   0.825932002429   0.465120846138
0.840585120894   -0.472951686277   0.264070720301
0.154980070292   -0.412102907886   0.897859861062
-0.96175006031   -0.270728350369   0.0417482948039
0.225871552633   -0.869986949291   -0.438297478842
0.0348958500896   -0.601389580611   -0.79819351864
0.998325235006   0.0578512059044   5.80106957098e-05
0.0461415866304   -0.796858739393   0.602401129164
-0.996014027241   0.0133892803548   -0.0884221444461
0.0883609720601   -0.00510505510415   -0.996085975579
-0.0137872068766   -0.999907825402   0.00388067736484
-0.563200998642   -0.136759022869   0.814924303322
0.336260532342   0.862927308654   0.3772072583
-0.754806932182   0.486470380381   -0.440014861435
-0.832143507265   0.5460360466   0.0968651775857
0.00493616717465   -0.167370270785   0.985882088075
0.554539323284   0.820873006711   0.136580150627
-0.929101150428   -0.0124319833644   0.369617717385
0.27034667554   0.659150938183   0.701735598222
-0.252357853533   0.751907986776   -0.609057079602
-0.577235837218   0.168086930385   -0.799092291631
0.526424407235   -0.671491991238   -0.521516003645
-0.624242781438   -0.721698262727   0.299121821816
0.30175750453   -0.103717238444   0.947726286506
0.720153480035   -0.626618002332   -0.297873760698
0.624757028674   0.772394035819   -0.11439432953
-0.248500912107   -0.810237790685   -0.530812515381
-0.219142179232   0.580821002493   -0.783979360192
0.943516777393   -0.0784962067295   -0.321891811194
0.948155062589   -0.118195239085   0.295011632083
-0.232812288779   0.373560864469   0.897914652177
-0.216334037544   -0.920044656448   0.326676320682
0.999996493771   -0.00043969103524   0.00261134406231
0.000445408923156   0.999997503943   -0.00218945630202
-0.00261037485994   0.00219061174123   0.999994193565
0.896374350303   -0.404897018195   -0.180475601243
-0.275817586899   -0.828126035086   0.487987882461
-0.347041347312   -0.387641482983   -0.853988660374
0.865669201117   -0.500615117271   0.00115762395302
0.500614049714   0.865669895433   0.00109857443902
-0.00155208317579   -0.000371479245874   0.99999872652
