-0.13931068636   -0.861561839654   0.488163708248
0.710962827132   0.256125266588   0.654928817874
-0.689292730293   0.438304796344   0.576857405292
0.771376531082   0.218357146893   -0.597744430057
0.257781834517   0.751562169063   0.607209051144
0.581830536373   -0.622474467266   0.523448912958
0.949621685891   -0.195880111191   0.244641852906
0.100483294692   0.929699061631   0.354348363822
-0.296853097746   -0.311914471442   0.902545069106
-0.609682111999   0.731053555108   -0.306347006747
0.40095710168   -0.048951589757   -0.914788056283
-0.68375521321   -0.680561889081   -0.263276234897
0.597940947289   -0.683117397122   0.419305662297
0.534629575916   0.729660777274   0.42634066431
-0.597191621877   -0.0307533288919   0.801508824736
0.228891686395   -0.94895876407   -0.216992943439
-0.818756411069   -0.0671007251751   -0.570206575965
0.526542128172   0.308179921533   -0.792324872372
0.947628419112   -0.196052215767   0.252118941042
-0.113373443258   -0.944500911007   -0.308328459308
0.298574771377   0.263597240403   -0.917263059771
-0.994233807897   0.0785581111036   0.0731228901268
-0.103796383826   -0.530601591808   -0.84125085242
-0.0272881766587   -0.843981818034   0.535681357035
-0.986389327484   0.0751726991921   -0.146264576398
0.0645492739468   0.995010493493   0.0760758147111
0.151253602422   0.0655988082757   -0.986320085069
-0.890295897087   -0.219860835498   -0.398790954131
-0.454544721668   0.375960211702   0.80749176344
-0.027606305185   0.900175019113   -0.434652358093
0.894282292881   0.0360708776292   -0.44604716238
-0.444749793095   0.182040934844   -0.876959924434
0.0495661257544   0.982629115846   0.178838500632
0.192834310309   0.68520958205   0.702355142436
-0.375707199376   0.71280117527   -0.592248749125
-0.906454090275   -0.149674009669   0.394890699511
-0.442438942064   0.80347927203   0.398335328699
0.86428793063   0.26351270557   0.428449000742
0.239282986523   0.533838208343   -0.811025999556
-0.839798098166   0.520937990174   0.152847785179
-0.485101539865   -0.846446265216   0.219556133355
0.243752602164   0.110236155892   0.963552101626
-0.0140387633021   0.598139574698   -0.801268968179
0.51540087717   0.69101874213   0.50680867489
0.856834199831   -0.405859761876   -0.31798271002
0.73348461382   -0.679512321493   0.016227349591
0.666299641588   0.714094246453   -0.2147421605
0.134332086843   0.168322347938   0.976535958215
-0.217163078935   -0.91897508141   0.32912831895
-0.96238425013   0.257962483559   0.0852771283254
-0.163270345405   -0.298228827013   -0.940427075287
0.116280663341   0.922543398241   0.367966734797
0.870019308428   -0.273330860971   0.410325207574
0.479116105467   0.272422560317   -0.834414946848
0.917607786204   -0.0116206017139   -0.397318256899
-0.0566990031677   -0.993188405006   -0.101899084911
-0.393423510596   0.116030866935   -0.91201716853
0.815396232089   0.127950646287   0.564586243316
-0.567598990793   -0.0150888234065   0.823166911609
0.113843663319   -0.991665775769   0.0603212813799
0.210333749611   -0.661970413866   -0.71941287267
0.976204060374   0.102487597356   0.191107092571
-0.0527763460849   -0.742490039992   0.667774809573
-0.50516151297   0.346282985985   -0.790506107971
-0.845188620508   -0.0132440490516   0.534304004217
0.174550877645   0.938036602044   0.299364842827
-0.297685547724   0.864201125404   0.405634967794
-0.17601622949   -0.467298564376   0.866400794056
0.938297180643   0.186516658333   0.291221454627
0.160385406306   0.747188456337   -0.644971748887
0.641270168106   -0.575623142695   -0.507381015227
-0.750367721615   -0.332223319218   -0.57147253746
-0.22120760947   0.427439946995   -0.876562737955
-0.910049687758   -0.413552509449   0.0279969274915
-0.35053774072   0.803908796973   0.480472597039
0.948542996559   0.18673725862   0.255725206766
-0.0134519425417   0.830634823977   -0.556655045089
-0.316362498369   0.524571244184   0.790404823696
-0.0833368786437   -0.845210666443   -0.527895699658
-0.0274136035245   0.531482404273   -0.846625618437
0.996144284092   -0.0560836231199   -0.0674623493045
0.923015430134   -0.10451404757   0.370296271076
-0.106094189055   0.855957695064   0.506043916099
-0.369846640597   -0.506372625477   0.778973826964
-0.961758528439   -0.264709435112   -0.0703699416498
0.259380556934   -0.962740073112   0.0765229397039
-0.0880042067746   0.0553439118485   0.994581478745
0.206559821015   -0.159477213126   0.965349915885
0.245215138692   -0.946702374304   -0.208866308304
0.947207990551   0.279861782817   -0.156444846515
-0.3375446882   -0.242136601958   0.90963374419
0.838076661673   -0.517298594955   0.173291042026
0.428592104147   0.820836245593   0.377540345271
0.639284420589   0.490584628944   -0.592150511631
0.189857067828   -0.846913512013   -0.49668117657
-0.745164277442   0.205096609447   -0.634559634145
-0.32742866809   0.0879874025551   0.94077027234
0.812697457251   0.53411673712   0.232899466469
-0.481988932763   0.840819561794   -0.246392274496
0.764680112565   -0.262264128447   -0.588627085381
0.50226441431   -0.329707869498   0.799389229889
-0.403726116114   -0.906923486119   -0.120395105531
-0.990416371081   -0.0947968712001   0.101392128596
-0.0705417891889   -0.285441869414   -0.955861079541
0.119543575773   -0.953761029091   0.275896471063
0.744471598978   0.611422588272   0.268187388463
0.248124812884   -0.626287576144   0.739052140727
0.61983557014   -0.483659392581   -0.617962438073
-0.494564997177   0.396388380328   0.773486679965
-0.860054971179   -0.0948549769019   -0.501306221369
-0.125342884487   -0.913169608   0.387827795649
0.385853852722   0.873913098507   -0.295622559653
-0.460023324556   -0.0955023580055   -0.882755818699
-0.799684526787   0.47660800543   0.365170458637
0.718544406914   0.673831635733   0.172177033763
0.591309958716   -0.722228194989   0.358802716219
0.366123663526   -0.156005715049   -0.917396397306
0.621182457477   -0.77676294727   0.103786300233
-0.739052042195   -0.536610632495   0.407247805115
-0.260642190167   -0.329678661111   -0.907401353012
0.472483153279   -0.841035719372   0.263474090425
-0.809922988869   -0.296456426199   0.50610113459
-0.347540543946   -0.452517983147   -0.821244830659
0.648248747044   -0.696017643776   -0.30876040665
0.0267486736507   -0.384434721917   0.922764543472
-0.760958643831   -0.606439884724   -0.2305917688
-0.161715052648   -0.565512470438   -0.808729826532
0.352424629496   0.732379498326   -0.582595195034
0.921761990466   -0.379230703571   0.0808637239029
0.889310009055   0.450661090638   0.0776678590634
0.319382307555   -0.490517718151   -0.810794305672
-0.32729597701   0.745853233467   -0.580155496104
-0.227674729979   0.79414661331   0.563467417341
0.626122967432   0.562571208575   -0.539892323247
-0.745744194406   0.229880072245   -0.625316684644
0.109692694795   -0.0730998691682   0.99127385448
0.881375824237   -0.453888546431   -0.131002801628
0.459504191385   0.888054889469   0.0146402509728
0.0650427076966   -0.681641357714   -0.728789756949
0.968418580717   0.219280580906   -0.118665424076
0.240696703141   -0.698055219737   0.674376755797
0.149079475854   -0.513578702529   -0.84499245026
0.982792507092   -0.0172931476938   0.18390174755
-0.10906059184   -0.857868218933   0.502163235329
-0.402548791666   0.346999200317   0.84708089892
0.523509087297   0.846373631275   -0.0979281084724
-0.750927912554   0.404033703905   -0.522363917507
-0.116376273576   -0.993016791524   0.0193895116746
-0.963854146184   0.117624936939   0.239062613475
-0.239673707977   0.00913236163833   -0.970812125335
0.465730568258   0.183842478496   -0.865619416924
-0.230001391667   0.969712425831   0.0822020114352
0.85451412609   0.160809682398   0.493908745356
-0.811546734739   -0.368941118476   -0.453072091934
-0.378216763494   -0.259339442354   0.88864791342
-0.445358225706   0.892538786447   0.0709263783998
-0.697891486777   -0.142446217761   -0.701899596296
-0.33043871604   -0.805445587052   0.492010739981
-0.635424443327   0.575302866636   0.51503809933
0.0590073429356   -0.32505844181   -0.943851318225
0.672816384383   -0.685527409338   0.278155684696
-0.73745265232   -0.651451825871   0.178253333463
-0.900187288433   0.420925024813   0.111739414637
-0.435403462583   -0.864344678169   -0.251660119849
-0.00934869341083   -0.275192868072   0.961343592112
0.488308165929   -0.867009376084   0.0992466765855
-0.541119669472   -0.211597913679   0.81388935837
-0.684649300256   -0.451133157881   -0.572480819982
-0.589181198841   -0.191352169108   -0.78501687828
-0.432138825845   -0.746303603867   0.506249705941
-0.6827321488   0.637508491666   0.357015963691
-0.343268053308   -0.888967157985   -0.303157349708
0.936539767598   -0.348408083737   -0.0387945067795
-0.0711354367755   -0.297235835782   0.952150516218
0.646431472033   0.355827916759   -0.674916922326
-0.548597942693   -0.398003138173   -0.735278059422
-0.530251502271   0.84556491238   -0.0620752976571
0.76149894029   -0.584079555359   0.281016765743
-0.520757726517   -0.809458569043   -0.271271278661
0.38591545692   0.0602311328538   -0.920565780064
-0.692439947571   -0.347017170487   -0.632539219144
-0.624523581562   -0.150683811302   0.766331906437
-0.361243790868   0.925674553036   -0.112380844889
-0.897123602642   0.189494315615   0.399204863313
0.100060705176   -0.792868739771   0.601202721834
0.430418951515   0.579265709161   0.692248173852
0.564505139366   0.14935648754   0.811804506174
-0.381231587979   -0.825137039943   0.416906718178
0.732117745272   -0.54483151062   -0.408854658479
-0.443905499105   -0.467037803568   0.764737859514
0.402319633328   -0.866455594873   -0.295624976064
0.800679221895   0.176439519022   0.57252248598
0.809201822401   0.130762708107   0.572794489954
0.170793440858   0.880462479913   -0.442284324683
-0.562158353236   0.455726823293   0.690138430444
-0.6227501634   0.52983952066   -0.575719259496
-0.0280799685596   -0.750478642243   -0.660298190084
-0.781916938538   -0.395034513441   0.482238266737
-0.590465223937   -0.382351769919   0.710744746937
-0.513247831578   0.857529532795   0.034925311372
-0.622838369595   -0.344166003599   -0.702582585876
0.565581317414   0.486262526723   -0.66608307084
0.0388113785404   -0.822473967334   -0.567477567958
-0.823778841104   0.295103148652   -0.484048543514
0.927870611909   0.355789566776   0.111669953257
0.338520879289   -0.929264193894   0.147914862577
0.156396958322   -0.0994433329062   -0.982679167803
0.684359849868   0.729113171923   -0.00675037025895
0.303025166619   -0.275980359961   0.912146120518
0.663194792928   -0.626281709224   -0.409809514971
0.205759638738   -0.163405789971   -0.964863475295
0.796285823941   0.601085018014   0.0680124346729
0.56885135558   -0.782301318217   0.253796748267
-0.314847155425   0.281647728713   -0.90639162622
-0.253970308272   0.895137745503   0.366370707697
0.914532834668   0.345547348208   -0.210301408772
-0.167676710358   0.0758114850042   -0.98293034389
-0.0476066934052   -0.996511042879   -0.0687375951431
-0.984699469351   0.035268583534   0.170685909299
0.555023610821   -0.831423290019   -0.026155417472
0.288425438161   0.162858034933   0.943550756518
-0.780230452925   -0.53123683637   0.330193680207
0.173106760438   0.879242997099   -0.44380828655
0.390737663437   0.352323893875   0.850406930367
0.904078603623   -0.320623799642   -0.282563705651
-0.465106765838   -0.633879277031   0.617958524488
0.200251039941   -0.755298331606   -0.624038401601
0.862308063768   -0.166497651098   0.478229367591
0.169875458624   0.449168604977   -0.877148722002
0.813357067473   0.438651845258   0.382145039339
0.556410457304   -0.778352179031   -0.290818275207
0.260252013182   0.522988471464   -0.811635367577
0.369563403801   0.722635443434   0.584141176895
0.892015583809   -0.451974648281   -0.00521007088587
0.281432767846   0.248639564002   -0.926808557125
0.768951083506   -0.636214163473   0.0628178454181
-0.57402958593   -0.730349380598   -0.370243269079
0.948694776326   0.299133763587   -0.102455751289
0.234294191872   -0.882632766117   -0.407510075869
-0.212330923665   0.362597878872   -0.907434389796
0.754783624101   0.560266675377   0.341178730266
-0.0367578473445   -0.483169167805   0.874755035422
0.654943153398   -0.672791768529   -0.344093972911
0.606291260828   0.0438718987117   0.794031823253
0.335188046605   -0.91955026031   -0.205129495067
0.721152031993   0.390518108206   -0.572220973583
-0.736467160087   0.524310134494   -0.427452083028
-0.209689937389   0.423822765316   0.881138176509
0.643153582417   0.73856160123   -0.202189078065
-0.760695714733   -0.452773368612   -0.465121992207
0.399297648415   -0.891343092032   0.214637027572
-0.511765159942   -0.0224486594245   0.858832050926
0.0351862676764   -0.983249659676   -0.178835119748
0.928333644729   -0.0341079130657   0.3701800355
-0.370079096103   -0.179043909045   0.911583643016
-0.633368028603   0.558180682356   0.535984427142
-0.625225730245   0.0390276455658   -0.779467544305
-0.456001936984   -0.828801057088   0.324270038338
0.989918116323   -0.139869886088   0.0223279660333
0.00156046626091   -0.146858732938   -0.989156252469
0.141632228135   0.979218536292   -0.145159858111
-0.471379257549   -0.881530092284   0.0266980290015
-0.851044283435   0.446714561983   -0.27599306014
0.231369220053   -0.152817662625   -0.960793265202
0.10910323187   -0.982015145237   -0.154086829096
-0.061272700543   0.148073503235   -0.987076443282
0.992140187949   0.117134551856   -0.0440154267072
0.344205920754   -0.283721808927   0.894999570474
-0.853946928517   0.301615012056   0.424031886114
-0.390252404586   -0.910236415611   -0.138465696304
0.370002819177   0.262160057935   -0.891274376436
0.440509970102   0.795149722023   0.416758784662
0.817954079584   -0.546817174543   0.178723519574
-0.42744176463   0.221827578396   0.876405163782
-0.896554130465   -0.228533784955   -0.379424505463
0.116121388154   -0.947926573982   0.296565351689
-0.770244924845   0.627542296344   0.113636017234
-0.622946104115   -0.778494326492   0.0767102082917
0.136603914589   -0.0117034605047   0.99055661022
-0.584552146305   -0.755721038065   -0.295270297048
0.777589852132   -0.625704479204   0.0620320501144
-0.231630864857   -0.193338216621   0.953397859152
0.0332717873917   -0.74145116515   0.670181436348
0.860980132152   -0.319263618739   -0.395959535138
0.507549209404   0.590187183126   0.627752251144
0.989759494958   0.139528939259   0.0301300026893
-0.0599342754663   0.214637868848   0.974853042022
0.129553172779   -0.966675874337   0.220802434701
-0.766081481443   0.106082538714   -0.633928616139
0.0314747231206   0.99129416135   0.127848451877
0.64197222462   0.0779896135568   -0.762751017633
0.742580430991   -0.551829168202   -0.379551091135
-0.418896773459   -0.824844630685   0.379681378985
-0.522589662016   -0.122951313471   -0.843673012707
0.0894006856227   0.927135920248   -0.363904599874
0.885285651407   0.0934449585041   0.45556273982
0.456373627455   -0.362887144833   -0.812426083885
-0.413530521442   0.847824020349   -0.331945486679
0.906871182882   0.416013003645   -0.0672175346816
0.081105075464   -0.328828176757   -0.940901263912
-0.962077019112   0.260144067924   -0.0822218705826
0.179411752146   0.376192840542   -0.909009974097
-0.20554025219   -0.889276545142   -0.408607658724
0.59754672843   0.7297866353   -0.332188779379
-0.800064980129   0.515150235082   -0.307434994681
-0.0532348173505   0.449479382532   0.891703056978
-0.643555450887   0.170118283998   -0.746254688431
-0.361839014519   0.791537740484   0.492484031629
0.674469286274   0.586964873981   -0.447842984039
-0.79290352509   0.474891784824   -0.381934875736
0.435575816072   0.00323860007621   -0.900174772504
-0.426227832327   -0.880067443612   -0.209460018249
-0.973829460424   -0.147022567041   0.17332422363
0.187666647784   -0.0899593287476   0.978104778104
-0.128211352952   0.985034056478   0.115195868585
-0.57318688412   0.52003966137   0.6332583021
0.694249852143   0.71872131705   0.0381694394161
-0.435286651961   0.461517620366   -0.772999104026
0.933219536767   0.359299484399   -0.00227544281821
-0.347651984784   0.901331052266   -0.258341698289
-0.0907711110749   0.241880582332   0.966050925034
0.997610753397   -0.0687141269214   -0.00715216880847
0.019625593   0.381137402493   -0.924310082969
0.0662391187791   0.921961312714   0.381575326707
-0.851641635105   -0.409692876433   0.326897278703
-0.51228874216   0.51884528604   -0.684368861426
0.11077151475   -0.750301433314   -0.651751950522
-0.342449278991   -0.796704623753   0.497986871011
-0.459921989494   -0.32003525938   -0.828281277529
0.819268542535   -0.512679094187   -0.256826492956
0.438497706935   0.306321903738   -0.84491812644
0.319348230633   0.825663276623   0.46507725974
0.840081220293   -0.473758420744   0.264228095538
0.154897683689   -0.412100197773   0.897875349037
-0.961625369291   -0.271222644547   0.0414118098032
0.226458306424   -0.869834303676   -0.438297767412
0.0355617187089   -0.601574231424   -0.798024954382
0.998288403712   0.0584818058536   0.000400624087115
0.0464289429453   -0.796673296636   0.602624277428
-0.996018407069   0.0138647280247   -0.0882323710044
0.0881304734932   -0.00780483643552   -0.996085927647
-0.0144983315637   -0.99988095538   0.00653682387487
-0.563806445399   -0.135774800962   0.814670083389
0.336423417145   0.863097007404   0.376673369123
-0.754282059804   0.486445008232   -0.440941820753
-0.83247456729   0.545603331659   0.0964562335768
0.0043259957021   -0.167683060595   0.985831692852
0.554047007278   0.82109673325   0.137231194082
-0.929164485267   -0.0122231687016   0.369465144399
0.270416774362   0.658979206561   0.701869837523
-0.252048937556   0.75206189561   -0.608994817859
-0.57777403781   0.168433078544   -0.798630924354
0.526135616916   -0.671194363122   -0.522191118407
-0.623989076743   -0.72189510982   0.299176891153
0.301810894341   -0.103577922386   0.947724553396
0.720500868457   -0.62621140661   -0.297888981206
0.62433061247   0.772742493051   -0.114369468557
-0.24825285745   -0.810410557858   -0.530664922124
-0.219650803677   0.580638439509   -0.783972277193
0.943463860625   -0.0780623768259   -0.322152483907
0.948206168759   -0.11852440709   0.294715161923
-0.23239698732   0.373662170292   0.897980080737
-0.216556463834   -0.91996116768   0.326764059761
0.999992799654   -0.000866638824812   0.00369453340282
0.00087845106376   0.999994504388   -0.00319679787942
-0.00369174262995   0.00320002032816   0.999988065382
0.896299429488   -0.404438004961   -0.18187152351
-0.273912207356   -0.827462851225   0.490181245681
-0.348739807854   -0.389532349233   -0.85243499507
0.865536213755   -0.500843956404   0.00154707335724
0.50084166295   0.865537349349   0.0016507448051
-0.0021658153334   -0.000653940613396   0.9999974408
