-0.139458039186   -0.860828805173   0.48941317937
0.711330246722   0.256747281488   0.654285975284
-0.688883714465   0.439379819221   0.576528070458
0.771569762466   0.218393924683   -0.597481549273
0.257649633139   0.751456131759   0.60739637434
0.581632852067   -0.622589578037   0.523531714504
0.94961141513   -0.195685241501   0.244837593289
0.100156407674   0.929653390784   0.354560668726
-0.296996388582   -0.312172804813   0.902408602694
-0.609979472028   0.7313794482   -0.304975242912
0.401144801403   -0.0469052765457   -0.914813222769
-0.683380307256   -0.680356147173   -0.264778132937
0.597776690002   -0.683202310102   0.419401525578
0.534657911761   0.729584492636   0.426435681436
-0.597330690303   -0.0306769698822   0.801408119215
0.228906205287   -0.948929171828   -0.21710694446
-0.818652789859   -0.0669846635921   -0.570368944382
0.526696884494   0.30829620483   -0.792176720518
0.947216332608   -0.197969769403   0.252168974055
-0.115631257459   -0.944586805653   -0.307221819494
0.299016108883   0.261846910383   -0.917619544639
-0.994078426025   0.0790765285343   0.0746859045165
-0.105430103853   -0.531635374497   -0.840396327316
-0.0267502317739   -0.843284291565   0.536806642061
-0.98642860606   0.0750583764198   -0.146054920658
0.0644744988563   0.995028546841   0.0759028851511
0.151025953785   0.0654557033898   -0.986363982775
-0.889664859167   -0.219575228844   -0.400356350423
-0.455835002218   0.37581359173   0.806832865096
-0.0267009213129   0.900306359149   -0.434438806609
0.894190118069   0.0361414467859   -0.446226207876
-0.444922802044   0.182341274219   -0.876809762785
0.0496762819943   0.982570840051   0.179127919285
0.192889831648   0.685173546443   0.702375050105
-0.375616128078   0.712854321618   -0.592242548134
-0.906480018579   -0.149585837391   0.39486458863
-0.443264735517   0.803191733779   0.398000441781
0.864285660209   0.265177596399   0.427426782468
0.237763770214   0.533447650292   -0.811731601842
-0.83983148222   0.520957244304   0.152598498013
-0.485241698358   -0.846460293847   0.219192003605
0.243358267095   0.110037220416   0.963674508044
-0.0137214594132   0.59797696775   -0.801395815236
0.515252038894   0.691097025901   0.506853265414
0.856928843635   -0.40596606051   -0.3175917116
0.733573227264   -0.679410794849   0.0164709147156
0.666235288506   0.714140261695   -0.214788793575
0.13416728192   0.168536813009   0.976521624456
-0.217120918283   -0.919003465785   0.329076525255
-0.962397733344   0.257910480219   0.0852814332809
-0.163246232585   -0.298186099413   -0.940444614425
0.11508598962   0.921920901897   0.369894748278
0.869343108299   -0.273647703933   0.411541949004
0.480627542086   0.274200777501   -0.83295953003
0.918251062331   -0.00973696491094   -0.395879330189
-0.0554818412882   -0.993003749811   -0.104267942286
-0.392093123943   0.117708241069   -0.912367237121
0.81528445033   0.128036399872   0.564728203645
-0.567742476671   -0.0151331689762   0.823067105326
0.113928678861   -0.991654002157   0.0603538663793
0.210381710459   -0.662150322477   -0.719233258844
0.976199866255   0.102655742509   0.191038250497
-0.052662617744   -0.742306366989   0.667987951848
-0.505079529647   0.346666407612   -0.790390484173
-0.845117706033   -0.0128252462565   0.534426428587
0.17513074712   0.937900819094   0.299451660187
-0.297453934838   0.864271354416   0.405655376971
-0.17592510905   -0.467228904561   0.866456936271
0.938387774289   0.186366017134   0.291026027379
0.161366298764   0.748164183786   -0.643596593898
0.642337627104   -0.574728687737   -0.507049571244
-0.749245349925   -0.331582944362   -0.573318504067
-0.22097605135   0.427552525029   -0.87656630174
-0.910107131972   -0.41344140429   0.0277719465239
-0.3505348076   0.803906158094   0.480479200836
0.948473762118   0.186816663607   0.255923927301
-0.0134116931497   0.830645032162   -0.556640778557
-0.316571712023   0.52452680014   0.79035054643
-0.0832280380439   -0.845153405876   -0.528004593957
-0.0273748595132   0.531581891776   -0.846564424844
0.996154479873   -0.0560038291524   -0.0673784819404
0.922986560868   -0.104475036613   0.37037923365
-0.106105842045   0.85604903092   0.505886953594
-0.369915342042   -0.506226259945   0.77903633925
-0.961772988606   -0.264553880407   -0.0707643634961
0.2591660264   -0.962765403795   0.0769375217048
-0.088483453481   0.0556565885333   0.994521509449
0.206446701049   -0.160486946728   0.965206773983
0.242367436263   -0.947327833825   -0.209353825749
0.947965296016   0.277155080138   -0.156676312496
-0.337210411865   -0.242156228794   0.909752469721
0.83849505447   -0.516622313244   0.173284430739
0.428036492529   0.82125623965   0.377257175581
0.639495452157   0.49127114253   -0.591352964884
0.190342773365   -0.846421974338   -0.497332857703
-0.744859243876   0.205482376959   -0.634792992615
-0.3273881584   0.0881590265911   0.940768277158
0.812709452597   0.534155749236   0.232768063162
-0.481996173154   0.840776790593   -0.246523935422
0.764714086154   -0.262309665734   -0.588562667981
0.502093439048   -0.329926450318   0.799406507076
-0.403874427692   -0.90683086866   -0.120595449764
-0.99131248355   -0.0914008679721   0.0986048220724
-0.0687105121943   -0.286378446696   -0.955912387457
0.115567707929   -0.954010224429   0.277111592033
0.744485275555   0.611321773758   0.268379144969
0.248141345015   -0.626548678914   0.738825174757
0.619812511506   -0.483448502831   -0.618150474102
-0.494710376427   0.396354923663   0.773410870813
-0.859969397368   -0.0948963013794   -0.50144520756
-0.125356436588   -0.913179848159   0.387799318168
0.385765562144   0.873870499016   -0.295863583283
-0.459908776401   -0.0958547931823   -0.882777285948
-0.799792989688   0.476615327225   0.364923253098
0.718608385522   0.673324776923   0.173884770443
0.5910314453   -0.723103868127   0.357496476858
0.366447812488   -0.154128664047   -0.917584647153
0.621034513761   -0.776830429242   0.10416651836
-0.739713007615   -0.536979103064   0.405559241465
-0.2591155065   -0.328919619628   -0.908114129873
0.472380100376   -0.841129671692   0.263358934887
-0.809960734009   -0.296428336386   0.50605719169
-0.347592667572   -0.452361743847   -0.821308853609
0.64819301439   -0.696087118399   -0.308720808112
0.026661971423   -0.384428942196   0.922769482859
-0.761009167515   -0.606363836995   -0.230625098324
-0.161730745565   -0.565577492271   -0.808681208723
0.352400466647   0.732337939381   -0.582662046843
0.921768467791   -0.379213989668   0.0808682044149
0.88936337511   0.450570551006   0.0775820466239
0.319273409692   -0.490594169173   -0.81079094958
-0.327257215742   0.745857662442   -0.580171683029
-0.22764183583   0.793821238635   0.563938944487
0.626916431544   0.562627603774   -0.538911868532
-0.745087296816   0.230863715808   -0.62573716038
0.109875427719   -0.0728925251824   0.991268934628
0.881337425722   -0.45394364227   -0.131070826846
0.459534289261   0.888043861193   0.0143656352925
0.0648682753689   -0.681847327277   -0.728612617149
0.968429810479   0.219132033169   -0.1188480887
0.240698620186   -0.697900700886   0.674535982559
0.149186625348   -0.513449257908   -0.845052175781
0.982820445003   -0.0169172251984   0.183787224331
-0.108661369046   -0.857953163347   0.502104629022
-0.402294062881   0.346907745738   0.847239375866
0.523676585097   0.846278206222   -0.0978572335273
-0.750947653496   0.404312032816   -0.522120162231
-0.116527276075   -0.99300475055   0.019061911507
-0.963729929269   0.117689622326   0.239528891934
-0.240096677439   0.00954107039222   -0.970702454127
0.465846407282   0.183563901418   -0.865616197617
-0.230059282547   0.969729985372   0.0818320291954
0.854435389011   0.161021888526   0.493975810129
-0.811684424483   -0.368954891354   -0.452814155916
-0.378042215497   -0.259120787089   0.88878596115
-0.445255494019   0.89259659958   0.070843796225
-0.698504631268   -0.142325668975   -0.701314569855
-0.330832689448   -0.804783656233   0.492829489525
-0.63454586401   0.576259124096   0.515052514912
0.0589093093638   -0.325099601921   -0.943843231478
0.672800079408   -0.685555128567   0.278126597486
-0.737475321569   -0.651402026334   0.178341359573
-0.900147730169   0.420757801389   0.112684030135
-0.43549719348   -0.864117357159   -0.25227787741
-0.00877567934491   -0.276160832723   0.961071379958
0.488224660757   -0.867064586453   0.0991748974357
-0.541143170171   -0.211615166246   0.813869176042
-0.684690241453   -0.451018812525   -0.572521818378
-0.589380020482   -0.191288332581   -0.784886415226
-0.43212967658   -0.746238718141   0.506358668199
-0.682570035679   0.637607976785   0.357151133486
-0.343162844399   -0.889069717038   -0.302975693316
0.93659229983   -0.34825793738   -0.0388747103975
-0.0709513663956   -0.297105061309   0.952205064623
0.64640933965   0.355803534313   -0.674950990541
-0.548570945934   -0.398111257403   -0.735239728839
-0.530306432111   0.845524326413   -0.0621593819439
0.759819557366   -0.585331363582   0.282952082121
-0.52216891756   -0.80872012521   -0.270766942638
0.387316805088   0.0579854335015   -0.920123331598
-0.690972956877   -0.346607867283   -0.634366794112
-0.626181605858   -0.151478058213   0.764821722976
-0.361185325864   0.925699010364   -0.112373185914
-0.897116471387   0.189129772551   0.399329132201
0.100455853111   -0.79281777635   0.601163486684
0.430281824233   0.579412500108   0.692204528336
0.564589770777   0.149270785355   0.811761417982
-0.381226556993   -0.825152468057   0.416880819383
0.732055106756   -0.544831660209   -0.408966632108
-0.443810629512   -0.467015971253   0.764806307029
0.402486126115   -0.86641929176   -0.295504905307
0.800648189258   0.17667572943   0.572493061669
0.809056885476   0.130804528196   0.572989642293
0.170858059724   0.880468508973   -0.442247359885
-0.562347293227   0.455703170168   0.69000010174
-0.623142110556   0.52899324083   -0.576073895227
-0.028548950988   -0.75145893243   -0.659162792135
-0.781588087808   -0.394305440355   0.483366963879
-0.59055124194   -0.382208829426   0.710749981203
-0.513266419672   0.857528575464   0.0346744176963
-0.622741284571   -0.344327087977   -0.702589521676
0.565530086143   0.486390283423   -0.666033338071
0.0388620999629   -0.822399072165   -0.567582870774
-0.823811660768   0.295101796337   -0.483993738105
0.928621378451   0.3539415214   0.111301125494
0.336807838434   -0.929985982542   0.147282422669
0.155637466816   -0.0992825840046   -0.982815170521
0.684522867451   0.72895901173   -0.00686868078277
0.302941727337   -0.275879516608   0.912204310209
0.663064649485   -0.626505509108   -0.409677932931
0.205540688575   -0.163460384673   -0.964900896039
0.796197731429   0.601231154992   0.067751578233
0.569053783927   -0.782177605489   0.253724249897
-0.313864095595   0.280790699414   -0.906998339108
-0.253402399131   0.895847118145   0.365027630369
0.915028211662   0.344404602091   -0.210021214542
-0.167035160939   0.0750960102063   -0.983090046244
-0.0441220710296   -0.996670885733   -0.0686366298011
-0.984966340857   0.0319113358148   0.169786280069
0.555132115883   -0.831347387198   -0.0262652217714
0.288672048684   0.162953498582   0.943458858245
-0.780062041369   -0.531326350457   0.330447469649
0.173365888622   0.879339767143   -0.443515339132
0.390434724733   0.352069649059   0.850651337791
0.904159835343   -0.320637718748   -0.282287913931
-0.465398712792   -0.633860551693   0.617758149974
0.200465149305   -0.755301931409   -0.623965597573
0.86210095393   -0.166553727213   0.478583227183
0.170143637493   0.449349102248   -0.877004294735
0.813305911292   0.438481215565   0.382449633745
0.556403309959   -0.778344147536   -0.29085349247
0.260191943497   0.523084757647   -0.811592580691
0.369645861706   0.722546266015   0.584199316122
0.891998944864   -0.452005796812   -0.00535539899144
0.282091833756   0.248095059625   -0.926754066006
0.768779734007   -0.636337690887   0.0636568991863
-0.573935517326   -0.730426807848   -0.370236161272
0.948711383265   0.299056659944   -0.102527300857
0.234252463586   -0.882756524946   -0.407268350243
-0.212302888774   0.362362856746   -0.907535928901
0.754792452181   0.560210716213   0.341251079637
-0.0368103531643   -0.483235433973   0.874716218869
0.654930029708   -0.672790769179   -0.34412089744
0.606592006378   0.0428324509447   0.793858866799
0.334552114833   -0.919583349483   -0.206017492108
0.721194427121   0.390555637188   -0.572141955208
-0.73645562588   0.524443171783   -0.427308426996
-0.209686570005   0.423579279009   0.88125600353
0.643167687754   0.738606770189   -0.201978659929
-0.760666102641   -0.453258207879   -0.464698312021
0.400373824992   -0.891070965956   0.213761106571
-0.510968026854   -0.0234522368104   0.859279758636
0.035237299341   -0.983248756889   -0.178830211352
0.928281022545   -0.0340842125503   0.37031424689
-0.370206301402   -0.179053568366   0.911530096475
-0.63341209197   0.558178501261   0.535934549357
-0.625252885686   0.0388648382423   -0.779453865856
-0.455903399204   -0.828810147613   0.324385284396
0.98995294537   -0.139663872706   0.0220718996675
0.00136876788374   -0.146625692564   -0.989191108309
0.141390567467   0.979282862581   -0.144961368879
-0.472471905996   -0.880852184908   0.029513160821
-0.851327381746   0.44745724334   -0.273905444264
0.228064217728   -0.154537800073   -0.961304589026
0.109124172249   -0.982018717332   -0.154049210728
-0.0611223697202   0.148052510259   -0.987088909558
0.992147154628   0.117131115684   -0.0438672056337
0.344725831683   -0.284225618235   0.894639543992
-0.853595619789   0.301620235653   0.42473493741
-0.390561945934   -0.910077495117   -0.138637458592
0.370415784822   0.261985717149   -0.891154104825
0.440502015681   0.795107430497   0.416847874904
0.81777144039   -0.546962211347   0.179115106313
-0.427622256046   0.221457589203   0.876410680077
-0.896452542609   -0.228564641894   -0.379645874242
0.116241054795   -0.948005636673   0.296265589249
-0.770271902076   0.62751676132   0.113595678129
-0.622894212706   -0.778517758606   0.076895816404
0.13668966166   -0.011527404968   0.990546846791
-0.584679985364   -0.755673335637   -0.295139078293
0.777477158462   -0.625830877619   0.0621685646417
-0.231686283145   -0.193115178501   0.953429594986
0.0333939392237   -0.74129409231   0.670349087093
0.860879951346   -0.319388974958   -0.396076219459
0.507711078498   0.590316636185   0.627499580913
0.989781281178   0.139333934447   0.0303161677567
-0.0600970825945   0.214812187979   0.974804624466
0.129311082199   -0.966665283295   0.220990645688
-0.765963879617   0.10631569787   -0.634032144391
0.0314601989007   0.991248208039   0.128207832003
0.642113731063   0.0782557645683   -0.762605037646
0.742734325161   -0.552711347275   -0.377962908402
-0.419884750777   -0.824156293629   0.380083813575
-0.521577021733   -0.123600468728   -0.844204267753
0.0894528460216   0.927042748759   -0.364128928416
0.885184492896   0.0935901027716   0.455729363375
0.456559468276   -0.363087566681   -0.812231964261
-0.413286191075   0.847864327032   -0.332146887046
0.906966027815   0.415837154696   -0.0670259408235
0.0812901963179   -0.328946705866   -0.940843913557
-0.961842390952   0.261848606469   -0.079496119027
0.177707769276   0.37675696715   -0.909110616849
-0.208096790914   -0.888536702798   -0.408920881019
0.597465903573   0.729887323317   -0.3321129071
-0.800106866423   0.514966073472   -0.307634422528
-0.0535115885021   0.449526896728   0.891662535563
-0.643566195919   0.170327894598   -0.746197664723
-0.361890934199   0.791348030899   0.49275069265
0.674431240573   0.587159860417   -0.447644720388
-0.7944774079   0.47266019147   -0.381477747596
0.43495640915   0.00426847388188   -0.90048060964
-0.423964445031   -0.881274502977   -0.209033861141
-0.973677797349   -0.148325697463   0.173063230739
0.187809615452   -0.0918770520939   0.977898804185
-0.129146981015   0.984661368368   0.117315722293
-0.57323695113   0.520052910277   0.633201971602
0.694206655451   0.718764685699   0.0381380648031
-0.435289427686   0.461435112418   -0.773046678047
0.933126732834   0.359540129079   -0.00232299121992
-0.347916429864   0.90129161492   -0.258123193559
-0.0907119536583   0.241669859115   0.966109217831
0.997623096523   -0.06850700794   -0.00741263865137
0.0193107764588   0.38122010752   -0.924282608401
0.0661456821056   0.921942534078   0.3816369076
-0.851622322477   -0.409738568169   0.326894516077
-0.512332615954   0.518941283121   -0.684263744337
0.110729442861   -0.750210561736   -0.651865571279
-0.343455216554   -0.796639550863   0.497398305083
-0.459539104639   -0.319335444902   -0.82876401844
0.81906254902   -0.513216730976   -0.25641019493
0.43862045318   0.306146634608   -0.844917947835
0.319610727816   0.825573543251   0.465056241863
0.839917307311   -0.474028019793   0.264265692969
0.154880106674   -0.41208751754   0.897884201998
-0.961580085317   -0.271399028413   0.0413076454088
0.226662528509   -0.869785295309   -0.438289464659
0.0357816782557   -0.60162483075   -0.797976986549
0.998276368591   0.0586861118679   0.000517545283878
0.0465188128435   -0.796620071908   0.602687710294
-0.995924941729   0.0123872718586   -0.0895499778281
0.0895008443667   -0.00447646306767   -0.995986573276
-0.0127374208834   -0.999923102436   0.00332990710663
-0.564015494505   -0.135673193291   0.814542370142
0.336398335144   0.86309784323   0.376693867966
-0.754137022196   0.486471884771   -0.4411603177
-0.832310468425   0.545990521262   0.0956775639853
0.00332460802627   -0.167686544026   0.985834939381
0.554300272902   0.820838553807   0.137751734042
-0.929187678123   -0.0121640160043   0.369409074196
0.27042919888   0.658923680469   0.701917208501
-0.251950542322   0.752111531564   -0.608974391336
-0.577629234311   0.167405331216   -0.79894996421
0.527548948011   -0.670334870582   -0.521866321255
-0.622926719353   -0.722930013825   0.298889605545
0.301821129439   -0.10353627295   0.947725846712
0.720624094301   -0.626067972632   -0.297892411373
0.624183430617   0.772864292243   -0.114349839593
-0.248177127229   -0.810475118519   -0.53060173166
-0.219823293448   0.580566560522   -0.783977161074
0.943443604587   -0.077926578844   -0.322244651223
0.94822662112   -0.118632051179   0.294606028041
-0.232251542637   0.373687144439   0.89800731788
-0.216622935692   -0.919937149188   0.326787621419
0.999991284203   -0.00102006726003   0.00404857756841
0.00103438214362   0.99999321596   -0.00353526347048
-0.0040449438962   0.00353942043417   0.999985555362
0.895850986101   -0.40556961528   -0.181560823487
-0.275234731352   -0.827236546656   0.489822568306
-0.348850810693   -0.388836203209   -0.852707533297
0.865489902024   -0.500923580062   0.00167140168998
0.500920766461   0.865491185211   0.00184152112498
-0.00236904479169   -0.000756578110934   0.999996907603
