-0.137819917169   -0.862790284263   0.486414063693
0.711790563954   0.25522074839   0.65438260404
-0.68873791027   0.436411875165   0.578951451355
0.76930585919   0.217790745103   -0.600612762141
0.259407080614   0.752636377608   0.605182991812
0.583846268487   -0.621374024561   0.522511113757
0.949755844788   -0.198249964163   0.24219989317
0.104242535188   0.930000160074   0.352467300418
-0.295122568435   -0.309510348317   0.903939166249
-0.609903047513   0.730900055667   -0.306276231365
0.406131572029   -0.043591456936   -0.912774925493
-0.680497735099   -0.68109179046   -0.270255777394
0.599545191392   -0.682737551788   0.417630227684
0.534730352303   0.729966979714   0.425689633882
-0.595490572573   -0.0319006182788   0.802728679305
0.228938758617   -0.949276212585   -0.215549894553
-0.819680575263   -0.0685496090047   -0.568704458484
0.525081745405   0.306880561105   -0.793796935593
0.947301427888   -0.195178219137   0.254018745667
-0.112613224444   -0.94524369926   -0.306324444004
0.299897185808   0.261575736812   -0.917410397132
-0.993669340896   0.0822901158075   0.0766377496664
-0.108701807406   -0.528428554162   -0.842000831869
-0.0287910559084   -0.844991018084   0.534010121254
-0.986029932353   0.0757567681317   -0.148373404324
0.0647886343245   0.994891524868   0.0774164659378
0.153480252445   0.066721723735   -0.985901012093
-0.890140508101   -0.221447519739   -0.398263158748
-0.454791657408   0.376897506265   0.806916165967
-0.0285848905394   0.899394322057   -0.436204983475
0.895216117094   0.0347942462537   -0.444271839896
-0.442928167584   0.179133184887   -0.878479350154
0.0490178095909   0.983209382947   0.17577426421
0.193118000383   0.68524490942   0.702242744124
-0.37655494462   0.712670735325   -0.59186721795
-0.906041848505   -0.150132754974   0.395661900296
-0.442839576532   0.803613468405   0.39762751771
0.864877685304   0.265925574471   0.425763817698
0.23640820397   0.532441200882   -0.81279087853
-0.839357916284   0.520978826937   0.155113264385
-0.484014701191   -0.84618301744   0.222945839686
0.247404187385   0.112054184598   0.962411057504
-0.0181729962415   0.599566305907   -0.80011875132
0.516691888602   0.690742407329   0.505869971272
0.85597854158   -0.404221697096   -0.322343906186
0.732474014955   -0.6806631861   0.013395859062
0.667013865921   0.71356874785   -0.214271205755
0.136287653952   0.165883314519   0.976682344337
-0.217203315892   -0.918703720477   0.329858903301
-0.962336525825   0.258139029531   0.0852823585526
-0.163498725283   -0.298911598299   -0.940170805254
0.116358116497   0.922084944455   0.3690843096
0.869546609132   -0.274152071575   0.410772178496
0.47995058801   0.273138139571   -0.83369622097
0.916554389616   -0.0117663344804   -0.399737268915
-0.0575516265321   -0.993046400052   -0.102729465787
-0.395747572413   0.117162648614   -0.91085848655
0.816315034292   0.127831858353   0.56328393389
-0.566318455382   -0.0147274234659   0.824054950846
0.113636179459   -0.991686528551   0.0603713167587
0.209719794586   -0.659729001654   -0.721647623544
0.976287248002   0.100776305282   0.191591731784
-0.0536736208851   -0.744715936902   0.66521976284
-0.505563470185   0.342570562693   -0.791865550679
-0.846113990215   -0.0172819604236   0.53272177737
0.168809822994   0.939333160331   0.298590835407
-0.300087096178   0.863547889551   0.405256634151
-0.177011998335   -0.467868490812   0.865890299673
0.937344466841   0.188107153172   0.293259505679
0.160996448939   0.747379234441   -0.644598327203
0.64288895429   -0.574967996193   -0.506073551076
-0.748850129171   -0.332927809852   -0.573050953115
-0.222929808149   0.425760631387   -0.87694370266
-0.909637208159   -0.41431246764   0.0300900686276
-0.350517506561   0.804408569981   0.479650248484
0.94942813356   0.185407880956   0.253397194108
-0.0135022846221   0.830400018936   -0.55700403997
-0.313693972866   0.52541386536   0.790908569946
-0.0849338455356   -0.845905421202   -0.526526630712
-0.0280244740589   0.530255087458   -0.847374878779
0.995992421317   -0.0572151615772   -0.0687426655226
0.923555711438   -0.104994651376   0.36881021313
-0.105532337426   0.855052451157   0.50768911334
-0.368656718213   -0.507800584116   0.778608243868
-0.961702747881   -0.265850336854   -0.0667363333125
0.261070458586   -0.962598442876   0.0724483923617
-0.0835006313939   0.0522508592907   0.995136924247
0.205682925621   -0.160658214005   0.965341265009
0.243954610316   -0.946873781114   -0.209563571801
0.947724098967   0.278603088269   -0.15556274251
-0.338876839484   -0.242944318416   0.908922762385
0.837190818426   -0.51866081047   0.173500850316
0.429271549693   0.819737195488   0.379152853758
0.640453909434   0.491415390638   -0.590194758283
0.191544556883   -0.846409796506   -0.496892245995
-0.743726846086   0.205188048495   -0.636214524431
-0.327817581123   0.0859038133814   0.940827431797
0.81260116889   0.533598762276   0.234417858001
-0.481886980415   0.841363730308   -0.244728612928
0.764445723923   -0.261513565714   -0.589265137635
0.503942663734   -0.327663278283   0.799173721485
-0.402075290404   -0.907880774326   -0.118692960676
-0.990435074568   -0.0957181553346   0.100621498262
-0.069404433201   -0.286540503952   -0.955634892681
0.120289965604   -0.953358829715   0.276997209005
0.743952930682   0.61265647175   0.266807304111
0.24780861797   -0.623747708712   0.741302920999
0.620584384885   -0.485377357779   -0.61586051676
-0.492719361162   0.39738216995   0.774154474789
-0.861057758343   -0.0941080012555   -0.49972322396
-0.125726992434   -0.912814972913   0.388537762802
0.387132936051   0.87402397438   -0.29361574717
-0.461253135958   -0.0921495772205   -0.882470421292
-0.798356849627   0.477064557575   0.367472140867
0.717106714227   0.674710043165   0.174713682013
0.592338093015   -0.722099501957   0.357367117794
0.36727931686   -0.152780990211   -0.917478946977
0.623130451008   -0.774976068644   0.105454544377
-0.738184565215   -0.538203883846   0.406719368772
-0.258441706347   -0.331284153386   -0.907446602443
0.473639685148   -0.839927869048   0.264927723214
-0.809545355048   -0.296734850934   0.506542131834
-0.346845559076   -0.454389467306   -0.820505106517
0.649025095288   -0.695020989456   -0.309373993722
0.0277143894354   -0.384790357078   0.922587863072
-0.760262031404   -0.607356795208   -0.230476528822
-0.161946736157   -0.564927496957   -0.809092229446
0.35271783824   0.732611266342   -0.582126165315
0.921609157482   -0.37965467064   0.0806159893235
0.888841112843   0.451431217247   0.0785578727157
0.320474776083   -0.489913063856   -0.810728810138
-0.327501757499   0.745784916573   -0.580127191812
-0.226768215502   0.792707546244   0.565854345052
0.626145465861   0.563670532708   -0.538718352582
-0.746001507551   0.232142960165   -0.624172800114
0.107782629686   -0.0753107188883   0.991317963066
0.881673242277   -0.453509168844   -0.130314605107
0.459385787907   0.888064129481   0.017518955795
0.0665167291398   -0.67930918346   -0.730831435249
0.968359297413   0.220520025558   -0.116838407374
0.240532377436   -0.699935693896   0.672483613107
0.147871903341   -0.514313802058   -0.844757507291
0.982605770295   -0.0206195905559   0.184555607024
-0.112338031377   -0.857354177055   0.502318624991
-0.404859181496   0.347424430522   0.845804642333
0.521780384454   0.847395251442   -0.0983185552337
-0.750889111863   0.401519081714   -0.524355003005
-0.114499000188   -0.993154426046   0.0231486152916
-0.965104420611   0.116727492335   0.234412910639
-0.23551014773   0.00449904216297   -0.971862926614
0.464148895136   0.185974090048   -0.866013538946
-0.229450808219   0.969580710206   0.085238333484
0.855522143732   0.159144226154   0.49270172018
-0.809673776393   -0.369150060109   -0.456241904999
-0.380469876221   -0.261739986887   0.886980777255
-0.44684574077   0.891751343735   0.0714734863096
-0.697126234974   -0.143263843603   -0.702498723544
-0.331540223904   -0.80436754354   0.493040354066
-0.635696519888   0.576613546424   0.513235579788
0.0600756310828   -0.323980908791   -0.94415434196
0.67291386803   -0.68548047106   0.278035405995
-0.737277408386   -0.652037676452   0.176830447911
-0.900187965617   0.421582068972   0.109227030572
-0.435355458684   -0.864616446702   -0.250807449059
-0.0112964454702   -0.273326381879   0.961855023632
0.489496873492   -0.866272298986   0.0998255752214
-0.540897040063   -0.211841033472   0.81397410356
-0.683976047467   -0.452433147798   -0.572259650472
-0.586786101825   -0.191757497579   -0.786712612027
-0.432602835089   -0.747050130612   0.504754451418
-0.684501613492   0.636514989043   0.355399050627
-0.344710657352   -0.88762594531   -0.305441975879
0.935851561328   -0.350329009246   -0.0380985221069
-0.0731879401081   -0.298981309513   0.951448214057
0.646971338233   0.355869078358   -0.674377723416
-0.548592484275   -0.397027604817   -0.735809401345
-0.52959833928   0.846006139446   -0.0616384056148
0.761444471622   -0.583985481992   0.281361028916
-0.521263454691   -0.809638813913   -0.269768660366
0.38534073568   0.0587509670863   -0.92090549016
-0.691140847015   -0.345652759907   -0.634705499193
-0.625577122805   -0.153660615036   0.764881319597
-0.361911818764   0.925696677759   -0.110032650348
-0.897140166118   0.192951144088   0.397375174117
0.0958331314805   -0.793123688487   0.601472031895
0.431222893548   0.577687156025   0.693054100151
0.563583971908   0.150874560145   0.812163836913
-0.381075854035   -0.824825208394   0.417666240836
0.732908196407   -0.544886008596   -0.407363736798
-0.445296666494   -0.466933141782   0.763992503683
0.400791008638   -0.866948754654   -0.296254478166
0.800673261682   0.174280204108   0.573191769964
0.810674067373   0.129625607872   0.570968266912
0.170609329486   0.88056658303   -0.442148110684
-0.560089293532   0.455850520317   0.691737155409
-0.621522656816   0.532007738951   -0.575046663464
-0.029218837616   -0.749274896589   -0.661615299602
-0.782851939381   -0.394406276365   0.481234817984
-0.589339593867   -0.383906242634   0.71084111521
-0.513423857476   0.857321935775   0.0373505495999
-0.623758796957   -0.34295060555   -0.702360387789
0.566392990322   0.485259706127   -0.666124704586
0.0385629627574   -0.822990967243   -0.566744463399
-0.823232653843   0.295312387989   -0.484849477211
0.927992216554   0.354750560194   0.113942195233
0.337477163941   -0.929867734916   0.146506698178
0.157923866566   -0.0975043016203   -0.982630278528
0.682439482437   0.730921873541   -0.00543880704051
0.303795346709   -0.276861079789   0.91162293862
0.664819338739   -0.623779776587   -0.410991599751
0.202353180985   -0.161339065838   -0.965931110579
0.796795272421   0.600566913458   0.0666084342979
0.569359726708   -0.783127764485   0.250080826211
-0.316270282277   0.280982453955   -0.906102666383
-0.251255522834   0.89621228284   0.365614841167
0.914791694159   0.343296388571   -0.212846924037
-0.165623081355   0.0733927430634   -0.983459211671
-0.0501097535666   -0.996573248905   -0.0659323912488
-0.98492006191   0.0383610855414   0.168723705047
0.554054713783   -0.832095968638   -0.0252920213197
0.286335778322   0.161954094924   0.944342479217
-0.781687411577   -0.530459418786   0.327990267449
0.169848039428   0.878227961325   -0.447065259975
0.39364538815   0.355429736953   0.847769457671
0.903435115057   -0.31997717562   -0.285341349043
-0.466810528171   -0.633726894577   0.616829459575
0.202164784353   -0.755489880865   -0.623189339203
0.860940043834   -0.166210034651   0.480787496633
0.166839867573   0.447577172731   -0.878543787684
0.813836747621   0.440511306009   0.378971732
0.556627578054   -0.778218799493   -0.290759905898
0.259425971229   0.52210594939   -0.81246758091
0.372029619682   0.722318791537   0.582966153034
0.891230696564   -0.453498567931   -0.00685062396139
0.280966710093   0.250342053771   -0.926491623576
0.768804830909   -0.636553614205   0.0611473867153
-0.574453657324   -0.729471539571   -0.371314667775
0.948572092759   0.299931344485   -0.101253150964
0.234990042543   -0.881470604771   -0.409622077002
-0.212110093796   0.364762600409   -0.90661930261
0.754211024184   0.561381666121   0.340611765657
-0.0362226458815   -0.482365335482   0.875220953479
0.655632267271   -0.672439158902   -0.343470539247
0.605773526725   0.0470795074136   0.794243131369
0.334500976059   -0.920810621206   -0.200543907462
0.721905623167   0.387159246029   -0.573551024302
-0.736728883319   0.522513673346   -0.429197174823
-0.21006072994   0.426471658531   0.879770697773
0.642732637608   0.738309861839   -0.204434449194
-0.760367150923   -0.453895779876   -0.464565157261
0.399714348288   -0.890798815615   0.21611641703
-0.511928319301   -0.0213655551725   0.858762445917
0.0348077841433   -0.98310749103   -0.179688897038
0.928746239649   -0.0345796821888   0.36909983726
-0.36907839408   -0.179732936902   0.911853723075
-0.632420526452   0.558580505334   0.536686307473
-0.625345302143   0.040728549181   -0.779284604424
-0.457151645141   -0.82844979369   0.323548068139
0.989498703596   -0.142366384594   0.024982564321
0.00352336469042   -0.149031335791   -0.988826218671
0.144498795441   0.978530284339   -0.146964705107
-0.471959310815   -0.881129442283   0.0295079090605
-0.851173399516   0.446679138089   -0.275651269067
0.229703405962   -0.155211739648   -0.960808439269
0.108704230429   -0.982061086123   -0.15407611916
-0.0627082194143   0.14791146251   -0.98701059464
0.992094303275   0.116954084303   -0.0455047148824
0.34478754124   -0.279749162041   0.896025662939
-0.853882737003   0.303001766064   0.423171636671
-0.389879281004   -0.911005142122   -0.134401751381
0.365321803983   0.263805368268   -0.892718728172
0.440547206723   0.795812978924   0.415451402446
0.820035461796   -0.545058195809   0.174509114769
-0.425232688304   0.225957201762   0.87642487703
-0.897737501221   -0.228426880976   -0.376681021279
0.115085190219   -0.946976533955   0.299984788352
-0.769778849167   0.62811172599   0.113650445445
-0.623748713787   -0.778012857395   0.075058494508
0.135566611393   -0.0131108818578   0.990681482576
-0.583319621429   -0.755970692267   -0.297063202061
0.778552616011   -0.624628972238   0.0607822823421
-0.231503904261   -0.195823834549   0.952921281408
0.0313315009273   -0.743235054366   0.668296360848
0.861823019632   -0.31856242538   -0.394688625997
0.506240510819   0.588319371277   0.630556005364
0.989500590486   0.141793293584   0.0279864890575
-0.0581186472586   0.21307828241   0.975305022519
0.132328396484   -0.966691432674   0.219081920483
-0.767602890867   0.103323218952   -0.632542859089
0.0311610452636   0.991769435456   0.12418686647
0.640168060291   0.0756154810264   -0.764504746366
0.745009845412   -0.550080947953   -0.377321920176
-0.420345299321   -0.826361179314   0.374754551213
-0.517948559304   -0.120590609152   -0.846871408287
0.088541395731   0.928024058019   -0.361845223845
0.886297230398   0.0923838563905   0.45380903327
0.454574347793   -0.360883314972   -0.814325357291
-0.41616432723   0.84763217989   -0.329133714653
0.905856798325   0.417905478336   -0.069132623016
0.0789479286302   -0.326918256222   -0.941750766004
-0.961384709444   0.263022544349   -0.0811643259377
0.178910108769   0.372986189128   -0.910429441284
-0.209188144073   -0.889780723403   -0.40564937479
0.598536229365   0.728492853676   -0.333245481978
-0.799500706161   0.516970027824   -0.305844109926
-0.0505273189943   0.449488777246   0.891855835348
-0.643579953744   0.16785352611   -0.746746418059
-0.361253567701   0.793522245921   0.489712494387
0.674759867608   0.584933894648   -0.45005734658
-0.793919300193   0.47385672052   -0.381119000688
0.434478673531   0.0034598939497   -0.900706232721
-0.425464647785   -0.880626619989   -0.208671488592
-0.973913321452   -0.149662936479   0.17057168441
0.185274337977   -0.0904281883901   0.978517569066
-0.131023332904   0.984593428136   0.115797448399
-0.572664725092   0.519430270532   0.634229859596
0.69451790128   0.718433445732   0.0387079593301
-0.435545870775   0.462650640732   -0.772175118477
0.93429612283   0.356492078619   -0.00203828383603
-0.344662898464   0.9018036441   -0.260686932317
-0.0910946932658   0.244261311182   0.965421239508
0.997454399155   -0.0711731736542   -0.00437047249836
0.0230786266743   0.380211602484   -0.924611557228
0.0674692423901   0.922157000798   0.380886314566
-0.851713237767   -0.409150562018   0.32740301014
-0.512170008152   0.517847378061   -0.685214705213
0.110809729705   -0.751287646039   -0.650614392717
-0.344540260558   -0.795520997067   0.498436530816
-0.46366584899   -0.317461498084   -0.827183648494
0.816276063907   -0.516105755714   -0.259477976251
0.436798754404   0.307964574359   -0.845200966753
0.31710026767   0.826547471313   0.465044835993
0.84181605681   -0.471144457869   0.263379256963
0.155533211451   -0.411576747696   0.898005634789
-0.96195369939   -0.269816433458   0.0429459164163
0.224621057753   -0.87051930034   -0.437883239174
0.0334984819029   -0.600721761339   -0.7987560634
0.998403206713   0.0564862391038   -0.000610342511293
0.0454853843466   -0.797460156464   0.601654711367
-0.996005906897   0.0128100004408   -0.0884788382999
0.0884209929395   -0.00501992878953   -0.996075691743
-0.0132033687285   -0.999910475773   0.00385697672184
-0.561460966943   -0.137245103097   0.816042553261
0.336392239356   0.863135517205   0.376612994522
-0.756043602154   0.485963854641   -0.43844872155
-0.833301638236   0.54458349008   0.0950677022215
0.00378302690466   -0.166347620911   0.986060130727
0.552806235838   0.822044837606   0.136557183031
-0.929025904714   -0.0135307416495   0.369768346949
0.269629093615   0.65962336385   0.701567757588
-0.253400598364   0.75147460745   -0.609159055031
-0.577320867085   0.169435717738   -0.798745678139
0.526060470021   -0.670966681092   -0.522557889418
-0.624470577907   -0.72187111278   0.298227611211
0.301236611984   -0.104224084213   0.947836449961
0.71939003627   -0.627603457961   -0.297644233228
0.625887027602   0.771525407313   -0.114079451433
-0.24939349469   -0.809959177789   -0.530819224281
-0.218022604403   0.581028034917   -0.784138111512
0.94354070528   -0.0798283425376   -0.321494026227
0.948014839609   -0.117274080345   0.295828761206
-0.233998653421   0.373121957031   0.897788761042
-0.215667559161   -0.920340599634   0.326283175268
1.0   0.0   0.0
0.0   1.0   0.0
0.0   0.0   1.0
0.89729437547   -0.403624543262   -0.178745833898
-0.276614555431   -0.829676183806   0.48489437372
-0.344016326332   -0.385649314816   -0.856112212124
0.866007063038   -0.500031769465   -7.43230940499e-06
0.500031769087   0.866007061573   5.44938917736e-05
-2.08122443037e-05   -5.09084860388e-05   0.999999998488
