-0.140451998286   -0.85986154028   0.490827203864
0.710894299068   0.257469447011   0.654475946079
-0.689131705886   0.440848726879   0.575108583775
0.772940504232   0.218736068876   -0.595581657744
0.256708086998   0.750618502438   0.608829059761
0.58022748723   -0.623479268391   0.52403212596
0.949554648598   -0.19423204781   0.246211047972
0.0977249580482   0.929283691489   0.356204508962
-0.297986243163   -0.314174682675   0.901386968019
-0.610270840085   0.731776605496   -0.303436719539
0.397113095173   -0.0488460418819   -0.916469381668
-0.685472123983   -0.679792569496   -0.260789340181
0.596475191417   -0.683989808378   0.419970572681
0.534951284113   0.72886586093   0.427295771417
-0.598368167191   -0.0302075268808   0.800651633845
0.229011574397   -0.948746087377   -0.217794775769
-0.817775847738   -0.0661525639221   -0.571722403357
0.528011709645   0.309038355759   -0.791011338823
0.947504464729   -0.197225870198   0.251668942955
-0.114343532926   -0.94405310337   -0.309337545206
0.298598153379   0.264321994016   -0.917046041805
-0.994321387094   0.0771243124635   0.0734536846429
-0.103405721542   -0.533857453201   -0.839236438981
-0.0255119601936   -0.842058420888   0.538786657956
-0.986258977303   0.0768700166888   -0.146240787041
0.0665357559271   0.99501400543   0.0742975608466
0.151222883332   0.0635463208912   -0.986456102643
-0.890069595512   -0.219633091852   -0.399419339355
-0.45498192744   0.374876276558   0.807749150418
-0.0276757906934   0.900682268762   -0.433594602223
0.893456991416   0.0365546592214   -0.447658755063
-0.446281900193   0.184682088558   -0.875628339369
0.0506662575611   0.982118261736   0.181319186181
0.19349853795   0.684818214323   0.702554137724
-0.374883645628   0.713358857185   -0.592099137475
-0.906653492433   -0.148805744817   0.394761048521
-0.441596813477   0.803763863034   0.398700225313
0.86490046639   0.2631575007   0.427432288036
0.2386323541   0.533586759672   -0.811386012876
-0.840035232356   0.521244037771   0.150484580508
-0.486483793831   -0.846477749884   0.216354073892
0.240155104509   0.108536722074   0.964647763991
-0.0114145159615   0.596646286418   -0.802423142107
0.514068342616   0.691808056966   0.507085146426
0.85767326483   -0.406712202312   -0.314613621649
0.734233915158   -0.678649807051   0.0183028966795
0.665749168321   0.714473112948   -0.21518878798
0.132960902215   0.170184044438   0.976400936806
-0.214464669259   -0.919988055087   0.328066355034
-0.962412316656   0.256346944987   0.0897171892576
-0.166637593463   -0.296493878181   -0.940385202904
0.112451556009   0.922915168727   0.36822617569
0.870180853331   -0.270388241911   0.411931219021
0.479737644578   0.274097862164   -0.83351020046
0.918612170114   -0.00865285878836   -0.395066586695
-0.0549189004844   -0.992863283942   -0.105952712804
-0.39132645484   0.119026009828   -0.912532295162
0.815737319777   0.127662373251   0.56415861506
-0.567230882579   -0.0143784365408   0.823433289905
0.113233168013   -0.991713454346   0.0606850138104
0.210607513733   -0.663472047608   -0.717947978788
0.976197311122   0.103821353347   0.190420369439
-0.0518002698949   -0.740962852903   0.669545200535
-0.504352724362   0.34959450897   -0.789564347261
-0.844599360859   -0.00946917514881   0.53531500402
0.17966663242   0.936853197246   0.300043193708
-0.295687371527   0.864875490517   0.405659215966
-0.175214399843   -0.466544477258   0.866969552381
0.939078765431   0.185274597747   0.289489922261
0.159955573054   0.74722113447   -0.645041090819
0.639912687109   -0.576048584013   -0.508611658509
-0.751617712352   -0.331413099463   -0.570300085393
-0.218998398304   0.428326783323   -0.876684530642
-0.910582365847   -0.412513866402   0.0259219383333
-0.350541516211   0.803970371697   0.480366780057
0.947981225751   0.187258883986   0.25742126129
-0.0129895148321   0.830753355494   -0.556489114087
-0.318061107179   0.524197455127   0.789970986313
-0.0825227830871   -0.844759345771   -0.528745335997
-0.0270443938389   0.532257821027   -0.846150228627
0.99622215563   -0.0555270778612   -0.0667693994454
0.922848982251   -0.10415830288   0.370811008497
-0.106104089058   0.856739600856   0.504716929414
-0.370258934216   -0.505122068903   0.77958964686
-0.960569090855   -0.267658134743   -0.0752790080856
0.262007245973   -0.96197982994   0.0771219480431
-0.0930591704796   0.054357287625   0.994175677837
0.206678128907   -0.158212090264   0.965532765236
0.24648175167   -0.946592874284   -0.207869536854
0.946853384819   0.280948274158   -0.156644085242
-0.336335150151   -0.241713049517   0.910194122441
0.839348060383   -0.515218541576   0.173333617285
0.427051955111   0.822267907098   0.376167591464
0.638991179315   0.491333163844   -0.591846269817
0.189634762274   -0.846291202329   -0.497825190558
-0.74547229454   0.205871283874   -0.633946470857
-0.32709701731   0.0893903788068   0.940753382202
0.812789488945   0.534445619413   0.231821343298
-0.482058930639   0.840462520714   -0.247471133401
0.763186466897   -0.267946521914   -0.588006022112
0.501131941402   -0.32904556248   0.800372299005
-0.407937737839   -0.905501905631   -0.116846563257
-0.99107389332   -0.090699738522   0.101833786127
-0.0721260669427   -0.285529364447   -0.955930353571
0.115734148082   -0.954347194601   0.275910692561
0.744460100476   0.610650325157   0.269972958973
0.248296329715   -0.628564137598   0.737059316529
0.619780728033   -0.481677987682   -0.619563186249
-0.49574640429   0.39628598196   0.77278262508
-0.859336673193   -0.0951418949058   -0.502482385456
-0.125602735757   -0.913184256374   0.387709288336
0.385196812027   0.873469467207   -0.297782606039
-0.459013228372   -0.0985889146234   -0.882942261251
-0.800581193123   0.476792691199   0.362957926649
0.720541822723   0.671600317129   0.17254847996
0.589643096098   -0.724385357046   0.357197213171
0.364884890244   -0.155633684995   -0.917954509951
0.619799228022   -0.778007887656   0.102726204237
-0.739632092768   -0.535380545333   0.40781387611
-0.262284794906   -0.328742326064   -0.907268051153
0.471716852397   -0.841788647712   0.262440644682
-0.810183106005   -0.296327328819   0.505760288218
-0.347974933207   -0.451200628301   -0.821785536055
0.647854327969   -0.696515062612   -0.308466435624
0.0259852113455   -0.384494632852   0.922761434103
-0.761320919944   -0.605830556368   -0.230997424184
-0.162022634582   -0.566124482758   -0.808239878056
0.352233932607   0.73192541515   -0.583280751616
0.921780823829   -0.379194209487   0.0808197766147
0.889796536934   0.449805378799   0.0770534605962
0.318503588323   -0.491174337714   -0.810742327892
-0.326829586806   0.745937516964   -0.580309851132
-0.229541012336   0.795094096964   0.561370070464
0.627481186693   0.561795246805   -0.539122880939
-0.744028453344   0.228498353121   -0.627861638071
0.111174760011   -0.0713549677515   0.991235914703
0.881062122784   -0.454346619605   -0.131524448694
0.459749612089   0.887962619363   0.0123562850339
0.0633394926649   -0.683393915354   -0.727296964956
0.968534926714   0.217845678845   -0.120346850326
0.240682808924   -0.6967897998   0.675689102977
0.149938642134   -0.512315161568   -0.845607208584
0.9830531403   -0.0139905839747   0.182786088005
-0.105474638317   -0.858683530673   0.501535321419
-0.400225886052   0.346061835986   0.848563716185
0.524899403554   0.84558706765   -0.0972785688721
-0.751198902356   0.406477194301   -0.520073483879
-0.11848073259   -0.992836269586   0.015522760999
-0.963303419798   0.118718084021   0.240737422143
-0.240855424936   0.0135693333644   -0.970468412075
0.466623738384   0.181141238537   -0.865707876549
-0.230429608497   0.969898153146   0.0787386019202
0.853911278381   0.162743428764   0.494317807345
-0.81262480306   -0.369218571027   -0.450908614096
-0.376793874343   -0.257393124392   0.88981748531
-0.444597916904   0.892987361453   0.0700447399775
-0.701014804684   -0.141630895078   -0.698950892267
-0.327747024238   -0.806475680835   0.492131194669
-0.633382623968   0.574066123563   0.518920352186
0.0581563341855   -0.325220966674   -0.943848103694
0.672607904338   -0.685884796061   0.277778320521
-0.737710327319   -0.650994248181   0.178857571454
-0.900136744796   0.420528295416   0.11362591118
-0.435534802299   -0.864024772254   -0.252530519249
-0.00802065606781   -0.276799891473   0.960894120522
0.487709419345   -0.867420743269   0.0985939049674
-0.541358481211   -0.211897666913   0.813652462795
-0.684887216096   -0.450200610325   -0.572930061532
-0.590722807534   -0.190771251392   -0.783999700836
-0.43218992598   -0.745700741755   0.50709482852
-0.681367059044   0.638388304148   0.358050789697
-0.342444857497   -0.889791356858   -0.301666950024
0.936960828964   -0.347188785355   -0.0395530090472
-0.0695414442195   -0.29619482912   0.952592574946
0.646355056681   0.355560381425   -0.675131051714
-0.548277478206   -0.398937782709   -0.735010460983
-0.530675916846   0.845236881604   -0.0629096854725
0.761319875787   -0.584131822888   0.28139417986
-0.521225200001   -0.809510194788   -0.270226327293
0.385638382235   0.0590592123932   -0.920760593794
-0.690385780478   -0.347716831271   -0.634399676269
-0.626985453669   -0.149896499432   0.764474957406
-0.360914373344   0.925540774286   -0.114528244233
-0.898670319546   0.188759499914   0.396032246728
0.0992992238465   -0.791806286477   0.602708882306
0.427330496688   0.580937332128   0.692757831836
0.565221087012   0.148751733963   0.811417269481
-0.381075696881   -0.825289899959   0.416746500427
0.73164634682   -0.544765320128   -0.409785525757
-0.443333573682   -0.466830914444   0.765195623759
0.40276672917   -0.866387736429   -0.295214134217
0.800771132831   0.177317005634   0.572122629188
0.807964215834   0.130905714975   0.574506329218
0.171487641679   0.880562294068   -0.441816745529
-0.563724948247   0.455492855778   0.689014111073
-0.623825186765   0.528211399998   -0.576050284345
-0.0271611007943   -0.75125483816   -0.659452384273
-0.781091216047   -0.395737146893   0.482999305236
-0.59112916144   -0.381058074255   0.710887427233
-0.513475484867   0.857482360409   0.0326636937625
-0.62202018986   -0.345714816713   -0.702546806884
0.56653650229   0.487121662641   -0.664641823476
0.0416281954891   -0.822456680355   -0.567302019724
-0.822984423345   0.293729423157   -0.486229616818
0.927834584977   0.355881366132   0.111676977922
0.33890417516   -0.929415996895   0.14607595972
0.155779505124   -0.0976866377218   -0.982954026762
0.685673431937   0.727866887426   -0.00785706248374
0.302369474745   -0.274989646224   0.912662792564
0.662136420978   -0.628164362549   -0.40863782133
0.208270413829   -0.164852259417   -0.964078406183
0.795796694498   0.601615012924   0.0690434664472
0.568622072847   -0.781590117516   0.256487489145
-0.313725108215   0.281624146208   -0.906787989804
-0.256650231377   0.894303263825   0.366541042737
0.914170266917   0.347720458916   -0.208286490893
-0.166704103702   0.0749004840936   -0.983157241809
-0.0423472464   -0.996733156359   -0.0687543702883
-0.985096419322   0.0301723415392   0.169332833477
0.553431552763   -0.832393112514   -0.0289001141221
0.290015098717   0.160062645374   0.94354182774
-0.780771895546   -0.530567285476   0.329990293241
0.17516432106   0.880109420279   -0.441276408651
0.388046821812   0.350207453358   0.852510647201
0.904840938827   -0.320565356589   -0.280179812574
-0.464773673936   -0.633410996743   0.618688876394
0.198787652902   -0.755553023016   -0.624197949332
0.862826103929   -0.167123068732   0.477075453949
0.172088604581   0.450815878895   -0.875871310808
0.812899433163   0.437217058053   0.384754147569
0.556399156473   -0.778207097014   -0.29122789885
0.260136329668   0.523769729587   -0.811168513503
0.368256830427   0.722775830814   0.584792274307
0.892589487824   -0.450844061304   -0.00486152866553
0.28167981648   0.247765337051   -0.926967534137
0.769086842359   -0.635959925207   0.0637211192028
-0.573726328922   -0.730867491327   -0.369690129298
0.949124512858   0.298555543626   -0.100136310903
0.235322734321   -0.883762012518   -0.404461600113
-0.209250816254   0.360320083571   -0.909057105109
0.754755926022   0.559950074013   0.341759290493
-0.0370893051662   -0.483712547687   0.874440730006
0.654956396616   -0.672664939969   -0.344316757305
0.608293541201   0.0420722378562   0.792596418199
0.334439603067   -0.919204648708   -0.207879496084
0.719811994371   0.391527342333   -0.573217050038
-0.736437774485   0.525344379055   -0.42623072664
-0.209683574927   0.4217631119   0.882127347612
0.643189044793   0.739005509043   -0.200446182252
-0.760779841184   -0.452656736668   -0.465098632996
0.400744954054   -0.891331421303   0.21197326928
-0.510507924978   -0.0251209840212   0.859506056195
0.0356429060048   -0.98320291125   -0.179001704699
0.927839182981   -0.0339863790022   0.371428819149
-0.371273518449   -0.179323597104   0.911042820759
-0.633599487275   0.558276856494   0.535610581503
-0.625571405339   0.037646491289   -0.77925810243
-0.455205624237   -0.828800171866   0.325389208475
0.990209448417   -0.138122358392   0.0201856868446
-2.5383687903e-05   -0.144785560487   -0.989463031745
0.139589566934   0.979775130296   -0.1433715358
-0.475459512132   -0.879289043871   0.0281916436665
-0.849613381354   0.45062286155   -0.274040646247
0.228256639924   -0.154246396712   -0.961308787211
0.109188430283   -0.982068121233   -0.153688221266
-0.0598370244587   0.147838493505   -0.98719972079
0.992218420814   0.116987022708   -0.0426217722674
0.345109196869   -0.287164913557   0.893552433487
-0.853244470499   0.300614432893   0.42615118539
-0.390990425114   -0.909487367514   -0.14127706858
0.373507650246   0.260585828666   -0.890273588705
0.440491600875   0.79479970624   0.41744529828
0.816369515848   -0.548077050601   0.182077901841
-0.428964637699   0.21868308722   0.876451391464
-0.895684159408   -0.228868757444   -0.381272833854
0.117214422411   -0.948576193362   0.294047584437
-0.770437097474   0.627396356492   0.113139661395
-0.622552621932   -0.77863598971   0.0784494816066
0.137313524627   -0.00999500372249   0.990477206377
-0.585713880045   -0.755220969416   -0.294245760737
0.776509920858   -0.626911227779   0.0633615474817
-0.232317935525   -0.191373013366   0.953627153271
0.0342077904803   -0.740112083812   0.671612914029
0.860079807381   -0.320458413442   -0.396949741323
0.509011323873   0.591219481747   0.625593308149
0.989940003037   0.137894598364   0.0316839093861
-0.0613008797476   0.216183630471   0.974426415306
0.127518596738   -0.96656594004   0.22246188401
-0.765153906376   0.108048561993   -0.634716395991
0.0312707536247   0.990891235018   0.13098358597
0.643087501866   0.0803745486902   -0.761563058854
0.741269562107   -0.554371512383   -0.378407079196
-0.419223583191   -0.822675356666   0.384003439382
-0.524186301446   -0.126013016864   -0.842229931111
0.0897934874651   0.926349145731   -0.365806583262
0.884422582945   0.0947247002337   0.45697263827
0.457967128658   -0.364560773471   -0.810778443165
-0.410840830347   0.84927877891   -0.331567345526
0.908015580057   0.41385504213   -0.0650565058571
0.0819698438385   -0.327795970498   -0.941186942605
-0.961751257392   0.261595095891   -0.0814273817037
0.179639126557   0.377686005157   -0.908345701969
-0.20686274893   -0.888217392243   -0.410241050092
0.596906756616   0.730539494749   -0.331684130224
-0.800378686194   0.51352931686   -0.309324408063
-0.0556441759489   0.450110738984   0.89123736799
-0.643700376277   0.171871779094   -0.745727844729
-0.36225547122   0.789930901577   0.494752622275
0.674107484327   0.588616407542   -0.446217338809
-0.793492594487   0.472104810226   -0.384191587932
0.437991850126   0.00449909507783   -0.899003688469
-0.422669217355   -0.881567660943   -0.210399383591
-0.973844041022   -0.145077278307   0.174878116798
0.189286867687   -0.0922129735178   0.977582911902
-0.125699061799   0.985114435606   0.1172611785
-0.573009803852   0.521195554661   0.632467368027
0.694785976338   0.718233159633   0.0375975775787
-0.434663346628   0.46097323627   -0.773674004567
0.932459621675   0.361263068069   -0.00283746304995
-0.349866627108   0.901030369124   -0.25639348568
-0.0900688557893   0.240069306478   0.966568326657
0.997715214782   -0.0669220288676   -0.00926240951011
0.0170253707635   0.38172824981   -0.924117782467
0.0653795604762   0.921848675854   0.38199545511
-0.853093151121   -0.405579409981   0.328230005864
-0.510746739292   0.520597402216   -0.684189645693
0.106617835525   -0.751320866987   -0.651265983471
-0.342941047481   -0.796276769279   0.49833277601
-0.45821945989   -0.321300308138   -0.828735082211
0.820016570271   -0.512552647652   -0.254682872522
0.439394573769   0.304735398593   -0.845025892447
0.321772164407   0.824885475289   0.464786651156
0.8386865304   -0.476130542734   0.264394833045
0.154880203994   -0.411854832179   0.897990930857
-0.961182950742   -0.272906359341   0.0406133304193
0.228340644421   -0.869423777346   -0.438135632372
0.0351725088972   -0.599330022014   -0.799728970919
0.9981736997   0.060393899729   -0.00135996367505
0.0491138212943   -0.798220589177   0.600359664467
-0.995925224111   0.0129082513107   -0.0894776502207
0.0893774119271   -0.00815509304891   -0.99597456745
-0.0135849577889   -0.999893513239   0.00694804329159
-0.565621827995   -0.135009193237   0.813538229281
0.336078381721   0.863131731177   0.376901757318
-0.753075862115   0.486596476633   -0.44283247517
-0.831940430979   0.54657885001   0.095533342225
0.00252197368006   -0.168447391229   0.985707399495
0.554859169883   0.820290801175   0.138759773133
-0.929382668978   -0.0118558510284   0.36892670934
0.270392073218   0.658508555342   0.702320826003
-0.251267994001   0.752479803512   -0.608800645965
-0.578155513319   0.16817738204   -0.798406573236
0.529370562124   -0.667306102644   -0.523898736742
-0.620889278353   -0.725547687319   0.296778155925
0.301790194032   -0.103261056383   0.947765718978
0.72166621403   -0.624874096499   -0.297876312162
0.622993241828   0.773866639708   -0.114060880899
-0.247681370598   -0.811065367658   -0.529930952154
-0.221178702313   0.579865282005   -0.784114918055
0.943257030882   -0.0770012497329   -0.323012200331
0.948431409827   -0.119472224314   0.293605602829
-0.231000807185   0.373774154416   0.898293675416
-0.217063330563   -0.919793067939   0.326900967907
0.999974944083   -0.00233649688989   0.00668221432916
0.0023780242239   0.99997786891   -0.00621342840799
-0.00666754878857   0.00622916319213   0.999958369794
0.894932802669   -0.40668813924   -0.183575695152
-0.273934528629   -0.825528680089   0.493418957781
-0.352214639777   -0.391289089133   -0.850198618979
0.865098211867   -0.501596033854   0.00255077888691
0.501587271409   0.865100379399   0.00339802146985
-0.00391111385576   -0.00166018410025   0.999990973448
