-0.141319821809   -0.859138073322   0.491844021159
0.710438488129   0.257984877344   0.654767896354
-0.689424343032   0.441956575334   0.57390633729
0.773938073882   0.219093664704   -0.59415302992
0.256001710115   0.749912560025   0.609995307947
0.579208927154   -0.624202785468   0.524297529447
0.950606435076   -0.190552697943   0.24502464022
0.0940236137646   0.929071690769   0.357750405489
-0.295815762026   -0.317041735233   0.901097981291
-0.610622314601   0.732094305756   -0.301958947414
0.393545436862   -0.0503601401063   -0.917925065307
-0.687214135164   -0.679339652805   -0.257361735671
0.595328590194   -0.684795370177   0.420284627755
0.535289773866   0.72812133821   0.428140366299
-0.599206746738   -0.0299101361651   0.800035410001
0.229101358528   -0.948640396564   -0.218160581395
-0.81696110007   -0.0655362798083   -0.57295694335
0.529232654169   0.30949393527   -0.790016754905
0.946981708505   -0.201205589105   0.250483556645
-0.118975095679   -0.943810110453   -0.308333438633
0.298447026865   0.262184846404   -0.917709408004
-0.994541215305   0.0775857907262   0.0697983361107
-0.100441615609   -0.530016510494   -0.842019438951
-0.0283345107663   -0.844432175367   0.53491335204
-0.986408544051   0.0769390263106   -0.145168241837
0.0668663777853   0.995084918947   0.073040261826
0.150074380657   0.0623408257575   -0.986704894581
-0.889801067422   -0.219750070741   -0.399952114337
-0.455491209199   0.374053642232   0.807843350028
-0.0279203455535   0.900995575045   -0.432926904364
0.892830889958   0.0367539671091   -0.44888990455
-0.447422951755   0.186630736351   -0.874632299672
0.0516304439993   0.981742381324   0.183074255575
0.194196473312   0.684430498507   0.702739369156
-0.374234985683   0.713887956672   -0.591871743095
-0.906772244689   -0.148050253284   0.39477236179
-0.441562384624   0.803572796555   0.399130797332
0.864760779114   0.262543423327   0.428095632298
0.239214187806   0.534179591639   -0.810829066614
-0.840139469536   0.521644483042   0.148501752701
-0.487705995608   -0.846386085476   0.213947474627
0.237294330087   0.107320516972   0.965491433817
-0.00962859255939   0.595437888022   -0.803343633956
0.513052705642   0.692517992398   0.507144699382
0.858303089791   -0.407274534417   -0.312158993038
0.734740578647   -0.67805909091   0.0198029554543
0.665372203054   0.714696064902   -0.215613942891
0.13204589813   0.171596649736   0.976277865722
-0.212611564427   -0.920524964436   0.327765443058
-0.962551603421   0.255043630508   0.0919086623906
-0.168198711543   -0.295950302112   -0.940278006308
0.11456174077   0.921344883878   0.371487855454
0.869386740167   -0.273927113773   0.411261969882
0.480672776241   0.275850170928   -0.83238733336
0.919525956424   -0.00715380340364   -0.392964527652
-0.0536191402144   -0.992773084561   -0.107394410984
-0.389354959772   0.11982234685   -0.913264480627
0.815598182491   0.1281272565   0.56425437914
-0.567359154953   -0.0143538257306   0.823345323256
0.113592198358   -0.991653839895   0.0609872223609
0.210636974827   -0.664519226869   -0.716970197744
0.976227783839   0.104649572601   0.189809862353
-0.051101677007   -0.739907201551   0.670765199412
-0.503625075174   0.352031389241   -0.788946008377
-0.844206115241   -0.00654781997438   0.535978769197
0.183515498347   0.93596533431   0.300484625937
-0.294227616207   0.8654562553   0.405481944035
-0.174618391173   -0.465799581362   0.867490171674
0.939648101281   0.184434949639   0.288175658087
0.16261885412   0.749759973883   -0.641421489924
0.642025830149   -0.574043598488   -0.50822129225
-0.74924253723   -0.329159581415   -0.574718798195
-0.217133170067   0.428898713343   -0.876868877807
-0.911005863197   -0.411681339864   0.0242225545282
-0.350601557889   0.804092226439   0.480118961384
0.947614514063   0.187442750855   0.258634777183
-0.0125101551427   0.830869091463   -0.556327285981
-0.319171159153   0.523948249602   0.789688548242
-0.0820773972808   -0.84449037418   -0.529244059966
-0.0267358354497   0.532710423561   -0.845875159318
0.99626726444   -0.0552774634608   -0.0663016332165
0.922830800743   -0.103878395086   0.370934755274
-0.106001140004   0.857294178754   0.503796040278
-0.37033373051   -0.504238010186   0.780126245151
-0.960592807515   -0.266564280848   -0.0787654700546
0.260664760013   -0.962296056977   0.0777125327149
-0.0965111288099   0.0541187493363   0.993859527314
0.210149767635   -0.156254928258   0.965101851004
0.242057059261   -0.948096192913   -0.206209265007
0.947230471151   0.27694454013   -0.161419696239
-0.335786982346   -0.241381872912   0.910484390867
0.840041528921   -0.514019545886   0.173534028857
0.426118838203   0.823115192978   0.375371926313
0.638253946327   0.489745432751   -0.593954187992
0.187505418674   -0.847207156614   -0.497074553518
-0.746641737583   0.205890273901   -0.63256344566
-0.326912375294   0.0903420844786   0.940726626584
0.812823730122   0.53469926511   0.231115279431
-0.48212639623   0.840199378962   -0.248231992677
0.762668442228   -0.270061428727   -0.587710529869
0.500319992124   -0.329524080334   0.800683306817
-0.409898460214   -0.904699219104   -0.116200480361
-0.992273492547   -0.0850112236069   0.0963585855985
-0.068424830489   -0.285719222902   -0.956244968589
0.108765471222   -0.95491334122   0.276977483995
0.744311704692   0.610194764125   0.271408198803
0.248445889938   -0.630232101416   0.735582744603
0.619898943632   -0.48007258224   -0.620689497627
-0.496535174333   0.396401571818   0.772216685465
-0.858829331808   -0.095262112834   -0.503326241
-0.125956318923   -0.913121525271   0.387742290294
0.384820898592   0.873071860569   -0.299430135706
-0.458225239021   -0.100895932836   -0.883090962475
-0.80121314905   0.477038304503   0.361236695057
0.720530136367   0.671323668047   0.173668864197
0.588599037214   -0.724520413314   0.358638344079
0.366589027471   -0.156188415617   -0.917179259841
0.618879054977   -0.778844862573   0.101928821352
-0.739983230226   -0.534572720007   0.408236678214
-0.263464653346   -0.328074757485   -0.907167998024
0.471303159658   -0.842276522504   0.261617035691
-0.810292372094   -0.296376673245   0.505555981088
-0.348280756648   -0.450256413531   -0.822173503604
0.647659404208   -0.69676607176   -0.30830885284
0.0254174966429   -0.384659082262   0.922708722143
-0.761505914856   -0.605437425585   -0.231418030898
-0.162436335256   -0.566637780638   -0.807797023119
0.352122638254   0.731477539797   -0.583909452752
0.921750537096   -0.379291743831   0.0807074664047
0.890174768692   0.449106168753   0.0767628116753
0.317947787053   -0.491641469903   -0.810677404788
-0.32634044306   0.746051137063   -0.58043914415
-0.230350772148   0.795636682898   0.560268506969
0.6279310278   0.561374438716   -0.539037445081
-0.743398382699   0.227642288911   -0.62891799562
0.112099724698   -0.0701330550757   0.991218945657
0.88085783042   -0.454666160679   -0.131788283567
0.459916433965   0.887896403689   0.0108093054498
0.061860978055   -0.684657109703   -0.726235395068
0.968637274776   0.216626714643   -0.121715594726
0.240655431753   -0.695929233628   0.676585146637
0.150472707146   -0.511253142052   -0.846154951993
0.983267462558   -0.0115007366912   0.181804417896
-0.102679477576   -0.859353230071   0.500968021795
-0.398412589917   0.34520944851   0.849763441633
0.525849073105   0.845057208   -0.0967526453313
-0.751498650957   0.408299839241   -0.518209500171
-0.119547565962   -0.992743084994   0.0130616731827
-0.962668548193   0.11912303559   0.243063372881
-0.242855319951   0.016483449698   -0.969923427763
0.467126285909   0.178824928697   -0.865918411522
-0.230679395501   0.970065747077   0.0758911313924
0.853569017143   0.164298789433   0.494394435031
-0.806970218091   -0.368763290985   -0.461833510344
-0.383849554404   -0.267413996759   0.884015942169
-0.44937298054   0.890414679599   0.073961657909
-0.70210950679   -0.141074760119   -0.697963895036
-0.326569019119   -0.807236168337   0.491667286889
-0.632778288557   0.573133455054   0.520685573733
0.0575428968034   -0.325109521736   -0.943924010308
0.672386516939   -0.686271788551   0.2773576516
-0.737960100682   -0.650641755453   0.179109265769
-0.900011759054   0.420464248499   0.114847050573
-0.435806809822   -0.863708896028   -0.253141344538
-0.00724249979159   -0.277881146422   0.960588173706
0.487415829035   -0.867641366981   0.0981035121064
-0.541591443084   -0.212280231106   0.813397741573
-0.684912074329   -0.449594968302   -0.573375889462
-0.591667583903   -0.190317174794   -0.783397499392
-0.432361817361   -0.745259895077   0.507596312718
-0.680437747309   0.639038442329   0.358657871864
-0.341961529612   -0.890318497029   -0.300658112315
0.937224582824   -0.346401252327   -0.0402028378592
-0.0683550144708   -0.295531996016   0.952884269905
0.646437697764   0.35531535885   -0.675180949245
-0.547938703087   -0.399600765267   -0.73490303279
-0.530925132308   0.845026795854   -0.0636259769694
0.761543058478   -0.583537910811   0.282021982874
-0.518971119754   -0.809697074316   -0.273980117581
0.388229145016   0.0622867129824   -0.919458704266
-0.693940060793   -0.349657213739   -0.629432540829
-0.623301929287   -0.145924199505   0.768244545663
-0.360472184117   0.925443034375   -0.116678502623
-0.896265509223   0.192604744874   0.399568669263
0.0979879592285   -0.792603404531   0.601846652612
0.432608447734   0.57855375348   0.691471311501
0.565721514908   0.148482184673   0.811117872531
-0.380805421805   -0.825438328487   0.416699861355
0.731400296027   -0.544614161186   -0.410425395541
-0.443049794388   -0.466666639711   0.765460433754
0.403491734598   -0.866266034629   -0.294581545269
0.800563456807   0.178342687214   0.572094572785
0.80708019897   0.130747297667   0.575783550932
0.172157997154   0.880690642778   -0.441299916519
-0.564785957144   0.455290167318   0.688278786303
-0.624559452141   0.527113918853   -0.576260301629
-0.0265464943976   -0.751773188576   -0.658886824538
-0.780525657693   -0.396216456582   0.483520492988
-0.591529573097   -0.380040947612   0.711098915973
-0.513697508987   0.857414133083   0.0309172440702
-0.621456080041   -0.347001275009   -0.70241190447
0.566916968984   0.487957907656   -0.663703501674
0.0428786406312   -0.822072819035   -0.567765932986
-0.822658300849   0.293417471937   -0.486970097957
0.927644183407   0.356526291129   0.111199618657
0.339629447218   -0.929179493572   0.145874967018
0.155332514425   -0.09755342718   -0.983034790271
0.686509714579   0.727067500599   -0.00878847288327
0.3019933405   -0.274110715939   0.91305160847
0.661441161387   -0.629472848508   -0.407749205723
0.209980060173   -0.165926565383   -0.963523095374
0.795475165393   0.6019651068   0.0696941497221
0.568443173643   -0.781093072663   0.258391129669
-0.312923091744   0.281447259738   -0.90711999062
-0.258789064334   0.893682660013   0.366550857821
0.913842140403   0.349454934398   -0.206818475991
-0.166823592456   0.075540602722   -0.9830959732
-0.0394560540535   -0.996785793108   -0.0698969189488
-0.985204189486   0.0271288927234   0.169253739604
0.553440283534   -0.832321659104   -0.0307329359457
0.291634454949   0.159090815781   0.943207011448
-0.780162292252   -0.53097154118   0.330780936125
0.176456832323   0.880772868509   -0.439433878167
0.385983923788   0.348765559699   0.854036878183
0.9054719155   -0.320315052436   -0.278422101014
-0.464422336981   -0.632838779182   0.61953773272
0.197259551793   -0.755902313283   -0.624259879951
0.863365850568   -0.1677104888   0.475891385381
0.173586323004   0.452110672414   -0.874907839598
0.812527770221   0.436243517225   0.386639646072
0.556476783452   -0.77800227068   -0.291626568426
0.259909272549   0.524379321274   -0.810847408309
0.367209860024   0.722946817662   0.585239118486
0.893086843953   -0.44986023888   -0.00465667588094
0.281824213467   0.247324315538   -0.927041467716
0.769201887479   -0.63577034574   0.0642240019833
-0.573501225998   -0.731181885084   -0.369417867747
0.948950844639   0.298174409739   -0.1028802465
0.234119920604   -0.884404524114   -0.403754357894
-0.211376882653   0.359056736629   -0.909064996864
0.754625258614   0.559890994506   0.342144399027
-0.0372134319675   -0.48407915959   0.874232524146
0.655099897722   -0.67245031048   -0.344462892778
0.608773572985   0.0403261868052   0.792318370744
0.334618867724   -0.918576244293   -0.210350268269
0.719322469636   0.393180392003   -0.572698718209
-0.736494480532   0.525983980599   -0.42534321442
-0.209685289559   0.420300684519   0.882824701311
0.643123687359   0.739383679869   -0.199258068908
-0.760838533532   -0.452045774516   -0.465595470612
0.400954240505   -0.891598866262   0.210444630165
-0.510255055373   -0.0265680839822   0.859612644931
0.0359674881763   -0.983125637451   -0.179360922968
0.927434135994   -0.0340170557957   0.372436282684
-0.372252982652   -0.179741042208   0.910560748385
-0.633579558573   0.558489552721   0.53541234058
-0.625958749071   0.0366841928588   -0.778992889263
-0.454700560154   -0.82870000396   0.326349060018
0.990407662209   -0.136903904101   0.0187078406928
-0.001102649213   -0.143217562609   -0.989690592549
0.138171800402   0.980176517703   -0.14199472814
-0.472671049053   -0.880712611902   0.0305353564244
-0.851937933195   0.447814283068   -0.271414835908
0.225363862984   -0.154303436138   -0.961981436731
0.109163677353   -0.982131650045   -0.153299299016
-0.0586011384867   0.147594163602   -0.987310403393
0.992294895516   0.116761928989   -0.0414420960369
0.346720784358   -0.286694337049   0.893079527419
-0.85247706286   0.300833149683   0.427530419932
-0.391238472659   -0.909563499583   -0.140095238735
0.376011024981   0.259366067444   -0.889575715566
0.440549822842   0.794542991201   0.417872336061
0.815188054537   -0.549027029125   0.184493249431
-0.430029507953   0.216453795631   0.876482983464
-0.895060847203   -0.229182439244   -0.382546110777
0.118070935244   -0.949011697201   0.29229449949
-0.770530901457   0.627376421817   0.112610538326
-0.62232799875   -0.778669575155   0.0798857534989
0.137804825627   -0.00852625288675   0.990422704712
-0.586630570635   -0.754763123508   -0.293593732865
0.775601211075   -0.627918668691   0.0645057201504
-0.233039511592   -0.189870624232   0.953751400729
0.0347602902762   -0.739139058327   0.672655327536
0.859387777114   -0.321457850157   -0.397639937176
0.510141535021   0.591893844829   0.624033089297
0.990063342968   0.136750834867   0.0327686757414
-0.0622596490537   0.217334818185   0.974109498866
0.126088512745   -0.96647027313   0.223689295592
-0.764566802855   0.109412365252   -0.635190000287
0.0310011679621   0.990588767984   0.133314737566
0.643798361072   0.0822364031157   -0.760763197639
0.740143453055   -0.555661007393   -0.378719501813
-0.41851206087   -0.821465752846   0.387351652045
-0.526341401656   -0.128197083812   -0.840553307808
0.0900121150717   0.925794099411   -0.367155388318
0.883809243283   0.0956886347332   0.457957292076
0.459106757916   -0.365717029099   -0.80961224597
-0.410010670641   0.848409485858   -0.334800353739
0.908207488101   0.413560087291   -0.0642391223015
0.0839588656099   -0.330407098264   -0.940095870445
-0.96366366437   0.254758859838   -0.080488145056
0.175785596335   0.377706512587   -0.90909081611
-0.201196029487   -0.890193580717   -0.408773395679
0.596485208788   0.730958223733   -0.331519938706
-0.800566553679   0.512276586758   -0.310911386842
-0.0574333329486   0.45085781849   0.890746113927
-0.643845397021   0.173099004318   -0.745318608465
-0.362527466725   0.78879304861   0.496366156059
0.673822624502   0.589781535584   -0.445107628611
-0.795530369139   0.470879939921   -0.381450698195
0.434109923966   0.00356633455344   -0.90088399509
-0.422825172959   -0.88222190002   -0.207295405272
-0.9736312292   -0.144511276097   0.176512711453
0.190438574939   -0.0888970033751   0.977665268757
-0.125592178893   0.985501252987   0.114074513785
-0.57319649891   0.521410045844   0.632121259217
0.69463819049   0.718390782184   0.0373156694816
-0.434653317685   0.460484786903   -0.773970410626
0.931952444668   0.362564506334   -0.00340852558315
-0.351400045353   0.900858484595   -0.254896050503
-0.0893456626002   0.23874875326   0.966962452542
0.997761038273   -0.0659581292475   -0.0110650651238
0.0150383561795   0.382471293826   -0.923844982016
0.0651671567851   0.921610128057   0.382606857091
-0.851159938815   -0.410389071964   0.327276334589
-0.513261235021   0.520079417331   -0.682701166465
0.109963149255   -0.749065275981   -0.653307975374
-0.342503061475   -0.796304414943   0.498588952147
-0.456304798797   -0.32290213309   -0.829168351092
0.821265849196   -0.511501224437   -0.252762562795
0.439881241886   0.303464215516   -0.845230121613
0.32373763275   0.824313445168   0.464436527265
0.83767441988   -0.477929715144   0.264357235209
0.155037609027   -0.411537876545   0.898109060895
-0.960803022801   -0.274306843858   0.040165414204
0.229827893149   -0.869133065353   -0.437934700618
0.0355522400576   -0.598632155599   -0.800234725001
0.998112083731   0.0613985601858   -0.00158706542807
0.050083341775   -0.798667510764   0.599684817619
-0.995873473765   0.0181293302376   -0.0890719692918
0.0889930968333   -0.00512003500381   -0.996025773383
-0.0185126185181   -0.99982920537   0.00347223280073
-0.566958555617   -0.134591140271   0.812676540687
0.335677064537   0.863184304247   0.377138913246
-0.752249189542   0.486619026038   -0.444210562404
-0.829663270684   0.54971316348   0.0973415264305
0.00422651537878   -0.168174691788   0.985748496126
0.558249112349   0.818250205587   0.137204364972
-0.929562207424   -0.0117370724941   0.368477278546
0.270239219416   0.658166114472   0.70270049199
-0.250766879722   0.752781148995   -0.608634384847
-0.577255584661   0.165753574575   -0.799564619565
0.529006691183   -0.670002504545   -0.520817157029
-0.622036774659   -0.72361892104   0.29907645351
0.301458234727   -0.106572953198   0.947504707282
0.723141777184   -0.622122366823   -0.300049670898
0.621441014713   0.775632671154   -0.110476583396
-0.247350704548   -0.811648125165   -0.529192691504
-0.222321639173   0.579135028084   -0.784331366689
0.943075115026   -0.0763539451072   -0.32369639261
0.948650674923   -0.120210172993   0.292594278658
-0.229802446824   0.373740265213   0.898615077336
-0.217376937663   -0.919710680644   0.326924362925
0.999955124497   -0.00355507985465   0.00878125267846
0.00363022607975   0.999956802855   -0.00855651107776
-0.0087504542731   0.00858800503266   0.999924835035
0.893807582138   -0.406798028599   -0.188741671696
-0.272054159295   -0.826450121887   0.492917403071
-0.356503280655   -0.389225379141   -0.849358499931
0.864327717578   -0.502909895328   0.00438605516815
0.502882543656   0.86433353618   0.00605716053724
-0.00683722051195   -0.00302970120356   0.999972036273
