-0.143219063207   -0.85781266439   0.493604826153
0.709362187505   0.258816551763   0.655606035712
-0.69014026004   0.444039885524   0.571432409308
0.776086121456   0.220516354216   -0.590815424838
0.255371034516   0.74672261558   0.614158746815
0.576607287011   -0.627517226124   0.523207569028
0.951125886692   -0.186702309617   0.245971127919
0.0888776048341   0.928332786536   0.360969541052
-0.295736909338   -0.321466150305   0.899554998728
-0.61169915241   0.732586829261   -0.298564924167
0.385809479551   -0.0532245767665   -0.921042021398
-0.690634144709   -0.678589638357   -0.250081659415
0.592799546044   -0.68676208943   0.420650111155
0.536210422815   0.726287226247   0.430099102024
-0.600888563676   -0.0294055712335   0.798791737033
0.229342159219   -0.948504197514   -0.218499534522
-0.815109240925   -0.0644665725353   -0.575709218425
0.531976676788   0.310135399657   -0.787919442004
0.947587377517   -0.198753724439   0.250150080484
-0.115317920787   -0.942935502321   -0.312365701267
0.297959532302   0.26714698427   -0.916433603736
-0.994970350167   0.0750935167497   0.0663838239076
-0.0963141455824   -0.533035586895   -0.840598448466
-0.0277386678693   -0.842759236048   0.537578070797
-0.986773983393   0.0765252738265   -0.14288438011
0.0669866307644   0.99526559195   0.0704214510277
0.147596933953   0.059918877925   -0.987228357533
-0.889046813339   -0.220544329122   -0.401193921347
-0.456911241845   0.372338371946   0.807834421891
-0.0287833408309   0.901512359875   -0.431795598641
0.891541979678   0.0369001196344   -0.451432477631
-0.449732272176   0.19049015725   -0.872613545568
0.0537939034917   0.980995360701   0.186425145483
0.195954124164   0.683468045762   0.703188045018
-0.372818468043   0.715167802516   -0.591220271513
-0.906977610595   -0.146309432313   0.394949585634
-0.44703894466   0.800326347403   0.399541400763
0.861558139376   0.265109693423   0.43293662811
0.240568422171   0.537767876632   -0.808041960277
-0.840202587234   0.522794289729   0.144032745599
-0.490576045373   -0.8459825564   0.208921865221
0.231072380185   0.104877703484   0.967267396789
-0.00622259898711   0.592729882004   -0.805377290067
0.51094688535   0.694205482418   0.506963541606
0.859589770022   -0.408350387713   -0.307173249427
0.735640401802   -0.676985684955   0.0228818787864
0.664696212685   0.714957410989   -0.216829066303
0.130430605509   0.174717719528   0.97594137914
-0.214497437888   -0.919920146316   0.32823382988
-0.963152408451   0.25504324574   0.0853825547168
-0.162258931255   -0.29782489311   -0.940729424752
0.112540575869   0.920985275323   0.372994605031
0.869369977528   -0.273048180193   0.41188178768
0.48118052217   0.27791525235   -0.8314067326
0.921328183529   -0.00802062950175   -0.388703002335
-0.0540192903493   -0.992730134305   -0.107555548708
-0.385014637114   0.120091420551   -0.915063496526
0.81538249723   0.129297199795   0.564299219416
-0.567470368794   -0.0144153511091   0.823267594755
0.114580781327   -0.991501077235   0.0616183105266
0.210350576165   -0.666604952857   -0.715115711708
0.976358694985   0.106010194762   0.188376080613
-0.0497628680064   -0.737834456939   0.673144839487
-0.501848641835   0.357066243159   -0.787814490539
-0.843498707546   -0.000417405235912   0.537131062222
0.191462539094   0.934078982544   0.301394369156
-0.291209580043   0.866814431019   0.404758942463
-0.17340170198   -0.463914663063   0.868743416968
0.940812898018   0.182800484005   0.285403429553
0.163864030395   0.75160337505   -0.638940232507
0.64195735273   -0.57303711219   -0.509437079865
-0.749028044453   -0.326692129809   -0.576399313611
-0.212858638699   0.429975295941   -0.877389541986
-0.911896472295   -0.409915622502   0.0203461028577
-0.350907377127   0.804419284308   0.479347068495
0.946956410573   0.187425940094   0.261046111778
-0.011248322407   0.831145045476   -0.555941890403
-0.321165114447   0.523516405896   0.789166356433
-0.0814475245377   -0.844102772071   -0.529959318866
-0.0260544755752   0.533347370009   -0.845494989259
0.996337058316   -0.0550556331404   -0.0654324934004
0.922997409773   -0.103302922141   0.370680841503
-0.105566490483   0.858358464668   0.502072165458
-0.370042559805   -0.502542783768   0.781357312599
-0.959389454348   -0.268599396359   -0.0861641851582
0.261766756166   -0.961566333677   0.0828636033284
-0.105109789721   0.0569436183022   0.992828962723
0.211292984024   -0.153117687589   0.965354800947
0.241406871789   -0.948880165432   -0.203342744931
0.947141826876   0.276008194462   -0.163527703481
-0.33505827574   -0.240724172671   0.910926911564
0.841385517042   -0.511558594916   0.174293520095
0.424035820694   0.824839191677   0.373943761879
0.637981195717   0.492005965362   -0.592376647845
0.188080376635   -0.845529474065   -0.499705435371
-0.746730028048   0.207388235593   -0.63196854747
-0.326751881844   0.0922335433983   0.940598830733
0.81278603256   0.535296881077   0.229861060418
-0.482298716751   0.839613134302   -0.249875394798
0.761417389579   -0.274458057262   -0.587295787004
0.498780095004   -0.330650213672   0.801179690472
-0.414079682497   -0.90296359528   -0.114868614091
-0.990981780729   -0.0859160713701   0.102827714076
-0.074990785852   -0.280361686971   -0.956960660849
0.11104725183   -0.956041710939   0.271390410197
0.743794465408   0.60943242069   0.274521308584
0.248748487789   -0.633588909949   0.732590936903
0.62039827053   -0.476610339399   -0.622855333783
-0.498055398794   0.396904974524   0.770978125431
-0.857798219379   -0.0953186483191   -0.505070863014
-0.126976547144   -0.912896929031   0.387938341883
0.384139624329   0.872184890551   -0.302870049954
-0.456529539781   -0.105696209156   -0.883407659731
-0.802507027865   0.477621011533   0.357576063343
0.722095120987   0.66960893895   0.173788719697
0.586309242504   -0.725700063787   0.360001355981
0.367178597374   -0.158061295176   -0.916622387316
0.617094529222   -0.78040329356   0.100821257444
-0.742777086685   -0.535403553993   0.402025833645
-0.259762249081   -0.322975650511   -0.910060287681
0.469968639967   -0.841895510392   0.265219563061
-0.811787177758   -0.294264882498   0.504390455464
-0.346599257177   -0.45234953644   -0.821735246941
0.647376509265   -0.697119968518   -0.308102938896
0.0242460215993   -0.385203091265   0.922513291285
-0.761784616476   -0.60468371208   -0.232469058384
-0.163543589245   -0.567845457317   -0.806724910724
0.351959503172   0.730339869594   -0.585429922985
0.921617085945   -0.379677788662   0.0804161902339
0.890953222993   0.447608813857   0.0764767762433
0.316995397424   -0.492485157922   -0.810538211875
-0.325140378236   0.74639441628   -0.580671171906
-0.231861809943   0.796381525007   0.558584518061
0.628834954706   0.560825589851   -0.538554817794
-0.742163591757   0.226387187483   -0.6308265781
0.113563265045   -0.0677407002028   0.991218723296
0.880496629519   -0.455305683115   -0.131993861067
0.460248894929   0.887754409445   0.00793947723981
0.0584005509929   -0.687243710683   -0.724075609563
0.96886246331   0.213837486386   -0.124816193454
0.240613660099   -0.694240330927   0.678332838612
0.151358075275   -0.508953515391   -0.847382470058
0.983747359414   -0.00621873211347   0.179450433963
-0.0966015747053   -0.860771540291   0.499740422831
-0.394619079723   0.343208231165   0.852340238822
0.527665145828   0.844058760167   -0.0955735435511
-0.752226871717   0.412035093663   -0.514180712395
-0.121385285508   -0.99257294243   0.00802093030674
-0.961375394518   0.119573576116   0.247909921691
-0.247027796379   0.0223815194374   -0.968749673386
0.467795925144   0.173539807086   -0.86663193383
-0.231134752746   0.970431787623   0.0695619989465
0.853078952648   0.167767937882   0.494075116232
-0.812350745633   -0.372964498555   -0.448312088583
-0.379177716529   -0.246263615685   0.891952059835
-0.443069413569   0.894567884833   0.0586326166663
-0.700480054423   -0.138753130372   -0.700062080674
-0.330811842616   -0.806053839861   0.49076787816
-0.632378741555   0.575358283385   0.518713091775
0.0563329570815   -0.32447397203   -0.944215740236
0.671833579831   -0.687257888925   0.276254335826
-0.738556946787   -0.649918039853   0.179277121437
-0.899805450859   0.419832144576   0.118705232859
-0.43626099388   -0.862602071944   -0.256112915946
-0.00512904930095   -0.282238287402   0.959330619723
0.487013014479   -0.867976191471   0.0971376040742
-0.542227628659   -0.213286081841   0.812710518206
-0.684695247395   -0.448471313154   -0.574513778477
-0.593219485289   -0.189330526966   -0.782459214325
-0.432937988419   -0.744404846945   0.50835395562
-0.678714349861   0.640322573059   0.359628921001
-0.341252313407   -0.891241024441   -0.298724545015
0.937661041313   -0.345035461019   -0.0417416010249
-0.0658687258496   -0.294346778487   0.95342607841
0.64679833777   0.354809473906   -0.675101596034
-0.547116983976   -0.40083407605   -0.7348436015
-0.531333166278   0.844655166353   -0.0651365419118
0.761656435789   -0.582669958758   0.283506608409
-0.51685570209   -0.810181304212   -0.276536695584
0.390820241375   0.0640943051141   -0.918236314888
-0.694969630951   -0.352586171215   -0.626658625903
-0.622342458552   -0.141570509149   0.769836485166
-0.360149838033   0.925008833188   -0.121042559919
-0.896574472939   0.18837432493   0.40082485783
0.10055594076   -0.794810364407   0.598461941978
0.431316537736   0.576873735687   0.693672345002
0.566727856458   0.148277544862   0.810452542789
-0.379899701589   -0.825832752744   0.416745192958
0.731092176921   -0.54407178645   -0.411691848028
-0.442674372489   -0.46624741914   0.765932883046
0.405227621773   -0.866005071159   -0.292961357223
0.799894000314   0.180690692676   0.572294147682
0.804702692783   0.135205038604   0.578077133809
0.171499007163   0.879268179896   -0.444382220239
-0.568367544498   0.456735223799   0.684361942158
-0.626001146932   0.525035761437   -0.576592608676
-0.0254114976611   -0.752731518755   -0.657836198039
-0.7794073665   -0.397154449649   0.484553599202
-0.592255540644   -0.377835009111   0.711669796789
-0.514183971895   0.857247939882   0.0272175752756
-0.620361214792   -0.349809461347   -0.701986545932
0.567856022468   0.490035977317   -0.661365474162
0.0456793570054   -0.821001028605   -0.569096438936
-0.821859444079   0.292954094358   -0.488594917277
0.927259288412   0.35817801939   0.109082288653
0.341548323497   -0.928531983493   0.145530486372
0.153411805243   -0.0976876971455   -0.983325036349
0.687952943929   0.725672157366   -0.0109836336793
0.301508368809   -0.272004685693   0.913841367763
0.660161664839   -0.631991504627   -0.405922645105
0.213214803373   -0.168198344833   -0.962418198515
0.794933440559   0.602550879263   0.0708044865355
0.567996740412   -0.780154963471   0.262179249273
-0.31120061895   0.280831303297   -0.907903022979
-0.263525162043   0.892377176052   0.366357011861
0.913076452996   0.353265835113   -0.203702210327
-0.168924564171   0.0729336724834   -0.982925915394
-0.0299625540866   -0.997175991389   -0.068841738824
-0.985172533664   0.0178218705466   0.170634613874
0.553527846681   -0.832096041678   -0.0349726412731
0.295187561275   0.156752429786   0.942492945116
-0.778762615873   -0.532019572336   0.332391246477
0.178687121545   0.882155946204   -0.435742768849
0.381604782054   0.346067906499   0.857096706153
0.906889554654   -0.319433655023   -0.274797044812
-0.464054129125   -0.63122126666   0.621460795741
0.193865580287   -0.756939916008   -0.624065823289
0.864332080226   -0.169120452734   0.473633131209
0.176417903215   0.454843553896   -0.87292270145
0.811629000302   0.434525355985   0.39044342181
0.556897716908   -0.777370594533   -0.292506165444
0.25915544302   0.52571203284   -0.810225477018
0.365304221436   0.723214686942   0.586100115726
0.894086847506   -0.447869823029   -0.00461980233971
0.282026123997   0.246748062246   -0.92713351772
0.769446002715   -0.635400463288   0.0649528564682
-0.573074179151   -0.731697627736   -0.369058771827
0.949158718717   0.297650906304   -0.102477782446
0.234557229141   -0.885815224307   -0.400394122393
-0.209953957277   0.356000681131   -0.910595423164
0.75418388292   0.560047292239   0.342861065477
-0.0372934182226   -0.48475354109   0.873855399843
0.655603447765   -0.671834123377   -0.344707237063
0.609525445952   0.0367996616235   0.791911978985
0.335188396083   -0.917205208061   -0.21536869205
0.718420167233   0.396712388625   -0.571394796027
-0.736731063652   0.527133737699   -0.423505914786
-0.209627206429   0.417407138297   0.884210201714
0.642871426961   0.740203532193   -0.197015198984
-0.760918908121   -0.450520533613   -0.466941336186
0.401094716498   -0.892276785446   0.207281824495
-0.510025480779   -0.029563070913   0.859651137045
0.0365448713163   -0.9828942021   -0.180508837069
0.926527599467   -0.0343563646034   0.37465480992
-0.374447673524   -0.180938129338   0.909423076077
-0.633208577462   0.559174291882   0.53513635239
-0.62694955608   0.0348651415553   -0.778279269306
-0.453851361662   -0.82831665334   0.328497222285
0.99077850411   -0.13455772387   0.0158800174429
-0.00314248852607   -0.139992503853   -0.990147590033
0.13545508766   0.980967045435   -0.139124409774
-0.472477736048   -0.880758713161   0.0319552689934
-0.85279269067   0.447726238574   -0.268854866876
0.222489722832   -0.154280270591   -0.962645109192
0.10910287267   -0.982291239069   -0.152317035594
-0.0556570913059   0.146954707771   -0.987576122025
0.992471080622   0.116224912366   -0.0386382902381
0.348511761758   -0.289840049342   0.891365424208
-0.851743108825   0.299025908074   0.430252491316
-0.391245767065   -0.909162403265   -0.142655222158
0.381044403328   0.256798884075   -0.888177622784
0.440816452902   0.793970247533   0.418678992564
0.812702904712   -0.551058596795   0.189336746116
-0.43208355258   0.212093269581   0.876538713196
-0.893824750429   -0.229959672462   -0.384962011704
0.119920749882   -0.949807812104   0.288936096477
-0.770650660546   0.627465202598   0.111288264871
-0.621955201836   -0.778627629962   0.0831314632644
0.138814211369   -0.00515100034206   0.990305045155
-0.588585854568   -0.753740375256   -0.292304968495
0.773586923862   -0.630122924358   0.0671448359223
-0.23479782607   -0.186602798667   0.953965082185
0.0356934636699   -0.737109841945   0.674829676506
0.857970891355   -0.323660184572   -0.398911120662
0.512456789371   0.593222735158   0.620866200703
0.99030296836   0.134455741825   0.0349525985844
-0.0641718940111   0.219580883074   0.97348147785
0.123215253425   -0.966284571535   0.226079880084
-0.763485090034   0.112029575326   -0.636034360552
0.0301371128792   0.989946996484   0.138190801184
0.645121762133   0.0863383886625   -0.75918601895
0.738038705885   -0.558076780156   -0.379274500111
-0.416685711459   -0.819059577939   0.39435291287
-0.530727667311   -0.133009433779   -0.837040277334
0.0903275062622   0.924698234702   -0.369829702561
0.882606388236   0.0976990616043   0.459848616636
0.461353224333   -0.36795103141   -0.807319656264
-0.407002404423   0.848856603049   -0.337326651744
0.909307156943   0.411558258899   -0.0614764745877
0.0866446585138   -0.331754924689   -0.939376540666
-0.962193775078   0.260243661035   -0.0802320629697
0.179251156081   0.383432858053   -0.906003441374
-0.205019438301   -0.886141325991   -0.415579997762
0.59640531178   0.730735592093   -0.332153889336
-0.800746508394   0.51290700268   -0.309404985667
-0.0557291759031   0.450501842737   0.891034427346
-0.644132403043   0.175556002897   -0.744495647952
-0.363008351285   0.786560482415   0.499547369725
0.673289400533   0.592032708174   -0.442920827841
-0.796340046129   0.469710996234   -0.381129030683
0.433443715656   0.00359485548422   -0.901187388512
-0.421917412975   -0.882827131363   -0.206475975901
-0.973489157198   -0.14270527434   0.178756612575
0.19231443334   -0.0875646964712   0.977418797694
-0.123830047214   0.985884147368   0.112687643064
-0.573737089283   0.521517226075   0.631542034515
0.69403315482   0.719003570962   0.0367669733332
-0.434906355969   0.459405717449   -0.774469256748
0.931014627822   0.364950446209   -0.00478876362045
-0.35432568399   0.90060718926   -0.251714117506
-0.0875503861201   0.236046307108   0.967789785904
0.997852405631   -0.0639125499395   -0.0143444253319
0.0113056265297   0.383751234106   -0.923367301672
0.0645194496772   0.92122211054   0.383649663536
-0.853966860288   -0.401546501623   0.330920563255
-0.510406189667   0.522791696701   -0.682771023765
0.101160929714   -0.751964863792   -0.651399962273
-0.341935263222   -0.797697253941   0.49674832865
-0.449113078831   -0.325613880254   -0.832029196758
0.825455785239   -0.507596525688   -0.246917155808
0.44060607571   0.300599018325   -0.845876183174
0.328104535331   0.823152901495   0.463429298795
0.835591826775   -0.481725576722   0.264058268408
0.155726283113   -0.410734091795   0.898357867936
-0.959943597114   -0.277383687465   0.0395805899475
0.232932701448   -0.868536607506   -0.437477503645
0.0361368520385   -0.597105399639   -0.801348389022
0.998006626099   0.0630774451973   -0.00199547588402
0.0517385072182   -0.799678903926   0.598194588218
-0.996167467558   0.0181651655553   -0.0856200721475
0.0855236295579   -0.0060252704581   -0.996320552312
-0.0186139405134   -0.99981946417   0.0044434035623
-0.569711243844   -0.133978489948   0.810850563362
0.33459528892   0.863340847014   0.377741386093
-0.750649628326   0.486510355867   -0.447026397528
-0.828131633994   0.551950344575   0.0977214264625
0.00370608036582   -0.168941123534   0.98561939199
0.560522011196   0.816584434104   0.137859529045
-0.929969621589   -0.0116711773748   0.36745132367
0.269734190514   0.65747224662   0.70354370503
-0.249800236422   0.753388387247   -0.608281133289
-0.578909737234   0.168181820547   -0.797857927201
0.532107545769   -0.663504969082   -0.52594822596
-0.617838131307   -0.729023217663   0.294619570851
0.301244447701   -0.102646480128   0.948006052772
0.724708420411   -0.621485178604   -0.297580010227
0.619717259208   0.776672297188   -0.112830185072
-0.246764971163   -0.812986812179   -0.527408345495
-0.224623626654   0.577401795541   -0.784953130325
0.942683057036   -0.0752305368986   -0.325098593356
0.94917368987   -0.121866966398   0.290202946704
-0.227042118819   0.373473315115   0.899427359708
-0.217993541319   -0.91960107743   0.326822110257
0.999897457459   -0.00620885488893   0.0129044445874
0.00638534065951   0.999886029843   -0.0136804514232
-0.012818033929   0.0137614478689   0.999823144642
0.894227844144   -0.404780332354   -0.191074472939
-0.264180902747   -0.8218692902   0.504717221762
-0.361337822949   -0.400853970741   -0.841873640771
0.863090842675   -0.505008279312   0.00639044950703
0.504947126877   0.86310193149   0.00913551559145
-0.0101291202848   -0.00465794077669   0.999937850324
