-0.143348080892   -0.857732423778   0.493706813473
0.709288290505   0.258860418902   0.655668670118
-0.6901894301   0.444169306934   0.571272419817
0.776203833404   0.220571628659   -0.590640135234
0.255323207824   0.746583963577   0.614347173086
0.576470009858   -0.627662764678   0.523184278699
0.951159336264   -0.186454104424   0.246030048359
0.0885444039696   0.928281346907   0.361183652118
-0.295729278695   -0.321758619115   0.899452937188
-0.611786775694   0.732608785997   -0.298331665741
0.385291060577   -0.0534008013895   -0.921248860788
-0.690846013771   -0.678552158308   -0.24959792064
0.592626969283   -0.6869025313   0.420663991716
0.5362798489   0.726155645628   0.430234710506
-0.600996842835   -0.02937507368   0.798711401565
0.229361666636   -0.948497902661   -0.218506176541
-0.814981173783   -0.0644053402775   -0.575897240095
0.532164360812   0.310167170115   -0.787780050063
0.947588645938   -0.198812769478   0.250098482261
-0.115348772829   -0.942889279442   -0.312497743619
0.297943667064   0.267270765054   -0.91640399212
-0.994988797851   0.074983435944   0.0661634677412
-0.0960722237077   -0.533140493002   -0.840555480526
-0.0277533414451   -0.842698565529   0.537670470702
-0.986800428138   0.0764744897273   -0.142738679768
0.0669695307401   0.995278667836   0.0702527578663
0.147437309502   0.0597663823258   -0.987262873831
-0.88898850576   -0.220617322294   -0.401280662941
-0.457018254367   0.37222684131   0.807824903029
-0.0288528771715   0.901540213126   -0.431731164165
0.89145851528   0.0369008961074   -0.451597211278
-0.449880335952   0.190732595323   -0.872484254336
0.0539388606786   0.980948222184   0.186631182898
0.196078535928   0.683399788564   0.703219689449
-0.372722842271   0.71525746714   -0.591172087248
-0.906990013996   -0.146189886387   0.394965350106
-0.447186520447   0.800212400587   0.399598795308
0.861453014047   0.265119764461   0.433136939912
0.240661147369   0.537930309682   -0.80790270582
-0.84020067757   0.522881326183   0.143728428715
-0.490775737062   -0.845948408186   0.208591436622
0.230655410522   0.104720247564   0.967383972344
-0.00600993148441   0.592543999577   -0.805515640409
0.510809580708   0.694324116736   0.506939424694
0.859672850935   -0.408418433249   -0.306849992243
0.735692237502   -0.676922502229   0.0230838865498
0.664657113841   0.714964559865   -0.216925351125
0.130337488324   0.174933166999   0.975915225296
-0.214380625922   -0.919954889992   0.328212843637
-0.963185006359   0.254918597874   0.0853872478953
-0.162219955225   -0.297824342454   -0.940736363004
0.108824577444   0.921110252161   0.373792879558
0.868764141817   -0.270889539403   0.414583085748
0.483129464365   0.279617904398   -0.829708489555
0.921454118015   -0.00789754506299   -0.388407037413
-0.0539001603062   -0.992723780377   -0.107687232924
-0.384729997074   0.120164038705   -0.915175183392
0.815370363025   0.129378998221   0.564298007693
-0.56747343248   -0.0144226901982   0.823265367349
0.114651951994   -0.991490310828   0.0616593131991
0.21031774254   -0.666739692567   -0.714999736474
0.97636992705   0.106084154479   0.188276154915
-0.0496810462335   -0.737702058634   0.673295970356
-0.501721714548   0.357396350323   -0.787745659901
-0.843456818641   -1.6722224528e-05   0.537197013467
0.191979090022   0.93395282802   0.30145674566
-0.291010488152   0.866909266695   0.404699025544
-0.173323183075   -0.463778854151   0.868831595777
0.940888969096   0.182695350049   0.285219919359
0.158499368692   0.747648647661   -0.644904780971
0.63689618432   -0.576527906434   -0.511843659704
-0.754482555972   -0.329609134024   -0.567555258019
-0.212563376244   0.430042332026   -0.877428324497
-0.911954188732   -0.409800595416   0.0200773613388
-0.350936503684   0.804442126849   0.479287451409
0.946917412763   0.187408806811   0.261199833971
-0.0111548453021   0.831164490134   -0.555914707566
-0.321283338446   0.523491673087   0.78913464475
-0.0814172394789   -0.844084955967   -0.529992234853
-0.0260082932475   0.533375856409   -0.845478410357
0.996340679976   -0.0550523460745   -0.0653791874633
0.923016100552   -0.103266787667   0.370644367791
-0.105528850992   0.858424141883   0.50196777967
-0.370006673478   -0.502438016858   0.781441678612
-0.959338165334   -0.268620732225   -0.0866521720705
0.261734125219   -0.961552769567   0.0831079179168
-0.105645370942   0.0570489311338   0.992766064144
0.211350446826   -0.152895808665   0.965377640603
0.24137179509   -0.948934189971   -0.203135121489
0.94713820207   0.275947626805   -0.163653057643
-0.335026316428   -0.240680522946   0.910950257745
0.84146911678   -0.511399626254   0.174356767558
0.423895283904   0.82495056989   0.373857461196
0.63793990022   0.492052438272   -0.592382647942
0.188023077859   -0.845484471548   -0.499803903191
-0.74677983756   0.207463291795   -0.631885588636
-0.326751900052   0.0923569547858   0.9405867251
0.812778641554   0.5353399048   0.229787000748
-0.482311180012   0.839572140309   -0.249989091055
0.761327322257   -0.274748651774   -0.587276662081
0.498684824912   -0.330729204464   0.801206333626
-0.414359921902   -0.902846233856   -0.114780187836
-0.990998762803   -0.0856118139562   0.102917955818
-0.0751777452168   -0.280220034895   -0.956987493096
0.110769106446   -0.956110544147   0.271261581645
0.743753827989   0.609388198988   0.274729431007
0.248766642348   -0.63380386563   0.732398647702
0.620439678762   -0.476380776727   -0.622989504267
-0.498152294187   0.396946134707   0.770894299128
-0.857730445722   -0.09531500202   -0.505186604581
-0.127054070256   -0.912879394612   0.387954196781
0.38409543696   0.872125926797   -0.303095760866
-0.456417438204   -0.106011471886   -0.883427783625
-0.802591922804   0.477658763749   0.357334978712
0.722189880503   0.669502719392   0.173804920404
0.586161776533   -0.725773263439   0.36009608277
0.367228012769   -0.158180042422   -0.916583051303
0.616988536346   -0.780504216821   0.100689397669
-0.742856731088   -0.535379480868   0.40191150014
-0.259786574626   -0.322772589282   -0.910125813843
0.469942002535   -0.841916230315   0.265201051953
-0.811804500217   -0.294260779591   0.50436504849
-0.346594850299   -0.452313729443   -0.821756884658
0.647360325237   -0.697138658259   -0.308094632686
0.0241690049882   -0.385246671226   0.922497084129
-0.761800807775   -0.604634354126   -0.232544264263
-0.16362244236   -0.567931517671   -0.806648327688
0.35195110767   0.730257284752   -0.585537978654
0.921606288573   -0.379707911258   0.0803976380812
0.891002837229   0.447511261137   0.0764696449603
0.316940700444   -0.492532970898   -0.810530534368
-0.325057730023   0.746421346087   -0.580682806237
-0.231952851492   0.796414611662   0.55849951379
0.628893492545   0.560802605809   -0.538510386012
-0.742085517719   0.226327698567   -0.630939731259
0.11363901672   -0.0675890873237   0.991220432479
0.880475664599   -0.455346988107   -0.131991732399
0.460270392854   0.887744855602   0.00776531949107
0.0581585481299   -0.68741343789   -0.723933938066
0.968877272082   0.213644961349   -0.125030638085
0.240612578471   -0.69413153957   0.678444538759
0.151407975813   -0.508802474643   -0.847464281473
0.983779906129   -0.00586595367795   0.179283954469
-0.0961912827227   -0.860863335165   0.499661465287
-0.394372294216   0.343069627097   0.852510290457
0.527778758815   0.843996894526   -0.0954925740477
-0.752276642011   0.412277189422   -0.513913854507
-0.11378454121   -0.993452137863   0.0103293181274
-0.963964110767   0.112911029307   0.240883588869
-0.240472531052   0.0174516477473   -0.970499746789
0.467824363525   0.173177582801   -0.866689038924
-0.231163220822   0.970455617049   0.0691336437957
0.853055643388   0.168004226674   0.494035069164
-0.804387671057   -0.369264224468   -0.465932803117
-0.38641298741   -0.271136663882   0.881767756928
-0.451812403165   0.889085657586   0.0751190967458
-0.700514454744   -0.138623483585   -0.700054480024
-0.330846510934   -0.806092775281   0.490682272735
-0.632323755213   0.57533645493   0.518804761535
0.0562561014213   -0.324418399525   -0.944239327076
0.671794172334   -0.687328411207   0.276174152257
-0.738598534229   -0.649870967505   0.179276017802
-0.899789562808   0.419825059156   0.118848987232
-0.436294156332   -0.862551432447   -0.25622620146
-0.00505679861531   -0.282402862713   0.95928256498
0.486991480566   -0.867994963165   0.0970772221674
-0.542276023861   -0.213357244029   0.812659381883
-0.684672152997   -0.448400826199   -0.574596009423
-0.593305828   -0.189264023847   -0.782411014398
-0.432984436102   -0.744353177744   0.508392039146
-0.678610598405   0.640403869953   0.359680979688
-0.341217851122   -0.891294900109   -0.29860312434
0.937685068916   -0.344957055203   -0.0418495935203
-0.0657049188212   -0.294275513739   0.953459378935
0.646826044515   0.354779081645   -0.675090992227
-0.547061664758   -0.400907034964   -0.73484487529
-0.531356358304   0.844633209751   -0.0652310536232
0.763210525263   -0.580407654194   0.28396578638
-0.515108977703   -0.811843201318   -0.274904957919
0.390092750472   0.063536995144   -0.9185804472
-0.695029556825   -0.352792638498   -0.626475735504
-0.622281449991   -0.14128375689   0.769938365122
-0.360139264662   0.92497386088   -0.12134022
-0.896600047207   0.188272227832   0.400864759172
0.100639966615   -0.79486162368   0.598410882869
0.431289443459   0.576868750968   0.693697922107
0.566793887284   0.148277138025   0.810406448548
-0.379826362579   -0.825862303764   0.416753554402
0.731079103653   -0.544027095976   -0.411774170983
-0.442655698933   -0.466216855843   0.765962135693
0.405351525944   -0.86598698909   -0.292842887628
0.799841415784   0.180855355871   0.572315572402
0.80456443901   0.135263164207   0.578255950932
0.171559323236   0.879260420284   -0.444374296016
-0.568545043941   0.456732955629   0.684216009875
-0.626094888002   0.524906298961   -0.57660970599
-0.0253425511764   -0.752790749351   -0.657772028654
-0.779335056846   -0.397214883774   0.484620742188
-0.592301735148   -0.377686757966   0.711710038888
-0.514215041324   0.857237050631   0.0269724572657
-0.620291349185   -0.349996192882   -0.701955202423
0.567919481558   0.490187345746   -0.661198740952
0.0458708728874   -0.820919389212   -0.569198554078
-0.821804886811   0.292929167232   -0.488701388031
0.927221323764   0.358297681782   0.10901095218
0.341682440016   -0.928486646586   0.145484190168
0.153341862028   -0.0976489151696   -0.983336643673
0.688036354023   0.725590725267   -0.0111390903558
0.30148981961   -0.271855789465   0.913891862466
0.660083228539   -0.632149149344   -0.405804884326
0.213415051818   -0.168350862853   -0.96234713939
0.794904050834   0.602582223942   0.0708676263124
0.567962656944   -0.780097851214   0.262422895402
-0.311082438983   0.280782134079   -0.907958742217
-0.263848095394   0.892290483893   0.366335737133
0.913023475571   0.353523808146   -0.203492066105
-0.168988506115   0.0729678554079   -0.982918295827
-0.0294580812016   -0.997192610733   -0.0689627479919
-0.985182676282   0.0173011917464   0.170653788001
0.55353320791   -0.832080118428   -0.035265754597
0.295427657594   0.156587050201   0.942445230344
-0.778667770015   -0.532093215129   0.332495606127
0.178815983614   0.882246257397   -0.43550704517
0.38131490502   0.34590300118   0.857292282622
0.906986101488   -0.319362890679   -0.274560662584
-0.464043199483   -0.631098167668   0.621593970219
0.19363643073   -0.757020822934   -0.624038835958
0.864389318387   -0.169217726186   0.473493913494
0.176593022973   0.455022099168   -0.872794236336
0.811563136727   0.434428025667   0.390688566053
0.556938205566   -0.777320506489   -0.292562202913
0.259097737441   0.525801767179   -0.810185678904
0.365190048285   0.723227859775   0.586154996868
0.894150189455   -0.447743177895   -0.00463087036048
0.282035044215   0.24672160389   -0.927137864268
0.769461669942   -0.635377867872   0.0649888932778
-0.57304878298   -0.731726224713   -0.369041598083
0.949171449404   0.297625176448   -0.102434440118
0.234599582691   -0.885902529637   -0.400174666702
-0.209848983747   0.355803291739   -0.910696130417
0.752426047257   0.564343875237   0.339663127338
-0.0324779022854   -0.483260661976   0.874873908332
0.657875547086   -0.66930946512   -0.345289209263
0.609565951265   0.0365754959499   0.791891240408
0.335234552375   -0.917112834858   -0.215690963514
0.71836432152   0.396947137468   -0.571302271377
-0.736750289823   0.52720408209   -0.42338497749
-0.209619223398   0.417223312112   0.88429886346
0.642852054923   0.740257086803   -0.196877277098
-0.760923966017   -0.450409018268   -0.467040492367
0.401090032588   -0.892326567642   0.207076069712
-0.510021461319   -0.0297561615715   0.859646852325
0.0365784802893   -0.982876425212   -0.180598802411
0.926465684945   -0.0343894707582   0.374804852326
-0.374597556436   -0.181028383057   0.909343385827
-0.633173323462   0.559227224399   0.535122689345
-0.627019587945   0.0347538075167   -0.778227803324
-0.45380372133   -0.828285572146   0.328641335162
0.990801260168   -0.134410756722   0.0157038702028
-0.00326891274925   -0.139783828965   -0.990176661799
0.135285539772   0.981016949823   -0.138937371041
-0.47245942948   -0.880771511794   0.0320560399347
-0.852859729529   0.447705582884   -0.268684717561
0.222297834968   -0.15428136542   -0.962697360999
0.10910313522   -0.98230226302   -0.152245810638
-0.0554478425663   0.146907576813   -0.987594915346
0.99248277544   0.116191411599   -0.0384384707085
0.348638258268   -0.290038191702   0.891251493862
-0.851695620443   0.298898663041   0.430434865497
-0.391236435005   -0.909141051032   -0.142816750458
0.381369612884   0.256630207615   -0.888086805173
0.440839315968   0.793930281659   0.418730714854
0.812537958793   -0.551194748346   0.189648198775
-0.432211819218   0.211819170101   0.876541825341
-0.89374609472   -0.23001646309   -0.385110809366
0.120045202182   -0.949855281869   0.288728397474
-0.770656153966   0.627474858533   0.111195281946
-0.62193320774   -0.778621286595   0.083354505697
0.138881870412   -0.00491837553152   0.990296741201
-0.588714436167   -0.753673144883   -0.292219058823
0.77345197528   -0.630268915821   0.0673276126476
-0.234919623684   -0.186380675426   0.953978516852
0.0357485328383   -0.736974742061   0.674974272122
0.85788080489   -0.323806599936   -0.398985970972
0.512603709568   0.59331063533   0.620660877929
0.990318218519   0.134306160901   0.0350953176141
-0.0642953084969   0.219718501898   0.973442294994
0.123028206033   -0.966274103722   0.226226491335
-0.763418238965   0.112193030505   -0.636086086768
0.0300667725637   0.989903969774   0.13851397374
0.64520444439   0.0866190258538   -0.759084028472
0.73790940633   -0.558224158703   -0.379308861609
-0.416551815688   -0.818905331227   0.394812197163
-0.531012249107   -0.133333697245   -0.836807101284
0.0903428435893   0.924628370336   -0.370000908409
0.88253062301   0.0978311486546   0.459966183122
0.461495389904   -0.368091791455   -0.807174507883
-0.406804691702   0.848883948279   -0.337498993152
0.909379086448   0.411428078526   -0.0612898017313
0.0868285964199   -0.331847562924   -0.939328173766
-0.962225046924   0.260176475154   -0.0801634350288
0.179216424929   0.383688276529   -0.905904638418
-0.204937667536   -0.886053013452   -0.415820890824
0.596386483634   0.730743746349   -0.332169743432
-0.80075301688   0.512825537848   -0.309523137506
-0.0558369701635   0.4505813399   0.890987479522
-0.644148054757   0.175715655323   -0.744444230838
-0.363036125663   0.78641955511   0.499748981506
0.673259218888   0.592172509939   -0.442779485926
-0.793053205879   0.470780598907   -0.386718253961
0.441042679338   0.00564705357639   -0.897505058136
-0.420317422024   -0.882269574489   -0.212164920795
-0.97356153668   -0.141947490258   0.178964756857
0.193191992956   -0.0936451396472   0.976681722318
-0.121878332961   0.985434545194   0.118592679391
-0.573780290416   0.521511355721   0.631507963239
0.693981150471   0.719055570559   0.0367326711313
-0.434932827653   0.459331070353   -0.774498970423
0.930957661205   0.365094478987   -0.00488417789677
-0.354506585933   0.90059492714   -0.251503198389
-0.0874237628501   0.235870302673   0.967844143625
0.997857570034   -0.0637850247225   -0.0145513089511
0.0110710796067   0.383837474112   -0.923334304245
0.0644802385804   0.921195026485   0.38372129827
-0.85048613183   -0.411078813962   0.328159009536
-0.514580968313   0.520964489236   -0.681030565984
0.108997953554   -0.748071128614   -0.65460655098
-0.341896089801   -0.797708332641   0.496758102156
-0.448779910905   -0.325841439417   -0.832120230849
0.825653551794   -0.507433643992   -0.246591630446
0.440643595192   0.300401303875   -0.845926877195
0.328400466549   0.823078692548   0.463351486849
0.835455778902   -0.481975646091   0.264032425865
0.15578647155   -0.410678724146   0.898372726327
-0.959885219431   -0.277588849094   0.0395574037518
0.23313287068   -0.86849721255   -0.437449022393
0.0361678689985   -0.597004667979   -0.801422067751
0.998000725049   0.0631703889058   -0.00201822944523
0.0518310434919   -0.799746801719   0.598095815067
-0.996164957419   0.0183193455043   -0.0855015737228
0.0854040435108   -0.00604078552145   -0.996325745579
-0.0187687740885   -0.999811604019   0.00445772706346
-0.569891503033   -0.133946224755   0.810729405199
0.334515452677   0.863353251368   0.377783777649
-0.750548580374   0.486497255499   -0.447210607067
-0.828034596181   0.55209269722   0.0977365507424
0.00366303998065   -0.168988171757   0.985611295634
0.560665106648   0.816478228503   0.137905672808
-0.929998036913   -0.0116702666642   0.36737997849
0.269695430608   0.657427991314   0.703599968799
-0.249737098622   0.753427067645   -0.60825942569
-0.576900917201   0.164636640985   -0.800051765472
0.530157207687   -0.669659414797   -0.520088917901
-0.621386663944   -0.724191910913   0.299041633883
0.301216377647   -0.102618057883   0.948018090984
0.724847692394   -0.621330694389   -0.297563707385
0.619568066856   0.776799762692   -0.112772581521
-0.246727573413   -0.813078322024   -0.527284663476
-0.224769734354   0.577281637948   -0.784999660311
0.942657965861   -0.0751634380791   -0.325186691954
0.949209582417   -0.121982665671   0.290036889303
-0.226851457669   0.373449458067   0.899485357841
-0.218035740268   -0.919595412175   0.326809858659
0.999892944115   -0.00638485285937   0.0131656357009
0.00656948280037   0.999880015835   -0.0140283937181
-0.0130744868037   0.014113383313   0.999814917976
0.892293573875   -0.407651254329   -0.193991412104
-0.268536576423   -0.824677366743   0.497791063207
-0.362905387462   -0.392081994397   -0.845323601264
0.863008205556   -0.505147832224   0.00651948252284
0.505084079913   0.863019707646   0.00933034529766
-0.0103396456171   -0.00475927770281   0.999935218404
